 Elev(m)    Area(m2)     Peri(m)      Radi(m)   Conv(m3/s)    topWidth(m)    newI1(m3)    dPdA(1/m)
   -39.63        0.00        0.00         NaN                 NaN               0.000           0.000             NaN
   -38.68       35.19       62.26        0.57             962.134              62.199          16.666           1.769
   -37.74      103.01       79.96        1.29            4877.958              79.793          82.122           0.261
   -36.79      187.08       98.73        1.89           11458.273              98.449         219.522           0.223
   -35.84      301.57      174.91        1.72           17344.180             174.516         450.972           0.665
   -34.89      475.83      192.53        2.47           34792.445             192.013         819.195           0.101
   -33.95      665.29      208.43        3.19           57691.562             207.790        1359.698           0.084
   -33.00      868.33      221.50        3.92           86355.367             220.709        2086.111           0.064
   -32.05     1083.62      234.69        4.62          120188.086             233.739        3010.668           0.061
   -31.10     1309.99      245.11        5.34          160175.344             243.924        4144.421           0.046
   -30.16     1545.86      255.74        6.04          205184.703             254.306        5497.122           0.045
   -29.21     1791.79      266.28        6.73          255453.344             264.604        7078.027           0.043
   -28.26     2047.06      276.40        7.41          311114.594             274.470        8896.332           0.040
   -27.31     2311.97      286.92        8.06          371693.625             284.727       10961.027           0.040
   -26.37     2586.27      296.86        8.71          438007.156             294.389       13281.123           0.036
   -25.42     2868.97      305.19        9.40          511157.375             302.429       15865.052           0.029
   -24.47     3159.25      313.43       10.08          589666.125             310.375       18720.371           0.028
   -23.53     3457.34      322.88       10.71          671849.625             319.592       21854.381           0.032
   -22.58     3765.27      333.99       11.27          757234.875             330.537       25275.438           0.036
   -21.63     4084.34      348.04       11.74          843679.812             344.448       28993.471           0.044
   -20.68     4419.73      369.09       11.97          925335.062             365.392       33021.504           0.063
   -19.74     4780.02      402.90       11.86          994594.188             399.087       37379.051           0.094
   -18.79     5169.35      422.61       12.23         1097718.750             418.662       42091.656           0.051
   -17.84     5570.38      432.15       12.89         1224936.125             427.995       47178.633           0.024
   -16.89     5979.92      440.52       13.57         1361150.000             436.146       52649.543           0.020
   -15.95     6396.74      448.72       14.26         1504311.375             444.123       58511.855           0.020
   -15.00     6821.45      457.30       14.92         1653439.875             452.482       64772.773           0.020
   -14.05     7254.13      466.30       15.56         1808240.875             461.276       71439.797           0.021
   -13.11     7695.47      475.65       16.18         1969074.125             470.411       78520.820           0.021
   -12.16     8144.72      483.24       16.85         2141633.750             477.741       86023.672           0.017
   -11.21     8600.48      490.04       17.55         2323341.750             484.226       93955.188           0.015
   -10.26     9060.95      494.21       18.33         2520065.000             487.929      102320.695           0.009
    -9.32     9524.93      498.37       19.11         2723489.750             491.632      111124.070           0.009
    -8.37     9992.42      502.57       19.88         2933477.250             495.358      120368.641           0.009
    -7.42    10463.47      506.79       20.65         3149916.750             499.124      130057.766           0.009
    -6.47    10938.08      511.02       21.40         3372897.750             502.889      140194.797           0.009
    -5.53    11416.27      515.32       22.15         3602058.500             506.733      150783.141           0.009
    -4.58    11898.33      520.15       22.87         3835168.750             511.173      161826.312           0.010
    -3.63    12384.92      525.47       23.57         4072390.000             516.133      173328.312           0.011
    -2.68    12876.22      530.79       24.26         4316086.000             521.093      185293.484           0.011
    -1.74    13372.28      536.71       24.92         4562941.500             526.660      197726.312           0.012
    -0.79    13875.23      546.27       25.40         4795750.500             536.001      210632.359           0.019
     0.16    14394.42      609.76       23.61         4738159.000             599.357      224022.531           0.122
     1.10    14979.30      639.46       23.43         4905377.000             628.949      237935.672           0.051
     2.05    15581.09      652.44       23.88         5168485.500             641.793      252410.875           0.022
     3.00    16196.13      667.63       24.26         5429000.500             656.866      267462.438           0.025
     3.95    16829.32      713.52       23.59         5536494.000             702.642      283105.250           0.072
     4.89    17514.07      747.01       23.45         5738790.500             736.000      299372.312           0.049
     5.84    18217.65      760.73       23.95         6054261.000             749.406      316296.969           0.019
     6.79    18934.06      775.33       24.42         6374918.500             763.711      333894.219           0.020
     7.74    19671.32      798.27       24.64         6663177.500             786.488      352180.000           0.031
     8.68    20416.38      798.27       25.58         7089080.000             786.488      371167.938           0.000
     9.63    21161.43      798.27       26.51         7525473.500             786.488      390861.625           0.000
    10.58    21906.49      798.27       27.44         7972233.000             786.488      411261.156           0.000
    11.53    22651.54      798.27       28.38         8429239.000             786.488      432366.469           0.000
    12.47    23396.59      798.27       29.31         8896376.000             786.488      454177.594           0.000
    13.42    24141.65      798.27       30.24         9373539.000             786.488      476694.531           0.000
    14.37    24886.70      798.27       31.18         9860623.000             786.488      499917.250           0.000
    15.31    25631.76      798.27       32.11        10357527.000             786.488      523845.781           0.000
    16.26    26376.81      798.27       33.04        10864155.000             786.488      548480.125          -0.000
    17.21    27121.87      798.27       33.98        11380413.000             786.488      573820.250           0.000
    18.16    27866.92      798.27       34.91        11906214.000             786.488      599866.188           0.000
    19.10    28611.97      798.27       35.84        12441474.000             786.488      626617.938           0.000
    20.05    29357.03      798.27       36.78        12986105.000             786.488      654075.500           0.000
    21.00    30102.08      798.27       37.71        13540030.000             786.488      682238.875           0.000
    21.95    30847.14      798.27       38.64        14103173.000             786.488      711108.000           0.000
    22.89    31592.19      798.27       39.58        14675459.000             786.488      740682.938          -0.000
    23.84    32337.25      798.27       40.51        15256812.000             786.488      770963.750           0.000
    24.79    33082.30      798.27       41.44        15847167.000             786.488      801950.312           0.000
    25.73    33827.35      798.27       42.38        16446447.000             786.488      833642.688           0.000
    26.68    34572.41      798.27       43.31        17054594.000             786.488      866040.875           0.000
    27.63    35317.46      798.27       44.24        17671546.000             786.488      899144.875           0.000
    28.58    36062.52      798.27       45.18        18297234.000             786.488      932954.562           0.000
    29.52    36807.57      798.27       46.11        18931600.000             786.488      967470.188           0.000
    30.47    37552.62      798.27       47.04        19574586.000             786.488     1002691.625          -0.000
    31.42    38297.68      798.27       47.98        20226134.000             786.488     1038618.750           0.000
    32.37    39042.73      798.27       48.91        20886186.000             786.488     1075251.750           0.000
    33.31    39787.79      798.27       49.84        21554692.000             786.488     1112590.625           0.000
    34.26    40532.84      798.27       50.78        22231592.000             786.488     1150635.250           0.000
    35.21    41277.89      798.27       51.71        22916834.000             786.488     1189385.500           0.000
    36.16    42022.95      798.27       52.64        23610380.000             786.488     1228841.750           0.000
    37.10    42768.00      798.27       53.58        24312170.000             786.488     1269003.750          -0.000
    38.05    43513.06      798.27       54.51        25022160.000             786.488     1309871.625           0.000
    39.00    44258.11      798.27       55.44        25740298.000             786.488     1351445.250           0.000
    39.94    45003.17      798.27       56.38        26466544.000             786.488     1393724.750           0.000
    40.89    45748.22      798.27       57.31        27200844.000             786.488     1436709.875           0.000
    41.84    46493.27      798.27       58.24        27943168.000             786.488     1480400.875           0.000
    42.79    47238.33      798.27       59.18        28693462.000             786.488     1524797.750           0.000
    43.73    47983.38      798.27       60.11        29451690.000             786.488     1569900.375          -0.000
    44.68    48728.44      798.27       61.04        30217804.000             786.488     1615708.875           0.000
    45.63    49473.49      798.27       61.98        30991770.000             786.488     1662223.125           0.000
    46.58    50218.55      798.27       62.91        31773544.000             786.488     1709443.125           0.000
    47.52    50963.60      798.27       63.84        32563088.000             786.488     1757369.000           0.000
    48.47    51708.66      798.27       64.78        33360368.000             786.488     1806000.625           0.000
    49.42    52453.71      798.27       65.71        34165340.000             786.488     1855338.125           0.000
    50.37    53198.77      798.27       66.64        34977976.000             786.488     1905381.500           0.000
    51.31    53943.82      798.27       67.58        35798236.000             786.488     1956130.500          -0.000
    52.26    54688.87      798.27       68.51        36626072.000             786.488     2007585.250           0.000
    53.21    55433.93      798.27       69.44        37461468.000             786.488     2059746.000           0.000
    54.15    56178.98      798.27       70.38        38304388.000             786.488     2112612.500           0.000
    55.10    56924.04      798.27       71.31        39154792.000             786.488     2166184.750           0.000
