   889.026855      -25.8530750    
   971.394165      -25.8530750    
 NaN NaN
   871.884338      -25.1641674    
   978.690369      -25.1641674    
 NaN NaN
   799.840759      -24.4752579    
   844.217590      -24.4752579    
 NaN NaN
   858.402893      -24.4752579    
   985.483337      -24.4752579    
 NaN NaN
   773.054626      -23.7863483    
   993.679199      -23.7863483    
 NaN NaN
   752.247864      -23.0974388    
   1017.64124      -23.0974388    
 NaN NaN
   719.533630      -22.4085312    
   1023.37592      -22.4085312    
 NaN NaN
   679.242310      -21.7196217    
   1027.27454      -21.7196217    
 NaN NaN
   660.944946      -21.0307121    
   1030.60889      -21.0307121    
 NaN NaN
   643.960205      -20.3418045    
   1033.34985      -20.3418045    
 NaN NaN
   629.724670      -19.6528950    
   1036.09082      -19.6528950    
 NaN NaN
   622.113525      -18.9639854    
   1038.85144      -18.9639854    
 NaN NaN
   612.722656      -18.2750759    
   1041.71130      -18.2750759    
 NaN NaN
   602.132935      -17.5861683    
   1044.57117      -17.5861683    
 NaN NaN
   588.661987      -16.8972588    
   1047.43115      -16.8972588    
 NaN NaN
   568.223145      -16.2083492    
   1050.83325      -16.2083492    
 NaN NaN
   550.843628      -15.5194407    
   1054.24707      -15.5194407    
 NaN NaN
   513.118103      -14.8305321    
   1057.72864      -14.8305321    
 NaN NaN
   503.405579      -14.1416225    
   1061.36023      -14.1416225    
 NaN NaN
   494.873077      -13.4527140    
   1064.99182      -13.4527140    
 NaN NaN
   486.985687      -12.7638044    
   1067.55054      -12.7638044    
 NaN NaN
   479.598969      -12.0748959    
   1069.84546      -12.0748959    
 NaN NaN
   471.511536      -11.3859863    
   1072.14026      -11.3859863    
 NaN NaN
   460.850677      -10.6970778    
   1074.43518      -10.6970778    
 NaN NaN
   452.556000      -10.0081692    
   1076.33936      -10.0081692    
 NaN NaN
   445.993225      -9.31925964    
   1078.16589      -9.31925964    
 NaN NaN
   440.872681      -8.63035107    
   1079.99231      -8.63035107    
 NaN NaN
   436.306885      -7.94144154    
   1081.81885      -7.94144154    
 NaN NaN
   433.129181      -7.25253296    
   1083.64526      -7.25253296    
 NaN NaN
   429.951477      -6.56362391    
   1085.17114      -6.56362391    
 NaN NaN
   426.462708      -5.87471485    
   1086.64307      -5.87471485    
 NaN NaN
   422.541840      -5.18580580    
   1088.11499      -5.18580580    
 NaN NaN
   418.573303      -4.49689674    
   1089.58691      -4.49689674    
 NaN NaN
   414.154510      -3.80798769    
   1091.05872      -3.80798769    
 NaN NaN
   409.631531      -3.11907864    
   1092.53064      -3.11907864    
 NaN NaN
   402.146240      -2.43016982    
   1094.56104      -2.43016982    
 NaN NaN
   393.096619      -1.74126077    
   1096.88171      -1.74126077    
 NaN NaN
   385.809143      -1.05235171    
   1099.20239      -1.05235171    
 NaN NaN
   377.691345     -0.363442779    
   1101.52307     -0.363442779    
 NaN NaN
   367.458008      0.325466216    
   1106.26990      0.325466216    
 NaN NaN
   360.822723       1.01437521    
   1111.57007       1.01437521    
 NaN NaN
   355.931641       1.70328426    
   1114.35547       1.70328426    
 NaN NaN
   352.170349       2.39219332    
   1117.14099       2.39219332    
 NaN NaN
   348.596619       3.08110213    
   1119.92639       3.08110213    
 NaN NaN
   345.077240       3.77001119    
   1124.34668       3.77001119    
 NaN NaN
   341.679321       4.45892000    
   1129.06799       4.45892000    
 NaN NaN
   338.281372       5.14782906    
   1135.54797       5.14782906    
 NaN NaN
   173.107635       5.83673811    
   278.298859       5.83673811    
 NaN NaN
   284.293610       5.83673811    
   1225.89636       5.83673811    
 NaN NaN
   133.148392       6.52564716    
   1247.87866       6.52564716    
 NaN NaN
   0.00000000       7.21455622    
   57.1935883       7.21455622    
 NaN NaN
   104.302521       7.21455622    
   110.275223       7.21455622    
 NaN NaN
   124.528984       7.21455622    
   1247.87866       7.21455622    
 NaN NaN
   0.00000000       7.90346527    
   1247.87866       7.90346527    
 NaN NaN
   0.00000000       8.59237385    
   1247.87866       8.59237385    
 NaN NaN
   0.00000000       9.28128338    
   1247.87866       9.28128338    
 NaN NaN
   0.00000000       9.97019196    
   1247.87866       9.97019196    
 NaN NaN
   0.00000000       10.6591015    
   1247.87866       10.6591015    
 NaN NaN
   0.00000000       11.3480101    
   1247.87866       11.3480101    
 NaN NaN
   0.00000000       12.0369186    
   1247.87866       12.0369186    
 NaN NaN
   0.00000000       12.7258282    
   1247.87866       12.7258282    
 NaN NaN
   0.00000000       13.4147367    
   1247.87866       13.4147367    
 NaN NaN
   0.00000000       14.1036463    
   1247.87866       14.1036463    
 NaN NaN
   0.00000000       14.7925549    
   1247.87866       14.7925549    
 NaN NaN
   0.00000000       15.4814644    
   1247.87866       15.4814644    
 NaN NaN
   0.00000000       16.1703739    
   1247.87866       16.1703739    
 NaN NaN
   0.00000000       16.8592815    
   1247.87866       16.8592815    
 NaN NaN
   0.00000000       17.5481911    
   1247.87866       17.5481911    
 NaN NaN
   0.00000000       18.2371006    
   1247.87866       18.2371006    
 NaN NaN
   0.00000000       18.9260082    
   1247.87866       18.9260082    
 NaN NaN
   0.00000000       19.6149178    
   1247.87866       19.6149178    
 NaN NaN
   0.00000000       20.3038273    
   1247.87866       20.3038273    
 NaN NaN
   0.00000000       20.9927368    
   1247.87866       20.9927368    
 NaN NaN
   0.00000000       21.6816444    
   1247.87866       21.6816444    
 NaN NaN
   0.00000000       22.3705540    
   1247.87866       22.3705540    
 NaN NaN
   0.00000000       23.0594635    
   1247.87866       23.0594635    
 NaN NaN
   0.00000000       23.7483711    
   1247.87866       23.7483711    
 NaN NaN
   0.00000000       24.4372807    
   1247.87866       24.4372807    
 NaN NaN
   0.00000000       25.1261902    
   1247.87866       25.1261902    
 NaN NaN
   0.00000000       25.8150997    
   1247.87866       25.8150997    
 NaN NaN
   0.00000000       26.5040073    
   1247.87866       26.5040073    
 NaN NaN
   0.00000000       27.1929169    
   1247.87866       27.1929169    
 NaN NaN
   0.00000000       27.8818264    
   1247.87866       27.8818264    
 NaN NaN
   0.00000000       28.5707359    
   1247.87866       28.5707359    
 NaN NaN
   0.00000000       29.2596436    
   1247.87866       29.2596436    
 NaN NaN
   0.00000000       29.9485531    
   1247.87866       29.9485531    
 NaN NaN
   0.00000000       30.6374626    
   1247.87866       30.6374626    
 NaN NaN
   0.00000000       31.3263702    
   1247.87866       31.3263702    
 NaN NaN
   0.00000000       32.0152817    
   1247.87866       32.0152817    
 NaN NaN
   0.00000000       32.7041893    
   1247.87866       32.7041893    
 NaN NaN
   0.00000000       33.3930969    
   1247.87866       33.3930969    
 NaN NaN
   0.00000000       34.0820084    
   1247.87866       34.0820084    
 NaN NaN
   0.00000000       34.7709160    
   1247.87866       34.7709160    
 NaN NaN
   0.00000000       35.4598236    
   1247.87866       35.4598236    
 NaN NaN
   0.00000000       36.1487350    
   1247.87866       36.1487350    
 NaN NaN
   0.00000000       36.8376427    
   1247.87866       36.8376427    
 NaN NaN
   0.00000000       37.5265503    
   1247.87866       37.5265503    
 NaN NaN
   0.00000000       38.2154617    
   1247.87866       38.2154617    
 NaN NaN
   0.00000000       38.9043694    
   1247.87866       38.9043694    
 NaN NaN
   0.00000000       39.5932770    
   1247.87866       39.5932770    
 NaN NaN
   0.00000000       40.2821884    
   1247.87866       40.2821884    
 NaN NaN
   0.00000000       40.9710960    
   1247.87866       40.9710960    
 NaN NaN
   0.00000000       41.6600075    
   1247.87866       41.6600075    
 NaN NaN
   0.00000000       42.3489151    
   1247.87866       42.3489151    
 NaN NaN
