	RS=121.62* 
0	7.5438
9.025128186	7.665719884
18.05330386	5.699760233
27.07843088	5.071871814
35.14648726	5.239512163
36.10355907	5.26084807
36.57295135	5.25170386
45.12868726	5.074919884
54.15991274	4.745735907
63.17894363	3.416808012
63.20028186	3.413759942
72.19797451	2.999232047
72.52106177	2.9718
81.2170054	1.091183977
81.8388	0.938783977
90.23603628	-0.573023999
91.15957991	-0.688847997
99.25507646	-1.594104006
100.4803691	-1.722120029
108.2741073	-2.456688128
109.7981073	-2.58470386
117.2931382	-3.218688128
119.1188873	-3.368040058
126.3121691	-4.011167953
128.4366255	-4.203191988
135.3312	-4.858511872
137.7604564	-5.087112163
144.3532819	-5.696712163
147.0781946	-5.93750386
153.3723127	-6.425183977
156.3959235	-6.644639767
162.3913529	-7.046976256
165.7167127	-7.281671814
171.4103745	-7.69010386
175.034451	-7.949183977
180.4294147	-8.30884807
184.3582726	-8.54049614
189.4484363	-8.76909614
193.6760108	-8.961119884
198.4674765	-9.189719884
202.993749	-9.37564807
207.486498	-9.622535907
212.3145382	-9.784079535
216.5055382	-9.930384558
221.6353274	-10.16812819
225.5276108	-10.33272047
230.956098	-10.56436795
234.546651	-10.71067181
240.2738363	-10.93622433
243.5656726	-11.049
249.5915745	-11.24712047
252.5847127	-11.34160772
258.9123637	-11.53363205
261.6037529	-11.65250386
268.2331529	-11.93901544
270.6227745	-12.05483977
277.5539235	-12.45412819
279.6418147	-12.57909614
286.8716618	-13.03934363
288.6608363	-13.16431158
296.1894	-13.69161544
297.6798765	-13.80439228
305.5132402	-14.478
306.698898	-14.5542
314.8309784	-15.08455251
315.7209706	-15.13636795
324.151749	-15.52651158
324.7400294	-15.55394363
333.4695059	-15.80387953
333.759051	-15.81912047
342.7780726	-16.17878456
342.7872255	-16.17878456
351.7970941	-16.67865637
352.1110471	-16.69999228
360.8161529	-17.34616795
361.4288039	-17.39188842
369.8351745	-17.85823205
370.7495745	-17.907
378.8541961	-18.33981544
380.0672941	-18.40382433
387.8732549	-18.79701544
389.3911529	-18.86712047
396.8953274	-19.22068842
398.7088726	-19.29079228
405.914349	-19.61387953
408.0266294	-19.69007953
414.9364216	-19.89734363
417.3474	-19.94611274
423.9554804	-20.11984865
426.6651196	-20.17775907
432.974502	-20.3454
435.9889784	-20.4216
441.9935235	-20.58314363
445.306698	-20.70811274
451.0125451	-20.88184865
454.6244549	-21.01900772
460.0316039	-21.17750502
463.9452255	-21.30856912
469.0506255	-21.44877684
473.2629451	-21.55240772
478.072698	-21.68347181
482.5868039	-21.81758456
487.0917196	-21.96998456
491.9045235	-22.12238456
496.1107784	-22.27478456
501.2222804	-22.49728726
505.1298	-22.66187953
510.543051	-23.04897684
514.1488216	-23.31110502
519.8638216	-23.57323088
523.1678804	-23.71648726
529.1846294	-24.07310502
532.186902	-24.24074363
538.502349	-24.47544093
541.2059235	-24.57602316
547.8231196	-24.81986409
550.2249451	-24.91130502
557.1408765	-25.19476912
559.2470549	-25.28315907
566.4616471	-25.56662316
568.2660765	-25.64282316
575.7824549	-25.9842
577.285098	-26.03906409
585.1001745	-26.28595135
586.3041196	-26.31338456
594.4209451	-26.45054363
595.3231784	-26.46883088
603.7417529	-26.62732819
604.3422	-26.64561544
613.0625235	-26.85592819
613.3612216	-26.86202316
622.3802804	-27.09367181
631.1829059	-26.89555135
632.2039412	-26.81325637
639.9854941	-26.02687181
642.0306902	-25.80741544
648.7851059	-25.09418456
651.8514117	-25.05455907
657.5876941	-24.99664865
661.6781607	-24.94787953
666.3873059	-24.93873591
671.5018588	-24.86253591
675.1868432	-24.80157684
681.3255568	-24.73756912
683.9895059	-24.71927953
691.1492549	-24.62784093
692.7890432	-24.56383088
700.9729529	-23.33244093
701.5947568	-23.23185637
710.3942941	-21.49449498
710.799702	-21.37562316
719.1939059	-18.50440772
720.6234	-18.15693591
727.9964941	-16.49577567
730.447098	-16.13306409
736.7961059	-15.39849614
740.2707961	-14.96872819
745.5986941	-14.13662433
750.0944941	-13.40510386
754.3983059	-12.82293591
759.9212432	-12.53032819
763.2008941	-12.35354363
769.242051	-11.14958456
769.7418902	-11.049
772.0035568	-10.50036023
779.5686393	-8.808719884
780.8030941	-8.513064093
785.167851	-7.202423744
788.6791529	-6.144767953
789.6027059	-5.71195193
797.7865412	-1.405128041
798.4052941	-1.176527968
806.8970549	2.447543919
807.2049059	2.557272105
816.0074941	5.17855193
824.3407529	5.715
826.4225607	5.751576256
832.6769883	5.818632047
836.8406039	6.160007721
841.0071961	6.562344209
847.2586471	7.510271814
849.3404549	7.735823744
857.6736393	8.013192279
	
