 Elev(m)    Area(m2)     Peri(m)      Radi(m)   Conv(m3/s)    topWidth(m)    newI1(m3)    dPdA(1/m)
   -32.73        0.00        0.00         NaN                 NaN               0.000           0.000             NaN
   -31.81       12.25       23.43        0.52             317.922              23.351           5.623           1.913
   -30.89       40.51       37.57        1.08            1703.693              37.346          29.842           0.500
   -29.98       79.96       48.91        1.63            4438.766              48.488          85.145           0.287
   -29.06      129.69       60.34        2.15            8639.617              59.719         181.386           0.230
   -28.14      188.87       69.99        2.70           14642.598              69.155         327.620           0.163
   -27.22      256.80       79.86        3.22           22378.541              78.791         532.206           0.145
   -26.30      333.65       90.14        3.70           31933.807              88.836         803.256           0.134
   -25.38      420.37      102.23        4.11           43158.246             100.702        1149.396           0.139
   -24.47      518.89      116.02        4.47           56340.172             114.283        1580.573           0.140
   -23.55      629.89      128.88        4.89           72563.422             126.921        2107.932           0.116
   -22.63      752.08      141.73        5.31           91523.516             139.545        2742.341           0.105
   -21.71      887.07      157.61        5.63          112270.148             155.211        3494.809           0.118
   -20.79     1037.53      174.25        5.95          136334.516             171.631        4378.317           0.111
   -19.88     1201.28      187.67        6.40          165658.047             184.806        5406.063           0.082
   -18.96     1377.01      201.24        6.84          198523.656             198.144        6589.652           0.077
   -18.04     1564.70      214.06        7.31          235735.328             210.726        7940.069           0.068
   -17.12     1764.10      227.05        7.77          276809.062             223.487        9468.189           0.065
   -16.20     1974.82      238.92        8.27          322928.344             235.113       11184.579           0.056
   -15.29     2195.26      249.14        8.81          374607.031             245.084       13098.893           0.046
   -14.37     2425.10      259.87        9.33          429972.406             255.606       15219.909           0.047
   -13.45     2664.32      269.73        9.88          490619.938             265.262       17556.250           0.041
   -12.53     2912.24      279.66       10.41          555494.250             274.992       20116.219           0.040
   -11.61     3169.39      290.11       10.92          624186.250             285.244       22908.043           0.041
   -10.69     3437.00      303.19       11.34          693767.688             298.153       25940.768           0.049
    -9.78     3719.31      324.18       11.47          756786.500             318.983       29225.938           0.074
    -8.86     4023.94      349.14       11.53          821264.812             343.797       32780.547           0.082
    -7.94     4359.94      415.94       10.48          835298.000             410.463       36629.242           0.199
    -7.02     4776.11      493.71        9.67          867361.562             488.102       40823.230           0.187
    -6.10     5241.80      531.87        9.86          963808.812             526.141       45422.047           0.082
    -5.19     5741.28      563.49       10.19         1079314.375             557.653       50463.934           0.063
    -4.27     6266.08      593.42       10.56         1206363.750             587.470       55976.023           0.057
    -3.35     6820.94      625.63       10.90         1341494.000             619.582       61983.746           0.058
    -2.43     7401.14      650.91       11.37         1496962.750             644.754       68512.523           0.044
    -1.51     8004.78      673.06       11.89         1668292.875             666.780       75584.758           0.037
    -0.60     8622.62      684.77       12.59         1866785.625             678.329       83217.719           0.019
     0.32     9250.30      694.90       13.31         2078275.750             688.286       91422.445           0.016
     1.24     9886.22      703.96       14.04         2301867.000             697.141      100207.242           0.014
     2.16    10530.52      713.70       14.75         2533947.500             706.699      109579.742           0.015
     3.08    11184.87      726.21       15.40         2769507.750             719.040      119548.391           0.019
     4.00    11851.72      741.25       15.99         3008757.250             733.929      130123.555           0.023
     4.91    12531.73      755.18       16.59         3261203.750             747.728      141317.000           0.020
     5.83    13225.81      770.95       17.16         3518942.750             763.389      153141.234           0.023
     6.75    13932.25      783.43       17.78         3796899.750             775.729      165608.391           0.018
     7.67    14741.21      992.64       14.85         3562489.750             984.706      178771.219           0.259
     8.59    15763.66     1242.53       12.69         3429916.750            1234.268      192774.766           0.244
     9.50    16944.51     1323.35       12.80         3709583.000            1315.014      207789.750           0.068
    10.42    18158.44     1336.34       13.59         4135999.750            1327.857      223904.078           0.011
    11.34    19380.92     1343.85       14.42         4593208.500            1335.144      241136.859           0.006
    12.26    20610.95     1352.77       15.24         5066871.500            1343.898      259495.500           0.007
    13.18    21847.36     1358.42       16.08         5568043.000            1349.469      278986.375           0.005
    14.09    23086.33     1358.42       17.00         6104205.500            1349.469      299613.594           0.000
    15.01    24325.31     1358.42       17.91         6659905.500            1349.469      321378.375           0.000
    15.93    25564.28     1358.42       18.82         7234804.000            1349.469      344280.625           0.000
    16.85    26803.25     1358.42       19.73         7828586.500            1349.469      368320.469           0.000
    17.77    28042.22     1358.42       20.64         8440955.000            1349.469      393497.750           0.000
    18.69    29281.20     1358.42       21.56         9071634.000            1349.469      419812.625           0.000
    19.60    30520.17     1358.42       22.47         9720360.000            1349.469      447264.969           0.000
    20.52    31759.14     1358.42       23.38        10386887.000            1349.469      475854.875           0.000
    21.44    32998.11     1358.42       24.29        11070977.000            1349.469      505582.281           0.000
    22.36    34237.08     1358.42       25.20        11772411.000            1349.469      536447.250           0.000
    23.28    35476.05     1358.42       26.12        12490976.000            1349.469      568449.688           0.000
    24.19    36715.03     1358.42       27.03        13226470.000            1349.469      601589.688           0.000
    25.11    37954.00     1358.42       27.94        13978700.000            1349.469      635867.125           0.000
    26.03    39192.97     1358.42       28.85        14747482.000            1349.469      671282.250           0.000
    26.95    40431.95     1358.42       29.76        15532640.000            1349.469      707834.812           0.000
    27.87    41670.91     1358.42       30.68        16334002.000            1349.469      745524.875           0.000
    28.78    42909.89     1358.42       31.59        17151410.000            1349.469      784352.500           0.000
    29.70    44148.86     1358.42       32.50        17984706.000            1349.469      824317.562           0.000
    30.62    45387.83     1358.42       33.41        18833740.000            1349.469      865420.250           0.000
    31.54    46626.80     1358.42       34.32        19698372.000            1349.469      907660.375          -0.000
    32.46    47865.78     1358.42       35.24        20578454.000            1349.469      951038.125           0.000
    33.38    49104.75     1358.42       36.15        21473854.000            1349.469      995553.312           0.000
    34.29    50343.72     1358.42       37.06        22384446.000            1349.469     1041206.000           0.000
    35.21    51582.70     1358.42       37.97        23310104.000            1349.469     1087996.375           0.000
    36.13    52821.66     1358.42       38.88        24250702.000            1349.469     1135924.125           0.000
    37.05    54060.64     1358.42       39.80        25206128.000            1349.469     1184989.375           0.000
    37.97    55299.61     1358.42       40.71        26176260.000            1349.469     1235192.125           0.000
    38.88    56538.58     1358.42       41.62        27160996.000            1349.469     1286532.625           0.000
    39.80    57777.55     1358.42       42.53        28160224.000            1349.469     1339010.500           0.000
    40.72    59016.52     1358.42       43.45        29173838.000            1349.469     1392625.875           0.000
    41.64    60255.50     1358.42       44.36        30201744.000            1349.469     1447378.875           0.000
    42.56    61494.47     1358.42       45.27        31243832.000            1349.469     1503269.375           0.000
    43.47    62733.44     1358.42       46.18        32300014.000            1349.469     1560297.250           0.000
    44.39    63972.41     1358.42       47.09        33370192.000            1349.469     1618462.625           0.000
    45.31    65211.39     1358.42       48.01        34454284.000            1349.469     1677765.875           0.000
    46.23    66450.36     1358.42       48.92        35552196.000            1349.469     1738206.375           0.000
    47.15    67689.33     1358.42       49.83        36663836.000            1349.469     1799784.375           0.000
    48.07    68928.30     1358.42       50.74        37789120.000            1349.469     1862499.875           0.000
    48.98    70167.27     1358.42       51.65        38927980.000            1349.469     1926353.125           0.000
    49.90    71406.24     1358.42       52.57        40080320.000            1349.469     1991343.750           0.000
    50.82    72645.22     1358.42       53.48        41246072.000            1349.469     2057471.750           0.000
    51.74    73884.19     1358.42       54.39        42425148.000            1349.469     2124737.500           0.000
    52.66    75123.16     1358.42       55.30        43617488.000            1349.469     2193140.750           0.000
    53.57    76362.13     1358.42       56.21        44823000.000            1349.469     2262681.500           0.000
    54.49    77601.10     1358.42       57.13        46041628.000            1349.469     2333359.750           0.000
    55.41    78840.08     1358.42       58.04        47273304.000            1349.469     2405175.750           0.000
    56.33    80079.05     1358.42       58.95        48517940.000            1349.469     2478128.750           0.000
    57.25    81318.02     1358.42       59.86        49775488.000            1349.469     2552219.500           0.000
    58.16    82556.99     1358.42       60.77        51045872.000            1349.469     2627447.750           0.000
    59.08    83795.97     1358.42       61.69        52329040.000            1349.469     2703814.000           0.000
