   227.725998      -22.1714573    
   307.738403      -22.1714573    
 NaN NaN
   223.609940      -21.5042496    
   326.752075      -21.5042496    
 NaN NaN
   219.493896      -20.8370438    
   345.041870      -20.8370438    
 NaN NaN
   368.077850      -20.8370438    
   397.462494      -20.8370438    
 NaN NaN
   214.749496      -20.1698360    
   416.449402      -20.1698360    
 NaN NaN
   209.892365      -19.5026283    
   432.502045      -19.5026283    
 NaN NaN
   202.410980      -18.8354225    
   461.142334      -18.8354225    
 NaN NaN
   196.141113      -18.1682148    
   485.615265      -18.1682148    
 NaN NaN
   190.473679      -17.5010071    
   501.785431      -17.5010071    
 NaN NaN
   185.568817      -16.8337994    
   536.260193      -16.8337994    
 NaN NaN
   181.222809      -16.1665916    
   543.965332      -16.1665916    
 NaN NaN
   177.906723      -15.4993858    
   552.259583      -15.4993858    
 NaN NaN
   174.590637      -14.8321781    
   564.617981      -14.8321781    
 NaN NaN
   172.292389      -14.1649704    
   595.406616      -14.1649704    
 NaN NaN
   170.668076      -13.4977636    
   607.035217      -13.4977636    
 NaN NaN
   169.043762      -12.8305569    
   616.326111      -12.8305569    
 NaN NaN
   167.419449      -12.1633492    
   629.957825      -12.1633492    
 NaN NaN
   648.010132      -12.1633492    
   669.877563      -12.1633492    
 NaN NaN
   165.795135      -11.4961414    
   684.070557      -11.4961414    
 NaN NaN
   164.170822      -10.8289347    
   694.077881      -10.8289347    
 NaN NaN
   161.642731      -10.1617279    
   700.666260      -10.1617279    
 NaN NaN
   159.102921      -9.49452019    
   708.253967      -9.49452019    
 NaN NaN
   156.563126      -8.82731247    
   714.984863      -8.82731247    
 NaN NaN
   154.216873      -8.16010571    
   720.724487      -8.16010571    
 NaN NaN
   152.165192      -7.49289846    
   723.898254      -7.49289846    
 NaN NaN
   150.113525      -6.82569122    
   727.072021      -6.82569122    
 NaN NaN
   148.061844      -6.15848398    
   730.349060      -6.15848398    
 NaN NaN
   146.010162      -5.49127674    
   733.998535      -5.49127674    
 NaN NaN
   142.178757      -4.82406950    
   737.648010      -4.82406950    
 NaN NaN
   138.256790      -4.15686226    
   741.335510      -4.15686226    
 NaN NaN
   134.043289      -3.48965502    
   745.037964      -3.48965502    
 NaN NaN
   129.655838      -2.82244778    
   748.705200      -2.82244778    
 NaN NaN
   126.585739      -2.15524054    
   752.270020      -2.15524054    
 NaN NaN
   124.603333      -1.48803329    
   755.834839      -1.48803329    
 NaN NaN
   122.620926     -0.820826054    
   759.743286     -0.820826054    
 NaN NaN
   120.638519     -0.153618813    
   763.800781     -0.153618813    
 NaN NaN
   118.656113      0.513588428    
   767.743469      0.513588428    
 NaN NaN
   115.872910       1.18079567    
   771.545959       1.18079567    
 NaN NaN
   113.045311       1.84800291    
   775.336792       1.84800291    
 NaN NaN
   110.217712       2.51521015    
   778.914368       2.51521015    
 NaN NaN
   105.854637       3.18241739    
   782.491943       3.18241739    
 NaN NaN
   100.901077       3.84962463    
   786.654541       3.84962463    
 NaN NaN
   85.7513428       4.51683187    
   791.396301       4.51683187    
 NaN NaN
   809.032654       4.51683187    
   812.487000       4.51683187    
 NaN NaN
   52.0066490       5.18403912    
   818.016846       5.18403912    
 NaN NaN
   48.1228294       5.85124636    
   822.848999       5.85124636    
 NaN NaN
   43.7302666       6.51845360    
   826.999329       6.51845360    
 NaN NaN
   875.019043       6.51845360    
   896.234375       6.51845360    
 NaN NaN
   38.3926010       7.18566084    
   834.915527       7.18566084    
 NaN NaN
   848.025818       7.18566084    
   848.307434       7.18566084    
 NaN NaN
   867.221069       7.18566084    
   904.024536       7.18566084    
 NaN NaN
   24.5675201       7.85286808    
   907.700928       7.85286808    
 NaN NaN
   16.7543068       8.52007484    
   911.377319       8.52007484    
 NaN NaN
   13.2703867       9.18728256    
   914.830444       9.18728256    
 NaN NaN
   9.78646851       9.85449028    
   918.242920       9.85449028    
 NaN NaN
   0.00000000       10.5216970    
   930.182556       10.5216970    
 NaN NaN
   0.00000000       11.1889038    
   930.182556       11.1889038    
 NaN NaN
   0.00000000       11.8561115    
   930.182556       11.8561115    
 NaN NaN
   0.00000000       12.5233192    
   930.182556       12.5233192    
 NaN NaN
   0.00000000       13.1905260    
   930.182556       13.1905260    
 NaN NaN
   0.00000000       13.8577328    
   930.182556       13.8577328    
 NaN NaN
   0.00000000       14.5249405    
   930.182556       14.5249405    
 NaN NaN
   0.00000000       15.1921482    
   930.182556       15.1921482    
 NaN NaN
   0.00000000       15.8593550    
   930.182556       15.8593550    
 NaN NaN
   0.00000000       16.5265617    
   930.182556       16.5265617    
 NaN NaN
   0.00000000       17.1937695    
   930.182556       17.1937695    
 NaN NaN
   0.00000000       17.8609772    
   930.182556       17.8609772    
 NaN NaN
   0.00000000       18.5281830    
   930.182556       18.5281830    
 NaN NaN
   0.00000000       19.1953907    
   930.182556       19.1953907    
 NaN NaN
   0.00000000       19.8625984    
   930.182556       19.8625984    
 NaN NaN
   0.00000000       20.5298061    
   930.182556       20.5298061    
 NaN NaN
   0.00000000       21.1970139    
   930.182556       21.1970139    
 NaN NaN
   0.00000000       21.8642197    
   930.182556       21.8642197    
 NaN NaN
   0.00000000       22.5314274    
   930.182556       22.5314274    
 NaN NaN
   0.00000000       23.1986351    
   930.182556       23.1986351    
 NaN NaN
   0.00000000       23.8658409    
   930.182556       23.8658409    
 NaN NaN
   0.00000000       24.5330486    
   930.182556       24.5330486    
 NaN NaN
   0.00000000       25.2002563    
   930.182556       25.2002563    
 NaN NaN
   0.00000000       25.8674641    
   930.182556       25.8674641    
 NaN NaN
   0.00000000       26.5346718    
   930.182556       26.5346718    
 NaN NaN
   0.00000000       27.2018776    
   930.182556       27.2018776    
 NaN NaN
   0.00000000       27.8690853    
   930.182556       27.8690853    
 NaN NaN
   0.00000000       28.5362930    
   930.182556       28.5362930    
 NaN NaN
   0.00000000       29.2034988    
   930.182556       29.2034988    
 NaN NaN
   0.00000000       29.8707066    
   930.182556       29.8707066    
 NaN NaN
   0.00000000       30.5379143    
   930.182556       30.5379143    
 NaN NaN
   0.00000000       31.2051220    
   930.182556       31.2051220    
 NaN NaN
   0.00000000       31.8723297    
   930.182556       31.8723297    
 NaN NaN
   0.00000000       32.5395355    
   930.182556       32.5395355    
 NaN NaN
   0.00000000       33.2067413    
   930.182556       33.2067413    
 NaN NaN
   0.00000000       33.8739510    
   930.182556       33.8739510    
 NaN NaN
   0.00000000       34.5411568    
   930.182556       34.5411568    
 NaN NaN
   0.00000000       35.2083664    
   930.182556       35.2083664    
 NaN NaN
   0.00000000       35.8755722    
   930.182556       35.8755722    
 NaN NaN
   0.00000000       36.5427780    
   930.182556       36.5427780    
 NaN NaN
   0.00000000       37.2099876    
   930.182556       37.2099876    
 NaN NaN
   0.00000000       37.8771935    
   930.182556       37.8771935    
 NaN NaN
   0.00000000       38.5444031    
   930.182556       38.5444031    
 NaN NaN
   0.00000000       39.2116089    
   930.182556       39.2116089    
 NaN NaN
   0.00000000       39.8788147    
   930.182556       39.8788147    
 NaN NaN
   0.00000000       40.5460243    
   930.182556       40.5460243    
 NaN NaN
   0.00000000       41.2132301    
   930.182556       41.2132301    
 NaN NaN
   0.00000000       41.8804359    
   930.182556       41.8804359    
 NaN NaN
   0.00000000       42.5476456    
   930.182556       42.5476456    
 NaN NaN
   0.00000000       43.2148514    
   930.182556       43.2148514    
 NaN NaN
   0.00000000       43.8820572    
   930.182556       43.8820572    
 NaN NaN
