	RS=150.27* 
0	9.101328186
5.955792279	8.726423744
11.91158456	7.680960233
12.40840772	7.644383977
17.86737567	6.915912163
23.82012047	6.220967953
24.81376912	6.111239767
29.77895907	5.967983977
35.73170502	5.849112163
37.22217684	5.782055791
41.6874973	5.608319884
47.64328726	5.34009614
49.62753823	5.285232047
53.59908186	5.193792279
59.55487181	5.126735907
62.03594363	5.090160233
65.50761544	5.1054
71.46645637	5.163312163
74.44435367	5.212080116
77.42224633	5.288280116
81.54009265	5.379719884
83.3749946	5.419344209
86.84971274	5.462016023
89.33383088	5.522976256
95.28657451	5.675376256
98.65156912	5.763767953
99.25811814	5.779007721
101.2423691	5.760719884
107.1981637	5.675376256
111.6665235	5.654039767
113.153949	5.672328186
119.1097436	5.693664093
124.0718873	5.736335907
125.0655382	5.70890386
131.0213235	5.56869614
136.4802927	5.361432047
136.9740765	5.34009614
142.9298618	5.120639767
148.8856564	4.782311872
157.7980147	3.611880116
158.4441892	3.547872105
166.7073127	2.712719884
167.9996618	2.642616023
175.6166108	2.157983977
177.5612363	2.276855936
184.5259274	2.648711872
187.1167274	2.563367953
193.4352255	1.429512017
196.675251	0.841247997
202.3475745	0.384047997
206.2337745	0.070104001
211.2568726	-0.137159996
215.792298	-0.344423999
220.1661892	-0.527304006
225.3477892	-0.728472032
229.0724363	-0.890016023
234.9093637	-1.210056009
237.9817529	-1.37464807
244.4648363	-1.697736052
246.894102	-1.792224035
254.0203274	-2.295144064
255.8034	-2.410967953
263.578851	-3.590543919
264.712698	-3.755135907
273.1373745	-5.468112163
273.6220147	-5.5626
282.5313127	-7.31215193
282.695898	-7.330439767
291.4436618	-8.278367953
292.2513892	-8.38504807
300.3529598	-9.473183977
301.8129637	-9.707880116
309.2622765	-10.93317567
311.3684363	-11.27150386
318.1715745	-12.39926409
320.9269784	-12.78026409
327.0808726	-13.64894363
330.485502	-14.23720772
335.9901706	-15.16684749
340.0440255	-15.98066409
344.9025196	-16.96212047
349.599498	-17.6022
353.8118549	-18.19656023
359.1610726	-18.47392819
362.7211529	-18.66595251
368.7165451	-18.76348842
371.630451	-18.78177567
378.2751059	-18.75434363
380.539749	-18.74215251
387.8336294	-18.73605637
389.452098	-18.74215251
397.389102	-18.87626409
398.3613961	-18.89150386
406.9476255	-19.09267181
407.2706941	-19.10181544
416.1800294	-19.54682316
416.506149	-19.56206409
425.0893274	-20.02840772
426.0646726	-20.05888726
434.0016765	-20.27834363
435.6201451	-20.31492047
442.9109745	-20.43988726
445.1787059	-20.43379228
451.8202726	-20.41855135
454.7372294	-20.43684093
460.7295706	-20.48865637
464.2957529	-20.53742316
469.6389059	-20.62886409
473.8512255	-20.74468726
478.5512549	-20.8788
483.4128	-21.04034363
487.4605529	-21.15312047
492.9682726	-21.24455907
496.369851	-21.31466409
502.5267961	-21.26589498
505.279149	-21.23846409
512.0853196	-21.12568726
514.1884471	-21.08606409
521.6438804	-21.00681544
523.1007961	-20.99462316
531.1993529	-21.11654363
532.0100941	-21.12873591
540.7578765	-21.35124093
540.9194294	-21.35733591
549.8287274	-21.63775135
550.3164	-21.65299228
558.7380255	-21.94255135
559.8718726	-21.98827181
567.6503745	-22.28392819
569.4334471	-22.36927181
576.5596726	-22.65578456
578.9889196	-22.7838
585.4689706	-23.15260772
588.5474804	-23.42997684
594.3783059	-23.91460772
598.1060039	-24.35656912
603.2876039	-24.96007181
607.6645274	-25.48127953
612.1999529	-26.00553591
617.22	-26.47492819
621.109251	-26.83459228
626.7816117	-27.19425637
630.018549	-27.41371274
636.3370471	-27.76423088
638.9278471	-27.90748726
645.8956078	-28.12999228
647.8371451	-28.18180772
655.4540941	-28.55366409
656.7494941	-28.60852819
665.0126549	-29.01695907
665.6587922	-29.04744093
674.5680902	-29.10535135
682.7855607	-28.95295135
684.2120039	-28.88894363
690.9999059	-28.43174363
693.8558432	-28.194
699.214251	-27.52039228
703.4997568	-27.06928726
707.4285961	-26.25852047
713.1466471	-25.18257684
715.6459922	-24.76195135
722.7905607	-23.66467181
723.8604117	-23.54884865
732.0747568	-22.71979228
732.4344	-22.68321544
740.2921529	-22.62225637
742.0782393	-22.61615907
748.506498	-22.73198456
751.7221529	-22.77160772
756.7208432	-22.79599228
761.3659922	-22.80513591
764.9382393	-22.76551274
771.0099059	-22.64359228
773.1526588	-22.58872819
780.6537451	-22.25649498
781.3700549	-22.19553591
789.5844	-21.50059228
790.3007098	-21.43963088
797.8017961	-20.29053591
799.944549	-19.88210502
806.0161412	-18.73910386
809.5883883	-17.98015251
814.2336117	-16.76704749
819.232302	-15.34972819
822.4479568	-14.31645637
828.8761412	-12.12189614
830.662302	-11.46962433
838.5200549	-8.46429614
838.879698	-8.330183977
847.0940432	-5.425439767
848.1638941	-5.059680116
855.3083883	-3.712464093
857.8078078	-3.179064093
863.5258588	-1.274063948
867.454698	-0.134111999
867.9575883	-0.006096
871.7402039	0.963168026
874.6662393	1.612391988
877.0986117	2.154936052
879.954549	2.575559942
886.742451	3.486911872
888.1719451	3.749040058
896.3862902	5.239512163
905.0669883	6.449567953
905.7345568	6.498335907
913.7508117	6.449567953
915.0858	6.412992279
922.4315098	6.184392279
924.4339922	6.147816023
931.1122078	6.068567953
933.7853098	6.047232047
939.7959568	5.900928186
943.133502	5.843016023
948.4766549	5.87044807
952.4847451	5.888735907
957.1573529	5.855207721
961.8330117	5.772912163
965.841102	5.769864093
971.1842549	5.779007721
974.5218	5.989319884
980.5324471	6.513576256
983.202498	6.958583977
989.8836902	8.287512163
991.8862471	8.479535907
999.2319568	9.265919884
1000.566945	9.134855791
1008.5832	7.303007721
1009.247643	7.16584807
1017.931392	5.135880116
	
