 Elev(m)    dbdxp(-)    dbdxc(-)      I2p     I2c
  -36.8600006       0.00000000       0.00000000       0.00000000       0.00000000    
  -35.9599991       1.20535437E-02   1.06885415E-02   2.44085095E-03   2.16443697E-03
  -35.0600014       4.54236800E-03   3.59414774E-03   1.06832152E-02   9.38554667E-03
  -34.1599998      -6.28336752E-03  -3.00974003E-03   2.19337307E-02   1.96172725E-02
  -33.2599983      -3.18916440E-02  -9.09927115E-03   2.51012258E-02   2.75152586E-02
  -32.3600006     -0.149191916      -1.52239846E-02  -1.61312707E-02   2.80356612E-02
  -31.4699993     -0.318028569      -2.38157753E-02 -0.187780201       1.57739799E-02
  -30.5699997     -0.481789082      -3.00559886E-02 -0.616870284      -1.53512526E-02
  -29.6700001     -0.333829463     -0.226239741      -1.37308657     -0.109285571    
  -28.7700005     -0.160125092     -0.399005234      -2.39449167     -0.381732255    
  -27.8700008      -8.13760906E-02 -0.376454204      -3.56482649     -0.937822044    
  -26.9699993      -6.45180047E-02 -0.233645007      -4.81361151      -1.77448916    
  -26.0699997      -5.34632877E-02 -0.133741900      -6.11582899      -2.80909586    
  -25.1800003      -4.38874848E-02  -8.13020393E-02  -7.44691610      -3.94932246    
  -24.2800007      -3.58724818E-02  -5.67432418E-02  -8.82860374      -5.17337227    
  -23.3799992      -2.94056628E-02  -4.83880118E-02  -10.2396641      -6.44666815    
  -22.4799995      -2.77759098E-02  -4.31728698E-02  -11.6755190      -7.75979090    
  -21.5799999      -2.59296577E-02  -3.97455245E-02  -13.1338291      -9.10824680    
  -20.6800003      -2.50444561E-02  -3.48019674E-02  -14.6133375      -10.4885883    
  -19.7900009      -2.73719002E-02  -3.25935483E-02  -16.0972271      -11.8821688    
  -18.8899994      -3.05687189E-02  -3.10218576E-02  -17.6200218      -13.3177872    
  -17.9899998      -3.55104730E-02  -2.97741760E-02  -19.1679287      -14.7785959    
  -17.0900002      -3.72307263E-02  -3.17097567E-02  -20.7439461      -16.2641659    
  -16.1900005      -4.04726788E-02  -3.30975391E-02  -22.3504276      -17.7753105    
  -15.2900000      -4.37734760E-02  -3.44238952E-02  -23.9897060      -19.3132534    
  -14.3900003      -4.55444269E-02  -3.49872820E-02  -25.6641293      -20.8789234    
  -13.5000000      -4.67028618E-02  -3.71571481E-02  -27.3565159      -22.4557076    
  -12.6000004      -5.05656376E-02  -4.06705327E-02  -29.1060829      -24.0804119    
  -11.6999998      -5.69676571E-02  -4.37829569E-02  -30.8971252      -25.7379799    
  -10.8000002      -6.43776655E-02  -4.58096676E-02  -32.7345123      -27.4307919    
  -9.89999962      -7.06813484E-02  -4.71129827E-02  -34.6238251      -29.1605625    
  -9.00000000      -7.27186352E-02  -4.96535599E-02  -36.5695229      -30.9287453    
  -8.10000038      -7.66589046E-02  -5.36627844E-02  -38.5745087      -32.7374458    
  -7.21000004      -8.16627964E-02  -5.82747348E-02  -40.6191902      -34.5694046    
  -6.30999994      -8.53849202E-02  -6.56011328E-02  -42.7523727      -36.4694481    
  -5.40999985      -9.32460278E-02  -7.13596046E-02  -44.9555588      -38.4223061    
  -4.51000023     -0.100719430      -8.15990120E-02  -47.2341919      -40.4338760    
  -3.60999990     -0.143481940      -9.18598920E-02  -49.6015549      -42.5115471    
  -2.71000004     -0.148563087     -0.104903549      -52.0775070      -44.6641846    
  -1.82000005     -0.117670447     -0.131650478      -54.6383438      -46.8802109    
 -0.920000017      -8.63454267E-02 -0.178194657      -57.3225746      -49.2312431    
  -1.99999996E-02 -0.211368755     -0.175830930      -60.1084061      -51.7167091    
  0.879999995     -0.224237993     -0.140785977      -63.0427322      -54.3379822    
   1.77999997     -0.404426694      -6.05140254E-02  -66.1925735      -57.0641289    
   2.68000007     -0.699261844      -4.19678129E-02  -69.6932220      -59.8517952    
   3.57999992     -0.533662975     -0.352510154      -73.6670380      -62.7400970    
   4.46999979     -0.379441231     -0.471774399      -78.0284882      -65.8422165    
   5.36999989     -0.273604125     -0.503994405      -82.7540207      -69.3418274    
   6.26999998     -0.151697069     -0.462432951      -87.6979141      -73.2347336    
   7.17000008     -0.126256987     -0.260093302      -92.7842178      -77.4696579    
   8.06999969      -8.88342038E-02 -0.170751825      -97.9703598      -81.9381332    
   8.97000027      -8.88342038E-02 -0.134106502      -103.236046      -86.5555954    
   9.86999989      -8.88342038E-02 -0.107152559      -108.573677      -91.2836456    
   10.7600002      -8.88342038E-02  -8.88342038E-02  -113.923561      -96.0471573    
   11.6599998      -8.88342038E-02  -8.88342038E-02  -119.405106      -100.939415    
   12.5600004      -8.88342038E-02  -8.88342038E-02  -124.958611      -105.903625    
   13.4600000      -8.88342038E-02  -8.88342038E-02  -130.584061      -110.939796    
   14.3599997      -8.88342038E-02  -8.88342038E-02  -136.281479      -116.047913    
   15.2600002      -8.88342038E-02  -8.88342038E-02  -142.050858      -121.227997    
   16.1499996      -8.88342038E-02  -8.88342038E-02  -147.827667      -126.422073    
   17.0499992      -8.88342038E-02  -8.88342038E-02  -153.740952      -131.746063    
   17.9500008      -8.88342038E-02  -8.88342038E-02  -159.726196      -137.142014    
   18.8500004      -8.88342038E-02  -8.88342038E-02  -165.783386      -142.609909    
   19.7500000      -8.88342038E-02  -8.88342038E-02  -171.912537      -148.149765    
   20.6499996      -8.88342038E-02  -8.88342038E-02  -178.113632      -153.761581    
   21.5499992      -8.88342038E-02  -8.88342038E-02  -184.386688      -159.445358    
   22.4400005      -8.88342038E-02  -8.88342038E-02  -190.661621      -165.137527    
   23.3400002      -8.88342038E-02  -8.88342038E-02  -197.078583      -170.965210    
   24.2399998      -8.88342038E-02  -8.88342038E-02  -203.567520      -176.864853    
   25.1399994      -8.88342038E-02  -8.88342038E-02  -210.128403      -182.836441    
   26.0400009      -8.88342038E-02  -8.88342038E-02  -216.761246      -188.879990    
   26.9400005      -8.88342038E-02  -8.88342038E-02  -223.466034      -194.995499    
   27.8299999      -8.88342038E-02  -8.88342038E-02  -230.167892      -201.114609    
   28.7299995      -8.88342038E-02  -8.88342038E-02  -237.016586      -207.374023    
   29.6299992      -8.88342038E-02  -8.88342038E-02  -243.937256      -213.705383    
   30.5300007      -8.88342038E-02  -8.88342038E-02  -250.929886      -220.108734    
   31.4300003      -8.88342038E-02  -8.88342038E-02  -257.994446      -226.584015    
   32.3300018      -8.88342038E-02  -8.88342038E-02  -265.131012      -233.131256    
   33.2299995      -8.88342038E-02  -8.88342038E-02  -272.339478      -239.750443    
   34.1199989      -8.88342038E-02  -8.88342038E-02  -279.539398      -246.367645    
   35.0200005      -8.88342038E-02  -8.88342038E-02  -286.891815      -253.130753    
   35.9199982      -8.88342038E-02  -8.88342038E-02  -294.316162      -259.965790    
   36.8199997      -8.88342038E-02  -8.88342038E-02  -301.812469      -266.872833    
   37.7200012      -8.88342038E-02  -8.88342038E-02  -309.380768      -273.851807    
   38.6199989      -8.88342038E-02  -8.88342038E-02  -317.020966      -280.902740    
   39.5200005      -8.88342038E-02  -8.88342038E-02  -324.733154      -288.025635    
   40.4099998      -8.88342038E-02  -8.88342038E-02  -332.431183      -295.140930    
   41.3100014      -8.88342038E-02  -8.88342038E-02  -340.287292      -302.407745    
   42.2099991      -8.88342038E-02  -8.88342038E-02  -348.215302      -309.746460    
   43.1100006      -8.88342038E-02  -8.88342038E-02  -356.215332      -317.157196    
   44.0099983      -8.88342038E-02  -8.88342038E-02  -364.287262      -324.639832    
   44.9099998      -8.88342038E-02  -8.88342038E-02  -372.431183      -332.194489    
   45.7999992      -8.88342038E-02  -8.88342038E-02  -380.556152      -339.736694    
   46.7000008      -8.88342038E-02  -8.88342038E-02  -388.843994      -347.435242    
   47.5999985      -8.88342038E-02  -8.88342038E-02  -397.203766      -355.205719    
   48.5000000      -8.88342038E-02  -8.88342038E-02  -405.635498      -363.048187    
   49.4000015      -8.88342038E-02  -8.88342038E-02  -414.139221      -370.962585    
   50.2999992      -8.88342038E-02  -8.88342038E-02  -422.714844      -378.948944    
   51.2000008      -8.88342038E-02  -8.88342038E-02  -431.362457      -387.007263    
   52.0900002      -8.88342038E-02  -8.88342038E-02  -439.985535      -395.047577    
   52.9900017      -8.88342038E-02  -8.88342038E-02  -448.777069      -403.249817    
