 Elev(m)    dbdxp(-)    dbdxc(-)      I2p     I2c
  -29.4200001       0.00000000       0.00000000       0.00000000       0.00000000    
  -28.6499996       2.25778623E-03   3.32421111E-03   3.34660755E-04   4.92731750E-04
  -27.8899994      -1.93935714E-03   1.00764434E-03   1.04248885E-03   2.10748683E-03
  -27.1200008      -6.92668930E-03  -1.57710854E-02   4.92035586E-04   2.18881131E-03
  -26.3600006      -1.48634426E-02  -1.09453145E-02  -4.57821693E-03  -3.85085144E-03
  -25.5900002      -2.24098861E-02  -1.10071171E-02  -1.84273776E-02  -1.71318240E-02
  -24.8299999      -3.04756686E-03  -2.24566478E-02  -4.13232036E-02  -3.84121276E-02
  -24.0599995      -1.23373494E-02  -6.22476358E-03  -7.05245137E-02  -6.91186562E-02
  -23.2999992      -1.40075348E-02  -1.20571777E-02 -0.105502367     -0.106332332    
  -22.5300007      -8.97070300E-03  -1.26064820E-02 -0.148199916     -0.150365531    
  -21.7700005      -1.02900900E-02  -9.29347519E-03 -0.196559682     -0.200681373    
  -21.0000000      -1.52181266E-02  -1.11601464E-02 -0.252154112     -0.257894427    
  -20.2399998      -2.07781047E-02  -1.57706961E-02 -0.316093922     -0.321348667    
  -19.4699993      -3.05472650E-02  -2.25781538E-02 -0.393748105     -0.395261377    
  -18.7099991      -3.02213822E-02  -3.95090282E-02 -0.486910135     -0.483027518    
  -17.9400005      -1.44167924E-02  -2.46483460E-02 -0.596803188     -0.590539753    
  -17.1800003      -1.19016217E-02  -1.29734883E-02 -0.715700865     -0.711618721    
  -16.4099998      -1.70159992E-02  -1.04495334E-02 -0.844299078     -0.843265831    
  -15.6499996      -1.99399218E-02  -1.42376041E-02 -0.980935633     -0.980289280    
  -14.8800001      -1.95774250E-02  -1.95696503E-02  -1.13063300      -1.12773764    
  -14.1199999      -1.79619286E-02  -1.98981762E-02  -1.28973210      -1.28406751    
  -13.3500004      -1.84924193E-02  -1.70515254E-02  -1.46181905      -1.45370412    
  -12.5900002      -2.16714051E-02  -1.66598763E-02  -1.64295769      -1.63154042    
  -11.8199997      -6.35797754E-02  -2.11646240E-02  -1.84499121      -1.82225442    
  -11.0600004      -2.17679571E-02  -6.80594072E-02  -2.06952333      -2.02925038    
  -10.2900000       4.57121432E-03  -3.62030938E-02  -2.31204367      -2.26747561    
  -9.52999973      -1.07796136E-02  -1.50829386E-02  -2.55485034      -2.52546263    
  -8.76000023      -1.09616788E-02  -1.62062682E-02  -2.80498219      -2.79898357    
  -8.00000000      -1.17014432E-02  -1.48592051E-02  -3.05840611      -3.07813478    
  -7.23000002      -1.05453078E-02  -1.45796556E-02  -3.32177687      -3.36986685    
  -6.46999979      -1.25977751E-02  -1.16596203E-02  -3.58841228      -3.66600633    
  -5.69999981      -1.44529408E-02  -1.07035851E-02  -3.86595082      -3.97319531    
  -4.94000006      -1.60860848E-02  -1.20874960E-02  -4.14836931      -4.28304434    
  -4.17000008      -1.60661824E-02  -1.49412984E-02  -4.44373655      -4.60431099    
  -3.41000009      -1.34874219E-02  -1.78355239E-02  -4.74435234      -4.93021774    
  -2.64000010      -1.02206692E-02  -1.64712034E-02  -5.05676079      -5.27029228    
  -1.88000000      -8.05812329E-03  -9.34874732E-03  -5.37128973      -5.61479664    
  -1.11000001      -6.97304122E-03  -2.67733441E-04  -5.69485903      -5.96903610    
 -0.349999994      -2.71946890E-03   2.70563131E-03  -6.01786184      -6.31972075    
  0.419999987      -9.99880256E-04  -8.26833013E-04  -6.34708357      -6.67438459    
   1.19000006      -2.16487818E-03  -3.79009172E-03  -6.67732620      -7.02945423    
   1.95000005      -2.51128362E-03  -1.35421506E-04  -7.00443554      -7.38116980    
   2.72000003      -4.23413748E-03   3.60221192E-02  -7.33753300      -7.73276806    
   3.48000002       2.10195631E-02   6.85470700E-02  -7.66480350      -8.05904961    
   4.25000000       7.12861270E-02   5.49856387E-02  -7.98024273      -8.35601902    
   5.01000023       9.66105685E-02  0.114179760      -8.25319481      -8.60598373    
   5.78000021      0.108357877       9.20799300E-02  -8.47479725      -8.80391979    
   6.53999996       8.89510885E-02   8.70853513E-02  -8.63428879      -8.94255257    
   7.30999994       8.16126764E-02   8.26624632E-02  -8.74173641      -9.03164101    
   8.06999969       7.48669431E-02   7.99969435E-02  -8.79964066      -9.07062912    
   8.84000015       9.29478109E-02   7.64730349E-02  -8.81054306      -9.06314373    
   9.60000038       9.29478109E-02   9.29453224E-02  -8.76919842      -9.00775242    
   10.3699999       9.29478109E-02   9.29453224E-02  -8.67256355      -8.89929676    
   11.1300001       9.29478109E-02   9.29453224E-02  -8.52243233      -8.73749924    
   11.8999996       9.29478109E-02   9.29453224E-02  -8.31558037      -8.51882935    
   12.6599998       9.29478109E-02   9.29453224E-02  -8.05666256      -8.24824905    
   13.4300003       9.29478109E-02   9.29453224E-02  -7.73959255      -7.91936398    
   14.1899996       9.29478109E-02   9.29453224E-02  -7.37188959      -7.54000092    
   14.9600000       9.29478109E-02   9.29453224E-02  -6.94460201      -7.10090113    
   15.7200003       9.29478109E-02   9.29453224E-02  -6.46811247      -6.61275434    
   16.4899998       9.29478109E-02   9.29453224E-02  -5.93060732      -6.06344032    
   17.2500000       9.29478109E-02   9.29453224E-02  -5.34533167      -5.46651077    
   18.0200005       9.29478109E-02   9.29453224E-02  -4.69760847      -4.80698109    
   18.7800007       9.29478109E-02   9.29453224E-02  -4.00354624      -4.10126781    
   19.5499992       9.29478109E-02   9.29453224E-02  -3.24560738      -3.33152580    
   20.3099995       9.29478109E-02   9.29453224E-02  -2.44275904      -2.51702929    
   21.0799999       9.29478109E-02   9.29453224E-02  -1.57460070      -1.63707054    
   21.8400002       9.29478109E-02   9.29453224E-02 -0.662966192     -0.713790715    
   22.6100006       9.29478109E-02   9.29453224E-02  0.315409929      0.276382685    
   23.3700008       9.29478109E-02   9.29453224E-02   1.33583057       1.30844581    
   24.1399994       9.29478109E-02   9.29453224E-02   2.42442179       2.40883136    
   24.8999996       9.29478109E-02   9.29453224E-02   3.55362868       3.54967785    
   25.6700001       9.29478109E-02   9.29453224E-02   4.75243998       4.76028061    
   26.4300003       9.29478109E-02   9.29453224E-02   5.99043322       6.00991011    
   27.2000008       9.29478109E-02   9.29453224E-02   7.29946232       7.33072758    
   27.9599991       9.29478109E-02   9.29453224E-02   8.64623833       8.68913746    
   28.7299995       9.29478109E-02   9.29453224E-02   10.0654850       10.1201696    
   29.4899998       9.29478109E-02   9.29453224E-02   11.5210505       11.5873661    
   30.2600002       9.29478109E-02   9.29453224E-02   13.0505152       13.1286125    
   31.0200005       9.29478109E-02   9.29453224E-02   14.6148663       14.7045927    
   31.7900009       9.29478109E-02   9.29453224E-02   16.2545490       16.3560543    
   32.5499992       9.29478109E-02   9.29453224E-02   17.9276829       18.0408134    
   33.3199997       9.29478109E-02   9.29453224E-02   19.6775818       19.8024902    
   34.0800018       9.29478109E-02   9.29453224E-02   21.4595108       21.5960407    
   34.8499985       9.29478109E-02   9.29453224E-02   23.3196182       23.4679222    
   35.6100006       9.29478109E-02   9.29453224E-02   25.2103329       25.3702564    
   36.3800011       9.29478109E-02   9.29453224E-02   27.1806679       27.3523617    
   37.1500015       9.29478109E-02   9.29453224E-02   29.2061119       29.3895741    
   37.9099998       9.29478109E-02   9.29453224E-02   31.2599964       31.4550743    
   38.6800003       9.29478109E-02   9.29453224E-02   33.3956604       33.6025009    
   39.4399986       9.29478109E-02   9.29453224E-02   35.5583305       35.7767830    
   40.2099991       9.29478109E-02   9.29453224E-02   37.8042068       38.0344276    
   40.9700012       9.29478109E-02   9.29453224E-02   40.0756760       40.3175049    
   41.7400017       9.29478109E-02   9.29453224E-02   42.4317741       42.6853600    
   42.5000000       9.29478109E-02   9.29453224E-02   44.8120155       45.0772095    
   43.2700005       9.29478109E-02   9.29453224E-02   47.2783279       47.5552826    
   44.0299988       9.29478109E-02   9.29453224E-02   49.7673569       50.0559120    
   44.7999992       9.29478109E-02   9.29453224E-02   52.3438911       52.6441994    
   45.5600014       9.29478109E-02   9.29453224E-02   54.9417152       55.2536278    
   46.3300018       9.29478109E-02   9.29453224E-02   57.6284676       57.9521294    
   47.0900002       9.29478109E-02   9.29453224E-02   60.3350677       60.6703262    
