 Elev(m)    dbdxp(-)    dbdxc(-)      I2p     I2c
  -42.7500000       0.00000000       0.00000000       0.00000000       0.00000000    
  -41.6699982      -5.94581058E-03   2.32750513E-02  -1.73380424E-03   6.78702816E-03
  -40.5900002      -1.13069499E-02   3.67016308E-02  -1.02323228E-02   3.78502943E-02
  -39.5000000      -1.64849479E-02   3.09317727E-02  -3.19911726E-02  0.106574327    
  -38.4199982      -2.44810265E-02   2.92322598E-02  -7.36746341E-02  0.212114722    
  -37.3400002      -2.94924397E-02   3.17578092E-02 -0.143042341      0.352983356    
  -36.2500000      -3.46000381E-02   3.54344994E-02 -0.247626275      0.532699287    
  -35.1699982      -3.73706780E-02   3.45651209E-02 -0.391098469      0.750951767    
  -34.0900002      -4.16940004E-02   3.48437019E-02 -0.578612149       1.00985503    
  -33.0099983      -4.66075279E-02   3.79994176E-02 -0.814930618       1.31023991    
  -31.9200001      -5.06356768E-02   4.35432531E-02  -1.10777974       1.65862083    
  -30.8400002      -5.42510003E-02   4.74519469E-02  -1.45714390       2.05433631    
  -29.7600002      -5.71789443E-02   4.66648936E-02  -1.86958611       2.50403070    
  -28.6700001      -6.01582900E-02   4.56749573E-02  -2.35285687       3.01251388    
  -27.5900002      -6.83455765E-02   5.04148044E-02  -2.90369487       3.57152510    
  -26.5100002      -8.11496601E-02   6.38361499E-02  -3.53559780       4.19187212    
  -25.4300003     -0.103347071       7.65309930E-02  -4.26489305       4.88646555    
  -24.3400002     -0.100564346       7.23920092E-02  -5.11469936       5.67222691    
  -23.2600002     -0.105044290       7.41172284E-02  -6.07667065       6.53732538    
  -22.1800003     -0.119311184       8.34745690E-02  -7.16401958       7.49110031    
  -21.0900002     -0.153814018      0.101927720      -8.40710831       8.55414963    
  -20.0100002     -0.186567053      0.111492418      -9.81842232       9.72423840    
  -18.9300003     -0.220829144      0.119519837      -11.4477873       11.0239239    
  -17.8500004     -0.239839286      0.115751997      -13.3302813       12.4595785    
  -16.7600002     -0.333082616      0.129248396      -15.5328455       14.0492086    
  -15.6800003     -0.423323721      0.158720151      -18.1043682       15.7803249    
  -14.6000004     -0.556881726      0.265767246      -21.1822872       17.7191944    
  -13.5100002     -0.532188416      0.244812399      -24.8947544       19.9498272    
  -12.4300003     -0.528720498      0.244268820      -29.2030106       22.4528637    
  -11.3500004     -0.382774085      0.107862227      -34.0864182       25.2011967    
  -10.2700005     -0.359163076       9.59551856E-02  -39.4519691       28.1116467    
  -9.18000031     -0.300945461       7.15889037E-02  -45.2780457       31.1578827    
  -8.10000038     -0.259599507       6.81594759E-02  -51.4083748       34.2662277    
  -7.01999998     -0.235781580       7.57630765E-02  -57.8466187       37.4572906    
  -5.92999983     -0.220232844       8.64853188E-02  -64.6232376       40.7675705    
  -4.84999990     -0.228046358       9.97201577E-02  -71.6025925       44.1495247    
  -3.76999998     -0.245831266      0.107777700      -78.8508606       47.6462784    
  -2.69000006     -0.261857808      0.111935258      -86.3853455       51.2676086    
  -1.60000002     -0.282026768      0.114981517      -94.2976074       55.0533028    
 -0.519999981     -0.303523988      0.114109427      -102.468071       58.9378433    
  0.560000002     -0.322956592      0.112849057      -110.991974       62.9553680    
   1.63999999     -0.483226299      0.117498100      -119.933640       67.1062469    
   2.73000002     -0.783981502      0.292721838      -129.564880       71.4829636    
   3.80999994      -1.13655901      0.420491606      -140.040695       76.1482239    
   4.88999987      -1.20342004      0.750471056      -151.758881       81.3629074    
   5.98000002     -0.984469414      0.708086193      -164.912216       87.3958130    
   7.05999994     -0.531416357      0.357602268      -179.030746       94.1133423    
   8.14000034     -0.279995650      0.135361537      -193.827927       101.285370    
   9.22000027     -0.119264983       1.93014797E-02  -208.978134       108.646248    
   10.3100004      -4.94770668E-02  -3.96504961E-02  -224.435333       116.114868    
   11.3900003      -1.11815771E-02  -7.19998628E-02  -239.818069       123.476418    
   12.4700003      -1.11815771E-02  -7.19998628E-02  -255.225006       130.763428    
   13.5600004      -1.11815771E-02  -7.19998628E-02  -270.787720       138.033539    
   14.6400003      -1.11815771E-02  -7.19998628E-02  -286.220734       145.152573    
   15.7200003      -1.11815771E-02  -7.19998628E-02  -301.666809       152.187637    
   16.7999992      -1.11815771E-02  -7.19998628E-02  -317.125916       159.138718    
   17.8899994      -1.11815771E-02  -7.19998628E-02  -332.741272       166.069794    
   18.9699993      -1.11815771E-02  -7.19998628E-02  -348.226440       172.852905    
   20.0499992      -1.11815771E-02  -7.19998628E-02  -363.724701       179.552048    
   21.1399994      -1.11815771E-02  -7.19998628E-02  -379.379547       186.228851    
   22.2199993      -1.11815771E-02  -7.19998628E-02  -394.903839       192.760025    
   23.2999992      -1.11815771E-02  -7.19998628E-02  -410.441223       199.207230    
   24.3799992      -1.11815771E-02  -7.19998628E-02  -425.991608       205.570450    
   25.4699993      -1.11815771E-02  -7.19998628E-02  -441.699127       211.908203    
   26.5499992      -1.11815771E-02  -7.19998628E-02  -457.275604       218.103470    
   27.6299992      -1.11815771E-02  -7.19998628E-02  -472.865143       224.214737    
   28.7199993      -1.11815771E-02  -7.19998628E-02  -488.612122       230.298233    
   29.7999992      -1.11815771E-02  -7.19998628E-02  -504.227753       236.241547    
   30.8799992      -1.11815771E-02  -7.19998628E-02  -519.856384       242.100876    
   31.9599991      -1.11815771E-02  -7.19998628E-02  -535.498108       247.876221    
   33.0499992      -1.11815771E-02  -7.19998628E-02  -551.297729       253.620682    
   34.1300011      -1.11815771E-02  -7.19998628E-02  -566.965576       259.228088    
   35.2099991      -1.11815771E-02  -7.19998628E-02  -582.646362       264.751495    
   36.2999992      -1.11815771E-02  -7.19998628E-02  -598.485474       270.241669    
   37.3800011      -1.11815771E-02  -7.19998628E-02  -614.192444       275.597107    
   38.4599991      -1.11815771E-02  -7.19998628E-02  -629.912354       280.868591    
   39.5400009      -1.11815771E-02  -7.19998628E-02  -645.645386       286.056061    
   40.6300011      -1.11815771E-02  -7.19998628E-02  -661.537170       291.207214    
   41.7099991      -1.11815771E-02  -7.19998628E-02  -677.296204       296.226746    
   42.7900009      -1.11815771E-02  -7.19998628E-02  -693.068359       301.162292    
   43.8800011      -1.11815771E-02  -7.19998628E-02  -708.999634       306.059174    
   44.9599991      -1.11815771E-02  -7.19998628E-02  -724.797791       310.826721    
   46.0400009      -1.11815771E-02  -7.19998628E-02  -740.609070       315.510345    
   47.1199989      -1.11815771E-02  -7.19998628E-02  -756.433350       320.109955    
   48.2099991      -1.11815771E-02  -7.19998628E-02  -772.417236       324.667786    
   49.2900009      -1.11815771E-02  -7.19998628E-02  -788.267639       329.099457    
   50.3699989      -1.11815771E-02  -7.19998628E-02  -804.131042       333.447144    
   51.4599991      -1.11815771E-02  -7.19998628E-02  -820.154480       337.750702    
   52.5400009      -1.11815771E-02  -7.19998628E-02  -836.044006       341.930420    
   53.6199989      -1.11815771E-02  -7.19998628E-02  -851.946533       346.026154    
   54.7000008      -1.11815771E-02  -7.19998628E-02  -867.862122       350.037903    
   55.7900009      -1.11815771E-02  -7.19998628E-02  -883.938171       354.002441    
   56.8699989      -1.11815771E-02  -7.19998628E-02  -899.879822       357.846222    
   57.9500008      -1.11815771E-02  -7.19998628E-02  -915.834595       361.606049    
   59.0400009      -1.11815771E-02  -7.19998628E-02  -931.950134       365.316315    
   60.1199989      -1.11815771E-02  -7.19998628E-02  -947.930908       368.908142    
   61.2000008      -1.11815771E-02  -7.19998628E-02  -963.924744       372.416016    
   62.2799988      -1.11815771E-02  -7.19998628E-02  -979.931641       375.839905    
   63.3699989      -1.11815771E-02  -7.19998628E-02  -996.099792       379.211121    
   64.4499969      -1.11815771E-02  -7.19998628E-02  -1012.13275       382.467041    
   65.5299988      -1.11815771E-02  -7.19998628E-02  -1028.17883       385.639008    
