 Elev(m)    dbdxp(-)    dbdxc(-)      I2p     I2c
  -33.9399986       0.00000000       0.00000000       0.00000000       0.00000000    
  -33.0299988      -2.88773386E-04   2.86052879E-02  -5.97832914E-05   5.92200784E-03
  -32.1199989       1.00594142E-03   3.65054682E-02  -3.08782073E-05   3.12455725E-02
  -31.2000008      -2.58767209E-03   4.48248014E-02  -1.79010283E-04   8.73124152E-02
  -30.2900009       2.35405401E-03   5.16075902E-02  -7.04913691E-04  0.179754227    
  -29.3799992       2.99403421E-03   7.93781802E-02  -1.71995431E-04  0.319277495    
  -28.4699993       2.52526323E-03  0.143720165       2.61074374E-03  0.532104790    
  -27.5599995      -5.70580065E-02  0.180653647      -4.75352211E-03  0.858272433    
  -26.6499996      -1.52320350E-02  0.106974252      -3.83732654E-02   1.31113970    
  -25.7399998      -1.65247209E-02   9.97048020E-02  -9.35332924E-02   1.86634088    
  -24.8199997      -1.71827227E-02   8.38366225E-02 -0.162924454       2.50889874    
  -23.9099998      -2.46547367E-02   7.55057931E-02 -0.247276872       3.21587086    
  -23.0000000      -3.04615945E-02   7.44954646E-02 -0.351701170       3.98688459    
  -22.0900002      -2.81190276E-02   7.42138699E-02 -0.479663551       4.81973886    
  -21.1800003      -2.47155372E-02   9.03782398E-02 -0.630691648       5.71745491    
  -20.2700005      -2.41324939E-02  0.139432311     -0.802770555       6.69682169    
  -19.3500004      -1.29316021E-02  0.256104290     -0.994637609       7.81693602    
  -18.4400005      -7.63896620E-03  0.257280946      -1.19643426       9.11393452    
  -17.5300007      -1.05921039E-02  0.235631272      -1.40626395       10.6192617    
  -16.6200008      -5.83656458E-03  0.180156007      -1.62326896       12.3127127    
  -15.7100000      -7.73947360E-03  0.170639366      -1.84648597       14.1648674    
  -14.8000002      -7.17663160E-03  0.169198900      -2.07560134       16.1599979    
  -13.8800001      -1.22854821E-02  0.169950664      -2.31438541       18.3183956    
  -12.9700003      -1.64445117E-02  0.170063183      -2.56059504       20.5946980    
  -12.0600004      -1.70012154E-02  0.169297099      -2.81967640       23.0116463    
  -11.1499996      -1.60712972E-02  0.169390410      -3.09252906       25.5689716    
  -10.2399998      -1.36632761E-02  0.164950639      -3.37838387       28.2656269    
  -9.32999992      -1.16792684E-02  0.159459189      -3.67564130       31.0986614    
  -8.40999985      -1.00471852E-02  0.156470478      -3.98596716       34.0961342    
  -7.50000000      -7.75700063E-03  0.152579144      -4.30115271       37.1911201    
  -6.59000015      -6.49209134E-03  0.151099101      -4.62297440       40.4129562    
  -5.67999983      -8.43569823E-03  0.151527286      -4.95083618       43.7603149    
  -4.76999998      -8.29469040E-03  0.147892475      -5.28525209       47.2323074    
  -3.85999990      -8.99299514E-03  0.146719113      -5.62671041       50.8272820    
  -2.95000005      -1.22056706E-02  0.148605987      -5.97613621       54.5443878    
  -2.02999997      -1.65412575E-02  0.151985884      -6.33979034       58.4263840    
  -1.12000000      -1.87179614E-02  0.156434178      -6.71280718       62.3929405    
 -0.209999993      -1.87561847E-02  0.171008661      -7.10088205       66.4911346    
  0.699999988      -1.89722516E-02  0.196735218      -7.50452518       70.7332535    
   1.61000001      -1.99864358E-02  0.306951225      -7.92404461       75.1557846    
   2.51999998      -2.63844561E-02  0.547449231      -8.36122990       79.8594666    
   3.44000006      -5.61451726E-02   1.38311756      -8.83000946       85.1933365    
   4.34999990      -3.87178659E-02   3.16257071      -9.33060455       91.8143234    
   5.26000023       6.37706742E-02   4.06953669      -9.84565258       100.873611    
   6.17000008      -2.80799139E-02   3.62141562      -10.3481245       113.022339    
   7.07999992     -0.526324987       2.41485858      -10.9579840       128.012955    
   7.98999977       6.77165091E-02  0.980655313      -11.7775612       144.956177    
   8.90999985      0.148640990      0.233011678      -12.6573410       163.047531    
   9.81999969      0.184872806       7.81674609E-02  -13.4132347       181.260651    
   10.7299995      0.177846193       5.78183345E-02  -14.0249891       199.566345    
   11.6400003      0.191720381       1.65394470E-02  -14.4851437       217.915604    
   12.5500002      0.191720381       1.65394470E-02  -14.7894068       236.287079    
   13.4600000      0.191720381       1.65394470E-02  -14.9349060       254.672256    
   14.3800001      0.191720381       1.65394470E-02  -14.9223680       273.273254    
   15.2900000      0.191720381       1.65394470E-02  -14.7503395       291.685822    
   16.2000008      0.191720381       1.65394470E-02  -14.4195471       310.112091    
   17.1100006      0.191720381       1.65394470E-02  -13.9299917       328.552063    
   18.0200005      0.191720381       1.65394470E-02  -13.2816734       347.005737    
   18.9300003      0.191720381       1.65394470E-02  -12.4745903       365.473083    
   19.8400002      0.191720381       1.65394470E-02  -11.5087442       383.954132    
   20.7600002      0.191720381       1.65394470E-02  -10.3726482       402.652039    
   21.6700001      0.191720381       1.65394470E-02  -9.08927536       421.160492    
   22.5799999      0.191720381       1.65394470E-02  -7.64713812       439.682648    
   23.4899998      0.191720381       1.65394470E-02  -6.04623795       458.218475    
   24.3999996      0.191720381       1.65394470E-02  -4.28657389       476.768005    
   25.3099995      0.191720381       1.65394470E-02  -2.36814594       495.331238    
   26.2299995      0.191720381       1.65394470E-02 -0.269000202       514.112244    
   27.1399994      0.191720381       1.65394470E-02   1.96695471       532.702881    
   28.0499992      0.191720381       1.65394470E-02   4.36167336       551.307190    
   28.9599991      0.191720381       1.65394470E-02   6.91515541       569.925171    
   29.8700008      0.191720381       1.65394470E-02   9.62740612       588.556946    
   30.7800007      0.191720381       1.65394470E-02   12.4984159       607.202332    
   31.7000008      0.191720381       1.65394470E-02   15.5606108       626.066406    
   32.6100006      0.191720381       1.65394470E-02   18.7491474       644.739258    
   33.5200005      0.191720381       1.65394470E-02   22.0964470       663.425720    
   34.4300003      0.191720381       1.65394470E-02   25.6025105       682.125916    
   35.3400002      0.191720381       1.65394470E-02   29.2673378       700.839783    
   36.2500000      0.191720381       1.65394470E-02   33.0909309       719.567383    
   37.1599998      0.191720381       1.65394470E-02   37.0732841       738.308655    
   38.0800018      0.191720381       1.65394470E-02   41.2590446       757.269714    
   38.9900017      0.191720381       1.65394470E-02   45.5589256       776.038391    
   39.9000015      0.191720381       1.65394470E-02   50.0175743       794.820740    
   40.8100014      0.191720381       1.65394470E-02   54.6349831       813.616821    
   41.7200012      0.191720381       1.65394470E-02   59.4111557       832.426575    
   42.6300011      0.191720381       1.65394470E-02   64.3460922       851.250061    
   43.5499992      0.191720381       1.65394470E-02   69.4948807       870.294128    
   44.4599991      0.191720381       1.65394470E-02   74.7473450       889.144958    
   45.3699989      0.191720381       1.65394470E-02   80.1585693       908.009521    
   46.2799988      0.191720381       1.65394470E-02   85.7285614       926.887756    
   47.1899986      0.191720381       1.65394470E-02   91.4573135       945.779724    
   48.0999985      0.191720381       1.65394470E-02   97.3448334       964.685303    
   49.0200005      0.191720381       1.65394470E-02   103.456703       983.812561    
   49.9300003      0.191720381       1.65394470E-02   109.661743       1002.74554    
   50.8400002      0.191720381       1.65394470E-02   116.025551       1021.69232    
   51.7500000      0.191720381       1.65394470E-02   122.548126       1040.65271    
   52.6599998      0.191720381       1.65394470E-02   129.229462       1059.62683    
   53.5699997      0.191720381       1.65394470E-02   136.069565       1078.61462    
   54.4900017      0.191720381       1.65394470E-02   143.144470       1097.82495    
   55.4000015      0.191720381       1.65394470E-02   150.302109       1116.84021    
   56.3100014      0.191720381       1.65394470E-02   157.618500       1135.86902    
   57.2200012      0.191720381       1.65394470E-02   165.093643       1154.91162    
