219.3	RS=219.30  
0	13.46301544
9.079992279	12.91132819
18.15998456	11.24102433
27.23692819	8.887967953
36.31692047	8.52830386
54.4769027	7.360919884
63.5568973	6.876287837
72.63688726	6.63244807
81.71383088	6.601967953
90.79382549	7.53770386
99.87382009	9.357360233
108.9538054	9.534144209
118.0338	9.29944807
136.1907382	9.500616023
145.2707235	9.656064093
154.3507181	9.409176256
163.4307127	8.60755193
181.590702	-1.459991988
190.6676363	-3.858767953
199.7476402	-5.370576256
208.8276255	-7.037832047
217.9076108	-8.290560233
226.9876147	-9.653016023
236.0676	-11.46962433
245.1445529	-13.72819228
254.2245382	-15.50822433
263.3045235	-17.70278456
272.3845274	-19.69922316
281.4645127	-21.37257684
290.544498	-22.77465637
299.621451	-23.53055907
308.7014363	-23.62504865
335.9414294	-23.17089498
345.0213961	-22.69235907
354.098349	-21.90597684
363.1783529	-21.37562316
372.2583196	-20.50084865
381.3383235	-19.40661544
390.4183274	-18.65680772
408.578298	-17.70887953
426.7352549	-16.62683977
435.8152216	-16.76095251
444.8952255	-17.01088842
453.9752294	-16.88287181
463.0551961	-16.3068
472.132149	-15.53260772
481.2121529	-14.65783205
499.3721235	-12.67053591
517.5320941	-10.50340772
526.6090471	-9.82370386
544.7690549	-8.83310386
553.8490216	-8.23264807
562.9290255	-7.751064093
581.0859451	-6.918960233
590.165949	-6.233160233
608.3259196	-5.440680116
617.4059235	-5.315712163
626.4858902	-5.361432047
644.6428471	-4.392167953
662.8028549	-3.977640058
671.8828588	-3.572256081
690.0427922	-3.176016023
708.199749	-2.59689614
717.2797529	-2.395728041
735.4397607	-2.139695994
753.5966432	-2.033016023
762.6766471	-1.810512017
771.756651	-1.67944807
798.9965883	-1.609344064
817.1535451	-1.517904006
844.3935568	-1.569720029
871.6304432	-1.499616023
880.7104471	-1.530095994
935.1873451	-2.05435193
944.267349	-2.087879971
971.5073607	-2.005583977
980.5872902	-1.880616023
989.6642432	-0.978408012
998.7442471	3.788664093
1007.824251	8.260080116
1016.904255	8.168639767
1035.064188	7.610855791
1053.221145	7.345680116
1071.381153	6.492239767
1080.461157	5.72109614
1089.541161	4.41655193
1098.62109	3.8862
1116.778047	3.840480116
1125.858051	4.023359942
1134.938055	4.6482
1144.018059	4.998719884
1162.174941	6.02284807
1171.254945	6.726935907
1189.414953	8.366760233
1198.494957	8.961119884
1207.574961	9.427464093
1216.65489	9.467087837
1225.731843	8.964167953
1243.891851	9.232392279
1252.97178	9.832847488
1262.051784	11.55192047
1271.131788	12.38402433
	
