 Elev(m)    Area(m2)     Peri(m)      Radi(m)   Conv(m3/s)    topWidth(m)    newI1(m3)    dPdA(1/m)
   -35.06        0.00        0.00         NaN                 NaN               0.000           0.000             NaN
   -34.25       18.65       34.72        0.54             492.809              34.660           7.561           1.862
   -33.44       53.18       50.54        1.05            2200.492              50.396          36.686           0.458
   -32.63      100.99       67.67        1.49            5274.984              67.438          99.200           0.358
   -31.82      163.62       91.88        1.78            9615.855              91.527         206.499           0.386
   -31.01      249.39      115.96        2.15           16620.803             115.495         373.977           0.281
   -30.20      351.01      136.47        2.57           26357.467             135.893         617.445           0.202
   -29.38      471.06      160.00        2.94           38705.805             159.306         950.801           0.196
   -28.57      613.09      200.15        3.06           51723.742             199.337        1390.429           0.283
   -27.76      790.37      233.33        3.39           71307.500             232.385        1959.541           0.187
   -26.95      985.73      250.03        3.94           98399.703             248.947        2679.764           0.086
   -26.14     1194.51      267.96        4.46          129417.203             266.739        3563.864           0.086
   -25.33     1421.92      297.67        4.78          161322.625             296.315        4624.844           0.131
   -24.52     1728.44      413.29        4.18          179463.781             411.803        5902.333           0.377
   -23.71     2077.56      448.62        4.63          230886.359             447.015        7445.685           0.101
   -22.90     2453.14      482.14        5.09          290278.812             480.425        9282.913           0.089
   -22.08     2851.45      501.25        5.69          363466.812             499.411       11433.958           0.048
   -21.27     3261.74      514.69        6.34          446798.375             512.705       13912.894           0.033
   -20.46     3682.98      527.46        6.98          538183.375             525.331       16729.020           0.030
   -19.65     4113.53      538.42        7.64          638267.125             536.133       19890.545           0.025
   -18.84     4552.44      548.34        8.30          746616.062             545.891       23404.646           0.023
   -18.03     4998.82      557.68        8.96          862814.750             555.055       27277.740           0.021
   -17.22     5453.40      569.06        9.58          984159.562             566.281       31516.170           0.025
   -16.41     5919.29      583.52       10.14         1109534.000             580.580       36127.871           0.031
   -15.60     6394.20      593.78       10.77         1247254.375             590.671       41121.066           0.022
   -14.79     6877.35      603.74       11.39         1392712.125             600.436       46502.762           0.021
   -13.97     7367.79      612.58       12.03         1547080.500             609.061       52279.246           0.018
   -13.16     7864.42      619.24       12.70         1712365.750             615.491       58455.996           0.013
   -12.35     8366.14      625.77       13.37         1885070.125             621.778       65037.590           0.013
   -11.54     8872.62      631.35       14.05         2066810.500             627.093       72028.016           0.011
   -10.73     9383.26      636.43       14.74         2256735.750             631.882       79430.883           0.010
    -9.92     9897.05      640.08       15.46         2457057.250             635.142       87249.156           0.007
    -9.11    10413.47      643.69       16.18         2664403.750             638.374       95485.203           0.007
    -8.30    10932.51      647.59       16.88         2877781.750             641.897      104141.125           0.008
    -7.49    11455.31      653.32       17.53         3092569.250             647.335      113219.516           0.011
    -6.68    11982.56      660.03       18.15         3310820.250             653.754      122723.711           0.013
    -5.86    12516.36      667.14       18.76         3534927.500             660.542      132658.172           0.013
    -5.05    13053.42      670.82       19.46         3777434.500             663.839      143026.859           0.007
    -4.24    13593.09      674.40       20.16         4026957.500             667.020      153832.188           0.007
    -3.43    14135.35      678.01       20.85         4283000.000             670.223      165076.234           0.007
    -2.62    14680.21      681.61       21.54         4545580.000             673.426      176761.109           0.007
    -1.81    15227.66      685.16       22.23         4814909.500             676.567      188888.938           0.006
    -1.00    15777.59      688.62       22.91         5091064.500             679.616      201461.750           0.006
    -0.19    16330.76      694.35       23.52         5362289.500             685.022      214481.875           0.010
     0.62    16888.86      700.99       24.09         5635326.500             691.357      227952.625           0.012
     1.43    17452.96      714.19       24.44         5878957.000             704.349      241878.438           0.023
     2.25    18043.51      785.44       22.97         5832457.500             775.547      256272.469           0.121
     3.06    18752.60      939.45       19.96         5519668.500             929.512      271193.500           0.217
     3.87    19514.99      954.72       20.44         5835663.500             944.728      286711.250           0.020
     4.68    20283.19      959.41       21.14         6203207.000             949.352      302849.625           0.006
     5.49    21054.77      963.55       21.85         6582566.500             953.405      319612.438           0.005
     6.30    21828.00      963.55       22.65         6990380.000             953.405      337001.625          -0.000
     7.11    22601.22      963.55       23.46         7407938.500             953.405      355017.938           0.000
     7.92    23374.44      963.55       24.26         7835133.500             953.405      373661.344           0.000
     8.73    24147.67      963.55       25.06         8271855.000             953.405      392931.844           0.000
     9.54    24920.89      963.55       25.86         8717999.000             953.405      412829.406           0.000
    10.36    25694.11      963.55       26.67         9173470.000             953.405      433354.125          -0.000
    11.17    26467.33      963.55       27.47         9638172.000             953.405      454505.906           0.000
    11.98    27240.56      963.55       28.27        10112013.000             953.405      476284.750           0.000
    12.79    28013.78      963.55       29.07        10594907.000             953.405      498690.688          -0.000
    13.60    28787.00      963.55       29.88        11086770.000             953.405      521723.750           0.000
    14.41    29560.23      963.55       30.68        11587522.000             953.405      545383.938          -0.000
    15.22    30333.45      963.55       31.48        12097083.000             953.405      569671.125           0.000
    16.03    31106.67      963.55       32.28        12615377.000             953.405      594585.438           0.000
    16.84    31879.89      963.55       33.09        13142333.000             953.405      620126.875          -0.000
    17.65    32653.12      963.55       33.89        13677877.000             953.405      646295.438           0.000
    18.47    33426.34      963.55       34.69        14221946.000             953.405      673091.062           0.000
    19.28    34199.56      963.55       35.49        14774469.000             953.405      700513.688           0.000
    20.09    34972.79      963.55       36.30        15335384.000             953.405      728563.500           0.000
    20.90    35746.01      963.55       37.10        15904631.000             953.405      757240.438          -0.000
    21.71    36519.23      963.55       37.90        16482143.000             953.405      786544.375           0.000
    22.52    37292.45      963.55       38.70        17067866.000             953.405      816475.438           0.000
    23.33    38065.68      963.55       39.51        17661746.000             953.405      847033.625          -0.000
    24.14    38838.90      963.55       40.31        18263718.000             953.405      878218.938           0.000
    24.95    39612.12      963.55       41.11        18873736.000             953.405      910031.312           0.000
    25.76    40385.35      963.55       41.91        19491744.000             953.405      942470.688           0.000
    26.58    41158.57      963.55       42.72        20117690.000             953.405      975537.250           0.000
    27.39    41931.79      963.55       43.52        20751526.000             953.405     1009230.875          -0.000
    28.20    42705.02      963.55       44.32        21393202.000             953.405     1043551.562           0.000
    29.01    43478.24      963.55       45.12        22042670.000             953.405     1078499.375           0.000
    29.82    44251.46      963.55       45.93        22699886.000             953.405     1114074.375           0.000
    30.63    45024.68      963.55       46.73        23364800.000             953.405     1150276.375           0.000
    31.44    45797.91      963.55       47.53        24037376.000             953.405     1187105.500          -0.000
    32.25    46571.13      963.55       48.33        24717562.000             953.405     1224561.625           0.000
    33.06    47344.36      963.55       49.14        25405320.000             953.405     1262645.000           0.000
    33.87    48117.57      963.55       49.94        26100602.000             953.405     1301355.250          -0.000
    34.69    48890.80      963.55       50.74        26803376.000             953.405     1340692.625           0.000
    35.50    49664.02      963.55       51.54        27513600.000             953.405     1380657.250           0.000
    36.31    50437.25      963.55       52.35        28231238.000             953.405     1421249.000           0.000
    37.12    51210.47      963.55       53.15        28956246.000             953.405     1462467.750           0.000
    37.93    51983.69      963.55       53.95        29688586.000             953.405     1504313.625          -0.000
    38.74    52756.91      963.55       54.75        30428226.000             953.405     1546786.500           0.000
    39.55    53530.13      963.55       55.56        31175122.000             953.405     1589886.375           0.000
    40.36    54303.36      963.55       56.36        31929258.000             953.405     1633613.500           0.000
    41.17    55076.58      963.55       57.16        32690578.000             953.405     1677967.750           0.000
    41.98    55849.80      963.55       57.96        33459062.000             953.405     1722949.125          -0.000
    42.80    56623.03      963.55       58.77        34234668.000             953.405     1768557.500           0.000
    43.61    57396.25      963.55       59.57        35017368.000             953.405     1814793.000           0.000
    44.42    58169.47      963.55       60.37        35807132.000             953.405     1861655.625          -0.000
    45.23    58942.70      963.55       61.17        36603928.000             953.405     1909145.375           0.000
    46.04    59715.92      963.55       61.98        37407716.000             953.405     1957262.125           0.000
