 Elev(m)    Area(m2)     Peri(m)      Radi(m)   Conv(m3/s)    topWidth(m)    newI1(m3)    dPdA(1/m)
   -22.25        0.00        0.00         NaN                 NaN               0.000           0.000             NaN
   -21.55       19.00       42.47        0.45             444.462              42.438           6.630           2.235
   -20.85       56.58       62.88        0.90            2109.450              62.779          33.006           0.543
   -20.15      106.55       80.19        1.33            5151.317              79.982          89.938           0.346
   -19.46      167.91       97.66        1.72            9639.588              97.342         185.724           0.285
   -18.76      242.29      117.62        2.06           15690.463             117.199         328.883           0.268
   -18.06      330.76      137.06        2.41           23803.064             136.565         528.875           0.220
   -17.36      432.28      153.88        2.81           34426.211             153.294         795.172           0.166
   -16.66      542.73      163.86        3.31           48238.520             163.173        1135.449           0.090
   -15.97      660.52      176.15        3.75           63771.512             175.364        1555.381           0.104
   -15.27      788.91      195.84        4.03           79893.070             194.975        2061.226           0.153
   -14.57      934.15      220.96        4.23           97696.805             220.039        2662.565           0.173
   -13.87     1094.45      239.03        4.58          120713.875             238.045        3370.539           0.113
   -13.17     1268.07      262.82        4.82          144832.500             261.775        4195.050           0.137
   -12.48     1465.39      301.84        4.85          168058.062             300.749        5149.016           0.198
   -11.78     1682.89      322.62        5.22          202470.438             321.462        6247.751           0.096
   -11.08     1913.97      340.02        5.63          242257.719             338.800        7503.042           0.075
   -10.38     2155.99      356.65        6.05          286179.125             355.359        8923.440           0.069
    -9.68     2411.26      379.30        6.36          330985.750             377.936       10517.389           0.089
    -8.99     2682.09      398.92        6.72          382174.938             397.476       12294.948           0.072
    -8.29     2965.57      415.87        7.13          439476.188             414.347       14265.958           0.060
    -7.59     3259.38      429.13        7.60          503767.156             427.513       16438.443           0.045
    -6.89     3562.23      442.56        8.05          572284.750             440.858       18819.158           0.044
    -6.19     3877.01      462.29        8.39          640148.375             460.499       21415.424           0.063
    -5.50     4206.19      485.39        8.67          709818.750             483.525       24236.430           0.070
    -4.80     4552.51      512.03        8.89          781536.375             510.096       27293.178           0.077
    -4.10     4919.23      545.35        9.02          852651.000             543.360       30598.775           0.091
    -3.40     5317.12      607.15        8.76          903631.688             605.100       34171.223           0.155
    -2.70     5752.62      641.46        8.97          993246.938             639.360       38034.516           0.079
    -2.01     6208.34      673.73        9.21         1091513.875             671.579       42208.844           0.071
    -1.31     6694.22      719.46        9.30         1184558.250             717.248       46711.785           0.094
    -0.61     7213.81      775.42        9.30         1276365.125             773.158       51565.629           0.108
     0.09     7779.39      872.31        8.92         1338206.625             869.816       56798.195           0.171
     0.79     8423.95      988.45        8.52         1405885.500             985.710       62453.098           0.180
     1.48     9169.39     1162.51        7.89         1453329.000            1159.508       68593.102           0.233
     2.18     9981.42     1170.49        8.53         1666491.125            1167.237       75276.664           0.010
     2.88    10798.30     1176.82        9.18         1893128.000            1173.305       82528.695           0.008
     3.58    11619.35     1183.86        9.81         2130568.750            1180.092       90352.367           0.009
     4.28    12448.56     1198.98       10.38         2369830.750            1194.977       98751.977           0.018
     4.97    13288.68     1217.42       10.92         2615584.000            1213.193      107734.164           0.022
     5.67    14155.68     1278.47       11.07         2812871.750            1274.027      117312.141           0.070
     6.37    15046.92     1284.31       11.72         3104740.500            1279.696      127503.727           0.007
     7.07    15949.29     1312.12       12.16         3372711.500            1307.302      138321.281           0.031
     7.77    16869.99     1351.12       12.49         3631803.750            1346.077      149775.078           0.042
     8.46    17844.00     1432.13       12.46         3836124.000            1426.998      161890.125           0.083
     9.16    18843.51     1441.18       13.08         4183277.750            1435.936      174693.906           0.009
     9.86    19848.30     1448.32       13.70         4546623.500            1442.935      188197.203           0.007
    10.56    20857.69     1454.88       14.34         4923643.500            1449.338      202403.422           0.006
    11.26    21871.59     1461.53       14.96         5312791.000            1455.841      217315.781           0.007
    11.95    22890.29     1469.64       15.58         5710470.500            1463.823      232937.500           0.008
    12.65    23915.26     1478.56       16.17         6118226.000            1472.647      249272.438           0.009
    13.35    24943.16     1478.56       16.87         6562752.500            1472.647      266323.844           0.000
    14.05    25971.06     1478.56       17.57         7019663.000            1472.647      284092.688           0.000
    14.75    26998.95     1478.56       18.26         7488792.000            1472.647      302579.000           0.000
    15.44    28026.85     1478.56       18.96         7969983.000            1472.647      321782.812           0.000
    16.14    29054.75     1478.56       19.65         8463085.000            1472.647      341704.062           0.000
    16.84    30082.64     1478.56       20.35         8967956.000            1472.647      362342.719           0.000
    17.54    31110.54     1478.56       21.04         9484463.000            1472.647      383698.906           0.000
    18.24    32138.43     1478.56       21.74        10012473.000            1472.647      405772.562           0.000
    18.93    33166.33     1478.56       22.43        10551865.000            1472.647      428563.656           0.000
    19.63    34194.23     1478.56       23.13        11102520.000            1472.647      452072.250           0.000
    20.33    35222.12     1478.56       23.82        11664319.000            1472.647      476298.281           0.000
    21.03    36250.02     1478.56       24.52        12237158.000            1472.647      501241.719           0.000
    21.73    37277.91     1478.56       25.21        12820931.000            1472.647      526902.688           0.000
    22.42    38305.81     1478.56       25.91        13415533.000            1472.647      553281.125           0.000
    23.12    39333.71     1478.56       26.60        14020872.000            1472.647      580377.000           0.000
    23.82    40361.60     1478.56       27.30        14636848.000            1472.647      608190.375           0.000
    24.52    41389.50     1478.56       27.99        15263371.000            1472.647      636721.125           0.000
    25.22    42417.39     1478.56       28.69        15900355.000            1472.647      665969.375           0.000
    25.91    43445.29     1478.56       29.38        16547715.000            1472.647      695935.125           0.000
    26.61    44473.18     1478.56       30.08        17205368.000            1472.647      726618.312          -0.000
    27.31    45501.08     1478.56       30.77        17873234.000            1472.647      758019.000           0.000
    28.01    46528.98     1478.56       31.47        18551232.000            1472.647      790137.125           0.000
    28.71    47556.87     1478.56       32.16        19239290.000            1472.647      822972.625           0.000
    29.40    48584.77     1478.56       32.86        19937338.000            1472.647      856525.688           0.000
    30.10    49612.66     1478.56       33.55        20645298.000            1472.647      890796.250           0.000
    30.80    50640.56     1478.56       34.25        21363110.000            1472.647      925784.250           0.000
    31.50    51668.46     1478.56       34.95        22090698.000            1472.647      961489.688           0.000
    32.20    52696.35     1478.56       35.64        22827998.000            1472.647      997912.500           0.000
    32.89    53724.25     1478.56       36.34        23574954.000            1472.647     1035053.000           0.000
    33.59    54752.14     1478.56       37.03        24331494.000            1472.647     1072910.750           0.000
    34.29    55780.04     1478.56       37.73        25097564.000            1472.647     1111486.000           0.000
    34.99    56807.94     1478.56       38.42        25873106.000            1472.647     1150778.875           0.000
    35.69    57835.83     1478.56       39.12        26658060.000            1472.647     1190789.000           0.000
    36.38    58863.73     1478.56       39.81        27452370.000            1472.647     1231516.750           0.000
    37.08    59891.62     1478.56       40.51        28255980.000            1472.647     1272961.750           0.000
    37.78    60919.52     1478.56       41.20        29068838.000            1472.647     1315124.375           0.000
    38.48    61947.42     1478.56       41.90        29890892.000            1472.647     1358004.500           0.000
    39.18    62975.31     1478.56       42.59        30722090.000            1472.647     1401602.000           0.000
    39.87    64003.21     1478.56       43.29        31562386.000            1472.647     1445917.125           0.000
    40.57    65031.11     1478.56       43.98        32411724.000            1472.647     1490949.500          -0.000
    41.27    66059.00     1478.56       44.68        33270060.000            1472.647     1536699.250           0.000
    41.97    67086.90     1478.56       45.37        34137344.000            1472.647     1583166.750           0.000
    42.67    68114.79     1478.56       46.07        35013536.000            1472.647     1630351.500           0.000
    43.36    69142.69     1478.56       46.76        35898588.000            1472.647     1678254.000           0.000
    44.06    70170.59     1478.56       47.46        36792452.000            1472.647     1726873.625           0.000
    44.76    71198.48     1478.56       48.15        37695096.000            1472.647     1776211.125           0.000
    45.46    72226.38     1478.56       48.85        38606456.000            1472.647     1826265.625           0.000
    46.16    73254.27     1478.56       49.54        39526516.000            1472.647     1877037.750           0.000
    46.85    74282.17     1478.56       50.24        40455220.000            1472.647     1928527.500           0.000
    47.55    75310.06     1478.56       50.93        41392524.000            1472.647     1980734.500           0.000
