 Elev(m)    dbdxp(-)    dbdxc(-)      I2p     I2c
  -26.4799995       0.00000000       0.00000000       0.00000000       0.00000000    
  -25.7299995       7.46305585E-02  -6.96058944E-02   1.04949223E-02  -9.78832878E-03
  -24.9799995       7.62969032E-02  -7.95266107E-02   5.27089424E-02  -5.03367446E-02
  -24.2199993       3.12583484E-02  -8.24657083E-02  0.132117957     -0.135457382    
  -23.4699993       1.31560517E-02  -8.27242061E-02  0.232051834     -0.265767723    
  -22.7199993       2.07432695E-02  -9.75163281E-02  0.342998594     -0.444654226    
  -21.9699993       3.89975235E-02 -0.115867831      0.467113465     -0.678894222    
  -21.2199993       3.56995687E-02  -9.31871235E-02  0.610133708     -0.972539663    
  -20.4599991       3.49909738E-02  -6.58125356E-02  0.775646091      -1.32225013    
  -19.7099991       4.60966676E-02  -7.11458102E-02  0.960455239      -1.70927238    
  -18.9599991       7.23608509E-02 -0.100641869       1.17332542      -2.13971210    
  -18.2099991      0.117374592     -0.141944811       1.42953527      -2.62842321    
  -17.4500008      0.143558964     -0.144866630       1.75289166      -3.19855070    
  -16.7000008      0.142640918     -0.108119309       2.14941740      -3.83761740    
  -15.9499998      0.160590291     -0.105709724       2.62883258      -4.54233074    
  -15.1999998      0.200452521     -0.148721218       3.20166063      -5.31289244    
  -14.4499998      0.350153267     -0.313909084       3.90268946      -6.18429041    
  -13.6899996      0.355156571     -0.306513220       4.79071093      -7.22047949    
  -12.9399996      0.425571471     -0.332717776       5.87732649      -8.42132092    
  -12.1899996      0.400620788     -0.278991193       7.18991566      -9.79807568    
  -11.4399996      0.350947917     -0.248627499       8.72437763      -11.3350487    
  -10.6899996      0.210872069     -0.194347620       10.4435349      -13.0085106    
  -9.93000031       3.37297283E-02 -0.146434724       12.3000679      -14.8153315    
  -9.18000031       1.84625424E-02 -0.130408213       14.1743650      -16.6858635    
  -8.43000031       1.26513615E-02 -0.124810167       16.0603771      -18.6312160    
  -7.67999983       1.39919147E-02 -0.122860521       17.9545116      -20.6472893    
  -6.92000008       1.65816937E-02 -0.118965164       19.8819962      -22.7595406    
  -6.17000008       1.70779098E-02 -0.107623138       21.7932091      -24.9103184    
  -5.42000008       1.66092422E-02  -9.41768661E-02   23.7138920      -27.1213398    
  -4.67000008       1.75318848E-02  -8.71813670E-02   25.6441135      -29.3862400    
  -3.92000008       2.14395095E-02  -8.93726572E-02   27.5846157      -31.7014732    
  -3.16000009       2.70164404E-02  -9.17766318E-02   29.5633602      -34.0982094    
  -2.41000009       3.25179026E-02  -8.97623897E-02   31.5313435      -36.5147476    
  -1.65999997       3.43444906E-02  -8.26382935E-02   33.5171013      -38.9810600    
 -0.910000026       4.32632044E-02  -8.23805109E-02   35.5231781      -41.4948196    
 -0.150000006       4.88955677E-02  -7.31210560E-02   37.5800171      -44.0874786    
  0.600000024       5.18025756E-02  -6.59670308E-02   39.6370850      -46.6877403    
   1.35000002       6.64718673E-02  -7.27833137E-02   41.7249489      -49.3270721    
   2.09999990       6.82017803E-02  -6.14336096E-02   43.8483810      -52.0047874    
   2.84999990       9.67414305E-02  -7.67318457E-02   46.0139465      -54.7208099    
   3.60999990      0.113199741      -7.07476065E-02   48.2614136      -57.5134735    
   4.36000013      0.116396934      -8.61449018E-02   50.5415077      -60.3124657    
   5.11000013      0.131545901     -0.134657472       52.8887558      -63.1645699    
   5.86000013      0.211764917     -0.266210854       55.3191490      -66.1041031    
   6.61999989      0.187081799     -0.254122436       57.8869553      -69.2131195    
   7.36999989      0.293911517     -0.382457942       60.5454407      -72.4448776    
   8.11999989      0.536872983     -0.583433747       63.3883972      -75.9019928    
   8.86999989      0.393745124     -0.328629345       66.4790497      -79.6231918    
   9.61999989      0.149522588     -0.203945398       69.7769623      -83.5475388    
   10.3800001      0.129531652     -0.189365178       73.2355118      -87.6554184    
   11.1300001      0.137159571     -0.199523047       76.7258148      -91.8199692    
   11.8800001      0.118091278     -0.165655494       80.2895126      -96.0905533    
   12.6300001       8.29877704E-02 -0.157943949       83.9173889      -100.458008    
   13.3800001       7.41824284E-02 -0.157943949       87.5956345      -104.915382    
   14.1400003       7.41824284E-02 -0.157943949       91.3661957      -109.521629    
   14.8900003       7.41824284E-02 -0.157943949       95.1291351      -114.156693    
   15.6400003       7.41824284E-02 -0.157943949       98.9338074      -118.880600    
   16.3899994       7.41824284E-02 -0.157943949       102.780205      -123.693344    
   17.1499996       7.41824284E-02 -0.157943949       106.719894      -128.659714    
   17.8999996       7.41824284E-02 -0.157943949       110.649750      -133.650146    
   18.6499996       7.41824284E-02 -0.157943949       114.621330      -138.729431    
   19.3999996       7.41824284E-02 -0.157943949       118.634636      -143.897552    
   20.1499996       7.41824284E-02 -0.157943949       122.689674      -149.154526    
   20.9099998       7.41824284E-02 -0.157943949       126.840790      -154.571014    
   21.6599998       7.41824284E-02 -0.157943949       130.979279      -160.005676    
   22.4099998       7.41824284E-02 -0.157943949       135.159500      -165.529175    
   23.1599998       7.41824284E-02 -0.157943949       139.381454      -171.141525    
   23.9200001       7.41824284E-02 -0.157943949       143.701691      -176.918137    
   24.6700001       7.41824284E-02 -0.157943949       148.007095      -182.708160    
   25.4200001       7.41824284E-02 -0.157943949       152.354233      -188.587036    
   26.1700001       7.41824284E-02 -0.157943949       156.743088      -194.554749    
   26.9200001       7.41824284E-02 -0.157943949       161.173676      -200.611313    
   27.6800003       7.41824284E-02 -0.157943949       165.705338      -206.838058    
   28.4300003       7.41824284E-02 -0.157943949       170.219376      -213.072311    
   29.1800003       7.41824284E-02 -0.157943949       174.775146      -219.395401    
   29.9300003       7.41824284E-02 -0.157943949       179.372650      -225.807327    
   30.6900005       7.41824284E-02 -0.157943949       184.073441      -232.394196    
   31.4400005       7.41824284E-02 -0.157943949       188.754395      -238.983810    
   32.1899986       7.41824284E-02 -0.157943949       193.477066      -245.662262    
   32.9399986       7.41824284E-02 -0.157943949       198.241470      -252.429565    
   33.6899986       7.41824284E-02 -0.157943949       203.047607      -259.285736    
   34.4500008       7.41824284E-02 -0.157943949       207.959839      -266.322754    
   35.2000008       7.41824284E-02 -0.157943949       212.849426      -273.356598    
   35.9500008       7.41824284E-02 -0.157943949       217.780746      -280.479279    
   36.7000008       7.41824284E-02 -0.157943949       222.753799      -287.690796    
   37.4500008       7.41824284E-02 -0.157943949       227.768570      -294.991150    
   38.2099991       7.41824284E-02 -0.157943949       232.892197      -302.478271    
   38.9599991       7.41824284E-02 -0.157943949       237.990417      -309.956329    
   39.7099991       7.41824284E-02 -0.157943949       243.130371      -317.523254    
   40.4599991       7.41824284E-02 -0.157943949       248.312057      -325.178986    
   41.2200012       7.41824284E-02 -0.157943949       253.604858      -333.026276    
   41.9700012       7.41824284E-02 -0.157943949       258.869995      -340.859680    
   42.7200012       7.41824284E-02 -0.157943949       264.176849      -348.781952    
   43.4700012       7.41824284E-02 -0.157943949       269.525452      -356.793091    
   44.2200012       7.41824284E-02 -0.157943949       274.915771      -364.893036    
   44.9799995       7.41824284E-02 -0.157943949       280.419952      -373.190430    
   45.7299995       7.41824284E-02 -0.157943949       285.893738      -381.468079    
   46.4799995       7.41824284E-02 -0.157943949       291.409241      -389.834564    
   47.2299995       7.41824284E-02 -0.157943949       296.966461      -398.289886    
   47.9900017       7.41824284E-02 -0.157943949       302.639801      -406.947418    
   48.7400017       7.41824284E-02 -0.157943949       308.280487      -415.580444    
