   651.034973      -28.3379250    
   692.126892      -28.3379250    
 NaN NaN
   632.844788      -27.5704994    
   698.815613      -27.5704994    
 NaN NaN
   620.768433      -26.8030739    
   704.789795      -26.8030739    
 NaN NaN
   612.522034      -26.0356483    
   708.613037      -26.0356483    
 NaN NaN
   605.875366      -25.2682228    
   712.691528      -25.2682228    
 NaN NaN
   599.344360      -24.5007973    
   717.346436      -24.5007973    
 NaN NaN
   592.197754      -23.7333717    
   722.343262      -23.7333717    
 NaN NaN
   582.189270      -22.9659462    
   729.635864      -22.9659462    
 NaN NaN
   565.403442      -22.1985226    
   781.334961      -22.1985226    
 NaN NaN
   543.262939      -21.4310970    
   790.356445      -21.4310970    
 NaN NaN
   470.904785      -20.6636715    
   795.366028      -20.6636715    
 NaN NaN
   422.656860      -19.8962460    
   799.870361      -19.8962460    
 NaN NaN
   407.811340      -19.1288204    
   803.945923      -19.1288204    
 NaN NaN
   356.990784      -18.3613949    
   807.793945      -18.3613949    
 NaN NaN
   349.539093      -17.5939693    
   811.067139      -17.5939693    
 NaN NaN
   344.231384      -16.8265438    
   814.005737      -16.8265438    
 NaN NaN
   340.432404      -16.0591183    
   816.730347      -16.0591183    
 NaN NaN
   336.612061      -15.2916927    
   819.412903      -15.2916927    
 NaN NaN
   332.185272      -14.5242672    
   821.801208      -14.5242672    
 NaN NaN
   327.705353      -13.7568417    
   824.087158      -13.7568417    
 NaN NaN
   322.408661      -12.9894171    
   826.335022      -12.9894171    
 NaN NaN
   317.102173      -12.2219915    
   828.582947      -12.2219915    
 NaN NaN
   312.472748      -11.4545660    
   830.701660      -11.4545660    
 NaN NaN
   307.766479      -10.6871405    
   832.708191      -10.6871405    
 NaN NaN
   303.100830      -9.91971493    
   834.714722      -9.91971493    
 NaN NaN
   297.963806      -9.15228939    
   836.721252      -9.15228939    
 NaN NaN
   292.250000      -8.38486385    
   838.733093      -8.38486385    
 NaN NaN
   285.344421      -7.61743879    
   840.895264      -7.61743879    
 NaN NaN
   280.177948      -6.85001326    
   843.065491      -6.85001326    
 NaN NaN
   276.269958      -6.08258820    
   845.235718      -6.08258820    
 NaN NaN
   272.385132      -5.31516266    
   847.416626      -5.31516266    
 NaN NaN
   268.610840      -4.54773712    
   850.878784      -4.54773712    
 NaN NaN
   264.836517      -3.78031158    
   854.948608      -3.78031158    
 NaN NaN
   259.771088      -3.01288629    
   858.306580      -3.01288629    
 NaN NaN
   253.316330      -2.24546099    
   860.610107      -2.24546099    
 NaN NaN
   240.056320      -1.47803545    
   862.913635      -1.47803545    
 NaN NaN
   224.887711     -0.710610032    
   865.467834     -0.710610032    
 NaN NaN
   206.555832       5.68153858E-02
   868.203125       5.68153858E-02
 NaN NaN
   196.886246      0.824240804    
   871.198059      0.824240804    
 NaN NaN
   192.531616       1.59166622    
   874.572876       1.59166622    
 NaN NaN
   172.455811       2.35909176    
   179.101471       2.35909176    
 NaN NaN
   188.255081       2.35909176    
   878.484802       2.35909176    
 NaN NaN
   162.613129       3.12651706    
   884.058167       3.12651706    
 NaN NaN
   155.650223       3.89394236    
   888.970520       3.89394236    
 NaN NaN
   149.806595       4.66136789    
   893.200012       4.66136789    
 NaN NaN
   45.6738014       5.42879343    
   84.1444168       5.42879343    
 NaN NaN
   134.706100       5.42879343    
   897.744141       5.42879343    
 NaN NaN
   1016.67834       5.42879343    
   1017.93140       5.42879343    
 NaN NaN
   24.0442390       6.19621849    
   903.249512       6.19621849    
 NaN NaN
   922.051514       6.19621849    
   976.893921       6.19621849    
 NaN NaN
   1013.39551       6.19621849    
   1017.93140       6.19621849    
 NaN NaN
   17.5096874       6.96364403    
   983.227966       6.96364403    
 NaN NaN
   1010.11261       6.96364403    
   1017.93140       6.96364403    
 NaN NaN
   11.6261225       7.73106956    
   987.086182       7.73106956    
 NaN NaN
   1006.70996       7.73106956    
   1017.93140       7.73106956    
 NaN NaN
   7.25425768       8.49849510    
   992.063354       8.49849510    
 NaN NaN
   1003.35168       8.49849510    
   1017.93140       8.49849510    
 NaN NaN
   0.00000000       9.26592064    
   1017.93140       9.26592064    
 NaN NaN
   0.00000000       10.0333462    
   1017.93140       10.0333462    
 NaN NaN
   0.00000000       10.8007717    
   1017.93140       10.8007717    
 NaN NaN
   0.00000000       11.5681963    
   1017.93140       11.5681963    
 NaN NaN
   0.00000000       12.3356218    
   1017.93140       12.3356218    
 NaN NaN
   0.00000000       13.1030474    
   1017.93140       13.1030474    
 NaN NaN
   0.00000000       13.8704729    
   1017.93140       13.8704729    
 NaN NaN
   0.00000000       14.6378984    
   1017.93140       14.6378984    
 NaN NaN
   0.00000000       15.4053240    
   1017.93140       15.4053240    
 NaN NaN
   0.00000000       16.1727486    
   1017.93140       16.1727486    
 NaN NaN
   0.00000000       16.9401741    
   1017.93140       16.9401741    
 NaN NaN
   0.00000000       17.7075996    
   1017.93140       17.7075996    
 NaN NaN
   0.00000000       18.4750252    
   1017.93140       18.4750252    
 NaN NaN
   0.00000000       19.2424507    
   1017.93140       19.2424507    
 NaN NaN
   0.00000000       20.0098763    
   1017.93140       20.0098763    
 NaN NaN
   0.00000000       20.7773018    
   1017.93140       20.7773018    
 NaN NaN
   0.00000000       21.5447273    
   1017.93140       21.5447273    
 NaN NaN
   0.00000000       22.3121529    
   1017.93140       22.3121529    
 NaN NaN
   0.00000000       23.0795784    
   1017.93140       23.0795784    
 NaN NaN
   0.00000000       23.8470039    
   1017.93140       23.8470039    
 NaN NaN
   0.00000000       24.6144295    
   1017.93140       24.6144295    
 NaN NaN
   0.00000000       25.3818550    
   1017.93140       25.3818550    
 NaN NaN
   0.00000000       26.1492805    
   1017.93140       26.1492805    
 NaN NaN
   0.00000000       26.9167042    
   1017.93140       26.9167042    
 NaN NaN
   0.00000000       27.6841297    
   1017.93140       27.6841297    
 NaN NaN
   0.00000000       28.4515553    
   1017.93140       28.4515553    
 NaN NaN
   0.00000000       29.2189808    
   1017.93140       29.2189808    
 NaN NaN
   0.00000000       29.9864063    
   1017.93140       29.9864063    
 NaN NaN
   0.00000000       30.7538319    
   1017.93140       30.7538319    
 NaN NaN
   0.00000000       31.5212574    
   1017.93140       31.5212574    
 NaN NaN
   0.00000000       32.2886810    
   1017.93140       32.2886810    
 NaN NaN
   0.00000000       33.0561066    
   1017.93140       33.0561066    
 NaN NaN
   0.00000000       33.8235321    
   1017.93140       33.8235321    
 NaN NaN
   0.00000000       34.5909576    
   1017.93140       34.5909576    
 NaN NaN
   0.00000000       35.3583832    
   1017.93140       35.3583832    
 NaN NaN
   0.00000000       36.1258087    
   1017.93140       36.1258087    
 NaN NaN
   0.00000000       36.8932343    
   1017.93140       36.8932343    
 NaN NaN
   0.00000000       37.6606598    
   1017.93140       37.6606598    
 NaN NaN
   0.00000000       38.4280853    
   1017.93140       38.4280853    
 NaN NaN
   0.00000000       39.1955109    
   1017.93140       39.1955109    
 NaN NaN
   0.00000000       39.9629364    
   1017.93140       39.9629364    
 NaN NaN
   0.00000000       40.7303619    
   1017.93140       40.7303619    
 NaN NaN
   0.00000000       41.4977875    
   1017.93140       41.4977875    
 NaN NaN
   0.00000000       42.2652130    
   1017.93140       42.2652130    
 NaN NaN
   0.00000000       43.0326385    
   1017.93140       43.0326385    
 NaN NaN
   0.00000000       43.8000641    
   1017.93140       43.8000641    
 NaN NaN
   0.00000000       44.5674896    
   1017.93140       44.5674896    
 NaN NaN
   0.00000000       45.3349152    
   1017.93140       45.3349152    
 NaN NaN
   0.00000000       46.1023407    
   1017.93140       46.1023407    
 NaN NaN
   0.00000000       46.8697662    
   1017.93140       46.8697662    
 NaN NaN
   0.00000000       47.6371918    
   1017.93140       47.6371918    
 NaN NaN
