 Elev(m)    Area(m2)     Peri(m)      Radi(m)   Conv(m3/s)    topWidth(m)    newI1(m3)    dPdA(1/m)
   -17.99        0.00        0.00         NaN                 NaN               0.000           0.000             NaN
   -17.40        9.99       30.56        0.33             189.582              30.524           2.952           3.059
   -16.80       33.46       46.70        0.72            1071.935              46.598          15.797           0.688
   -16.21       65.53       62.99        1.04            2691.527              62.807          45.060           0.508
   -15.62      108.74       83.92        1.30            5169.732              83.662          96.574           0.484
   -15.03      169.57      131.05        1.29            8054.228             130.707         178.841           0.775
   -14.44      257.92      167.24        1.54           13771.169             166.771         305.205           0.410
   -13.85      372.26      224.17        1.66           20881.281             223.550         491.484           0.498
   -13.26      536.01      399.73        1.34           26071.400             398.942         759.964           1.072
   -12.67      842.67      575.79        1.46           43448.910             574.869        1167.494           0.574
   -12.07     1198.25      611.72        1.96           75036.078             610.707        1770.780           0.101
   -11.48     1563.07      626.44        2.50          115019.320             625.352        2587.010           0.040
   -10.89     1938.47      640.99        3.02          162153.109             639.822        3622.049           0.039
   -10.30     2318.81      648.14        3.58          216966.219             646.861        4880.482           0.019
    -9.71     2703.08      653.99        4.13          278470.000             652.587        6364.928           0.015
    -9.12     3090.30      658.93        4.69          346340.000             657.381        8077.424           0.013
    -8.53     3480.56      664.56        5.24          419873.750             662.878       10019.738           0.014
    -7.94     3874.08      670.22        5.78          499108.969             668.408       12193.732           0.014
    -7.34     4271.10      680.39        6.28          581369.562             678.452       14601.404           0.026
    -6.75     4683.79      714.62        6.55          656151.562             712.541       17248.424           0.083
    -6.16     5106.64      720.18        7.09          753915.875             717.961       20142.426           0.013
    -5.57     5532.69      725.75        7.62          857231.750             723.382       23287.361           0.013
    -4.98     5961.76      730.58        8.16          966585.438             728.062       26685.064           0.011
    -4.39     6393.58      735.63        8.69         1081085.250             732.971       30337.242           0.012
    -3.80     6828.49      741.14        9.21         1200423.625             738.352       34245.621           0.013
    -3.21     7266.58      746.60        9.73         1325002.875             743.686       38412.059           0.012
    -2.62     7707.81      752.23       10.25         1454485.375             749.188       42838.414           0.013
    -2.02     8153.43      761.49       10.71         1584350.500             758.350       47526.918           0.021
    -1.43     8606.44      776.85       11.08         1710830.625             773.621       52481.051           0.034
    -0.84     9065.86      783.96       11.56         1854440.750             780.623       57704.898           0.015
    -0.25     9529.41      790.82       12.05         2003482.250             787.375       63201.570           0.015
     0.34     9996.67      796.93       12.54         2158758.250             793.374       68973.383           0.013
     0.93    10467.54      803.44       13.03         2318269.750             799.774       75022.508           0.014
     1.52    10942.43      810.71       13.50         2481259.000             806.943       81351.188           0.015
     2.11    11421.70      818.31       13.96         2648496.500             814.449       87961.914           0.016
     2.71    11906.02      828.27       14.37         2815496.250             824.339       94857.469           0.021
     3.30    12396.65      840.76       14.74         2981624.750             836.757      102041.219           0.025
     3.89    12896.61      859.54       15.00         3138155.500             855.488      109517.781           0.038
     4.48    13406.74      874.00       15.34         3310733.500             869.893      117292.922           0.028
     5.07    13928.95      924.07       15.07         3399809.750             919.841      125373.219           0.096
     5.66    14476.10      934.77       15.49         3597577.000             930.413      133769.609           0.020
     6.25    15027.50      943.11       15.93         3806235.000             938.588      142490.734           0.015
     6.84    15607.95     1028.38       15.18         3827080.250            1023.641      151546.422           0.147
     7.43    16225.71     1069.78       15.17         3976826.250            1064.778      160956.281           0.067
     8.03    16862.50     1090.71       15.46         4185925.250            1085.470      170737.000           0.033
     8.62    17509.59     1111.39       15.75         4401586.000            1105.959      180897.219           0.032
     9.21    18165.66     1117.84       16.25         4661864.500            1112.264      191442.641           0.010
     9.80    18824.68     1122.90       16.76         4932261.500            1117.183      202376.797           0.008
    10.39    19487.00     1129.41       17.25         5204751.500            1123.589      213701.547           0.010
    10.98    20153.19     1136.07       17.74         5483157.500            1130.137      225419.000           0.010
    11.57    20823.17     1141.69       18.24         5771271.500            1135.673      237531.406           0.008
    12.16    21494.56     1141.69       18.83         6084729.500            1135.673      250040.312           0.000
    12.76    22165.96     1141.69       19.41         6404784.500            1135.673      262946.156           0.000
    13.35    22837.36     1141.69       20.00         6731370.000            1135.673      276248.906           0.000
    13.94    23508.76     1141.69       20.59         7064418.000            1135.673      289948.594           0.000
    14.53    24180.16     1141.69       21.18         7403869.000            1135.673      304045.188           0.000
    15.12    24851.56     1141.69       21.77         7749663.500            1135.673      318538.750           0.000
    15.71    25522.96     1141.69       22.36         8101742.500            1135.673      333429.188           0.000
    16.30    26194.36     1141.69       22.94         8460053.000            1135.673      348716.594          -0.000
    16.89    26865.75     1141.69       23.53         8824537.000            1135.673      364400.906           0.000
    17.49    27537.15     1141.69       24.12         9195144.000            1135.673      380482.094           0.000
    18.08    28208.55     1141.69       24.71         9571824.000            1135.673      396960.250           0.000
    18.67    28879.95     1141.69       25.30         9954531.000            1135.673      413835.312           0.000
    19.26    29551.35     1141.69       25.88        10343217.000            1135.673      431107.344           0.000
    19.85    30222.74     1141.69       26.47        10737834.000            1135.673      448776.281           0.000
    20.44    30894.14     1141.69       27.06        11138339.000            1135.673      466842.125           0.000
    21.03    31565.54     1141.69       27.65        11544690.000            1135.673      485304.906           0.000
    21.62    32236.94     1141.69       28.24        11956844.000            1135.673      504164.594           0.000
    22.21    32908.34     1141.69       28.82        12374760.000            1135.673      523421.250           0.000
    22.81    33579.73     1141.69       29.41        12798397.000            1135.673      543074.750           0.000
    23.40    34251.13     1141.69       30.00        13227723.000            1135.673      563125.188           0.000
    23.99    34922.53     1141.69       30.59        13662695.000            1135.673      583572.625           0.000
    24.58    35593.93     1141.69       31.18        14103280.000            1135.673      604416.938           0.000
    25.17    36265.33     1141.69       31.76        14549440.000            1135.673      625658.188           0.000
    25.76    36936.73     1141.69       32.35        15001139.000            1135.673      647296.375           0.000
    26.35    37608.13     1141.69       32.94        15458348.000            1135.673      669331.438           0.000
    26.94    38279.52     1141.69       33.53        15921026.000            1135.673      691763.438           0.000
    27.54    38950.92     1141.69       34.12        16389149.000            1135.673      714592.375           0.000
    28.13    39622.32     1141.69       34.70        16862684.000            1135.673      737818.250           0.000
    28.72    40293.72     1141.69       35.29        17341598.000            1135.673      761441.000           0.000
    29.31    40965.12     1141.69       35.88        17825860.000            1135.673      785460.750           0.000
    29.90    41636.52     1141.69       36.47        18315448.000            1135.673      809877.375           0.000
    30.49    42307.92     1141.69       37.06        18810324.000            1135.673      834690.938           0.000
    31.08    42979.32     1141.69       37.65        19310464.000            1135.673      859901.438           0.000
    31.67    43650.71     1141.69       38.23        19815838.000            1135.673      885508.875           0.000
    32.26    44322.11     1141.69       38.82        20326422.000            1135.673      911513.188           0.000
    32.86    44993.51     1141.69       39.41        20842188.000            1135.673      937914.500           0.000
    33.45    45664.91     1141.69       40.00        21363112.000            1135.673      964712.688           0.000
    34.04    46336.31     1141.69       40.59        21889166.000            1135.673      991907.812           0.000
    34.63    47007.70     1141.69       41.17        22420326.000            1135.673     1019499.625           0.000
    35.22    47679.10     1141.69       41.76        22956568.000            1135.673     1047488.625           0.000
    35.81    48350.50     1141.69       42.35        23497868.000            1135.673     1075874.500           0.000
    36.40    49021.90     1141.69       42.94        24044204.000            1135.673     1104657.250           0.000
    36.99    49693.30     1141.69       43.53        24595552.000            1135.673     1133837.000          -0.000
    37.59    50364.70     1141.69       44.11        25151886.000            1135.673     1163413.750           0.000
    38.18    51036.09     1141.69       44.70        25713186.000            1135.673     1193387.250           0.000
    38.77    51707.49     1141.69       45.29        26279432.000            1135.673     1223757.750           0.000
    39.36    52378.89     1141.69       45.88        26850600.000            1135.673     1254525.250           0.000
    39.95    53050.29     1141.69       46.47        27426672.000            1135.673     1285689.625           0.000
    40.54    53721.69     1141.69       47.05        28007624.000            1135.673     1317250.875           0.000
    41.13    54393.09     1141.69       47.64        28593438.000            1135.673     1349209.125           0.000
