   760.498718      -25.7187176    
   835.651733      -25.7187176    
 NaN NaN
   742.474854      -25.0204220    
   844.829956      -25.0204220    
 NaN NaN
   728.303833      -24.3221245    
   854.826538      -24.3221245    
 NaN NaN
   717.318420      -23.6238289    
   862.258301      -23.6238289    
 NaN NaN
   705.155029      -22.9255314    
   866.007935      -22.9255314    
 NaN NaN
   660.802734      -22.2272339    
   869.720215      -22.2272339    
 NaN NaN
   651.602234      -21.5289383    
   872.376282      -21.5289383    
 NaN NaN
   643.437073      -20.8306408    
   875.032349      -20.8306408    
 NaN NaN
   635.101135      -20.1323433    
   877.843933      -20.1323433    
 NaN NaN
   626.577148      -19.4340477    
   881.745728      -19.4340477    
 NaN NaN
   619.015564      -18.7357502    
   885.305786      -18.7357502    
 NaN NaN
   610.745911      -18.0374527    
   887.926575      -18.0374527    
 NaN NaN
   601.704834      -17.3391571    
   890.547424      -17.3391571    
 NaN NaN
   593.025757      -16.6408596    
   892.897339      -16.6408596    
 NaN NaN
   582.875366      -15.9425631    
   895.863708      -15.9425631    
 NaN NaN
   571.599915      -15.2442665    
   898.857300      -15.2442665    
 NaN NaN
   558.224915      -14.5459700    
   901.975342      -14.5459700    
 NaN NaN
   541.839600      -13.8476734    
   904.956970      -13.8476734    
 NaN NaN
   525.122253      -13.1493759    
   907.872192      -13.1493759    
 NaN NaN
   499.805267      -12.4510794    
   910.659363      -12.4510794    
 NaN NaN
   465.285217      -11.7527828    
   913.408020      -11.7527828    
 NaN NaN
   420.690491      -11.0544853    
   915.905151      -11.0544853    
 NaN NaN
   402.885101      -10.3561888    
   918.349731      -10.3561888    
 NaN NaN
   391.031372      -9.65789223    
   920.783752      -9.65789223    
 NaN NaN
   382.104340      -8.95959568    
   923.217773      -8.95959568    
 NaN NaN
   373.986786      -8.26129913    
   925.907288      -8.26129913    
 NaN NaN
   365.785828      -7.56300163    
   928.871765      -7.56300163    
 NaN NaN
   357.497101      -6.86470509    
   931.836609      -6.86470509    
 NaN NaN
   349.814789      -6.16640854    
   934.712769      -6.16640854    
 NaN NaN
   342.652008      -5.46811152    
   937.687683      -5.46811152    
 NaN NaN
   335.272095      -4.76981449    
   940.974976      -4.76981449    
 NaN NaN
   326.907440      -4.07151794    
   944.850464      -4.07151794    
 NaN NaN
   317.323395      -3.37322116    
   949.581360      -3.37322116    
 NaN NaN
   308.306183      -2.67492437    
   956.288879      -2.67492437    
 NaN NaN
   299.795166      -1.97662759    
   959.648315      -1.97662759    
 NaN NaN
   292.649414      -1.27833080    
   962.603882      -1.27833080    
 NaN NaN
   286.433441     -0.580034018    
   964.968384     -0.580034018    
 NaN NaN
   280.336273      0.118262768    
   967.221191      0.118262768    
 NaN NaN
   274.300079      0.816559553    
   968.971191      0.816559553    
 NaN NaN
   268.041595       1.51485634    
   970.541931       1.51485634    
 NaN NaN
   261.504700       2.21315312    
   971.894836       2.21315312    
 NaN NaN
   254.959961       2.91144991    
   973.191467       2.91144991    
 NaN NaN
   251.769135       3.60974669    
   974.488037       3.60974669    
 NaN NaN
   248.578308       4.30804348    
   975.784668       4.30804348    
 NaN NaN
   87.4404449       5.00634003    
   118.748528       5.00634003    
 NaN NaN
   143.863586       5.00634003    
   977.081299       5.00634003    
 NaN NaN
   59.0766525       5.70463705    
   124.999527       5.70463705    
 NaN NaN
   134.031174       5.70463705    
   978.377930       5.70463705    
 NaN NaN
   14.1419907       6.40293407    
   21.3418751       6.40293407    
 NaN NaN
   47.8814850       6.40293407    
   1006.71082       6.40293407    
 NaN NaN
   5.03610849       7.10123062    
   32.0858841       7.10123062    
 NaN NaN
   44.1589851       7.10123062    
   1015.18878       7.10123062    
 NaN NaN
   2.51805425       7.79952717    
   40.0021439       7.79952717    
 NaN NaN
   41.3490982       7.79952717    
   1023.67926       7.79952717    
 NaN NaN
   0.00000000       8.49782372    
   1037.58179       8.49782372    
 NaN NaN
   0.00000000       9.19612122    
   1037.58179       9.19612122    
 NaN NaN
   0.00000000       9.89441776    
   1037.58179       9.89441776    
 NaN NaN
   0.00000000       10.5927143    
   1037.58179       10.5927143    
 NaN NaN
   0.00000000       11.2910118    
   1037.58179       11.2910118    
 NaN NaN
   0.00000000       11.9893084    
   1037.58179       11.9893084    
 NaN NaN
   0.00000000       12.6876049    
   1037.58179       12.6876049    
 NaN NaN
   0.00000000       13.3859015    
   1037.58179       13.3859015    
 NaN NaN
   0.00000000       14.0841980    
   1037.58179       14.0841980    
 NaN NaN
   0.00000000       14.7824955    
   1037.58179       14.7824955    
 NaN NaN
   0.00000000       15.4807920    
   1037.58179       15.4807920    
 NaN NaN
   0.00000000       16.1790886    
   1037.58179       16.1790886    
 NaN NaN
   0.00000000       16.8773861    
   1037.58179       16.8773861    
 NaN NaN
   0.00000000       17.5756817    
   1037.58179       17.5756817    
 NaN NaN
   0.00000000       18.2739792    
   1037.58179       18.2739792    
 NaN NaN
   0.00000000       18.9722767    
   1037.58179       18.9722767    
 NaN NaN
   0.00000000       19.6705723    
   1037.58179       19.6705723    
 NaN NaN
   0.00000000       20.3688698    
   1037.58179       20.3688698    
 NaN NaN
   0.00000000       21.0671654    
   1037.58179       21.0671654    
 NaN NaN
   0.00000000       21.7654629    
   1037.58179       21.7654629    
 NaN NaN
   0.00000000       22.4637604    
   1037.58179       22.4637604    
 NaN NaN
   0.00000000       23.1620560    
   1037.58179       23.1620560    
 NaN NaN
   0.00000000       23.8603535    
   1037.58179       23.8603535    
 NaN NaN
   0.00000000       24.5586510    
   1037.58179       24.5586510    
 NaN NaN
   0.00000000       25.2569466    
   1037.58179       25.2569466    
 NaN NaN
   0.00000000       25.9552441    
   1037.58179       25.9552441    
 NaN NaN
   0.00000000       26.6535416    
   1037.58179       26.6535416    
 NaN NaN
   0.00000000       27.3518372    
   1037.58179       27.3518372    
 NaN NaN
   0.00000000       28.0501347    
   1037.58179       28.0501347    
 NaN NaN
   0.00000000       28.7484303    
   1037.58179       28.7484303    
 NaN NaN
   0.00000000       29.4467278    
   1037.58179       29.4467278    
 NaN NaN
   0.00000000       30.1450253    
   1037.58179       30.1450253    
 NaN NaN
   0.00000000       30.8433208    
   1037.58179       30.8433208    
 NaN NaN
   0.00000000       31.5416183    
   1037.58179       31.5416183    
 NaN NaN
   0.00000000       32.2399139    
   1037.58179       32.2399139    
 NaN NaN
   0.00000000       32.9382133    
   1037.58179       32.9382133    
 NaN NaN
   0.00000000       33.6365089    
   1037.58179       33.6365089    
 NaN NaN
   0.00000000       34.3348045    
   1037.58179       34.3348045    
 NaN NaN
   0.00000000       35.0331039    
   1037.58179       35.0331039    
 NaN NaN
   0.00000000       35.7313995    
   1037.58179       35.7313995    
 NaN NaN
   0.00000000       36.4296951    
   1037.58179       36.4296951    
 NaN NaN
   0.00000000       37.1279907    
   1037.58179       37.1279907    
 NaN NaN
   0.00000000       37.8262901    
   1037.58179       37.8262901    
 NaN NaN
   0.00000000       38.5245857    
   1037.58179       38.5245857    
 NaN NaN
   0.00000000       39.2228813    
   1037.58179       39.2228813    
 NaN NaN
   0.00000000       39.9211807    
   1037.58179       39.9211807    
 NaN NaN
   0.00000000       40.6194763    
   1037.58179       40.6194763    
 NaN NaN
   0.00000000       41.3177719    
   1037.58179       41.3177719    
 NaN NaN
   0.00000000       42.0160713    
   1037.58179       42.0160713    
 NaN NaN
   0.00000000       42.7143669    
   1037.58179       42.7143669    
 NaN NaN
   0.00000000       43.4126625    
   1037.58179       43.4126625    
 NaN NaN
