	RS=107.85* 
0	7.202423744
8.61364807	6.659880116
9.3726	6.595871814
17.22729614	5.94055193
18.74824749	5.836919884
25.84094363	5.87349614
28.12084865	5.894832047
33.92119228	5.958839767
34.45459228	5.964935907
37.49649498	5.998464093
43.06824093	6.028944209
45.06163088	6.031992279
46.86604633	6.031992279
51.67884093	6.01370386
56.23864633	6.031992279
60.29553823	6.068567953
65.6142973	6.105144209
68.90613823	6.117335907
74.9868973	6.202680116
77.51978456	6.233160233
84.36254363	6.053328186
86.13343088	6.01370386
93.73514363	5.992367953
94.74708186	5.980176256
103.1077436	5.907023744
103.3637745	5.903976256
111.9743745	5.983223744
112.4833946	5.974080116
120.5880255	5.879592279
121.8559946	5.839967953
129.2016765	5.660135907
131.2316363	5.675376256
137.8153181	5.577839767
140.6011946	5.526023744
146.4289691	5.443728186
149.9737946	5.4102
155.0426201	5.367528186
159.3494363	5.315712163
163.6532108	5.266944209
168.7220363	5.224271814
172.2699127	5.17855193
178.0946363	5.11149614
180.8835637	5.071871814
187.4702873	4.94995193
189.4972147	4.910328186
196.8428873	4.770119884
198.1108471	4.745735907
206.2185382	4.614672105
206.7214471	4.605527895
215.338149	4.42264807
215.5911382	4.41655193
223.948749	4.297680116
224.9637382	4.27329614
232.5624	4.151375965
234.3363382	4.139183977
241.176051	4.10870386
243.7089382	4.078224035
249.789702	4.017264093
253.0845892	3.998975965
258.4033529	4.002024035
262.4571892	4.002024035
267.0169853	4.002024035
271.8297892	3.953256081
275.6306363	3.986783977
281.2054402	4.075175965
284.2442873	4.151375965
290.5780402	4.276343919
292.8579382	4.276343919
299.9536726	4.306824035
301.4715892	4.248911872
309.3262726	3.95630386
310.0852402	3.953256081
318.6958216	3.831335907
327.7575196	1.463040058
327.894702	1.429512017
336.8192549	-0.716279971
337.0874804	-0.737616023
345.8840039	-1.264920029
346.2832726	-1.301495994
354.945702	-1.865375965
355.479102	-1.920240058
364.0074	-2.804159942
364.6718804	-2.862072105
373.069098	-3.633216023
373.8676726	-3.700272105
382.1307961	-4.319016023
383.060451	-4.459224035
391.1924941	-5.71195193
392.2562804	-5.86435193
400.2542294	-7.196328186
401.4520726	-7.382255791
409.3159274	-8.668512163
410.644851	-8.863583977
418.3745745	-10.10716795
419.8436941	-10.30528842
427.4362726	-11.12824749
429.0364726	-11.27150386
436.4979706	-11.86586409
438.229251	-12.03350386
445.5597059	-12.66748842
447.4250804	-12.76807181
454.6214039	-13.12468842
456.6208726	-13.27708842
463.683102	-13.89887953
465.816702	-14.05737567
472.7448	-14.57553591
475.0094804	-14.77365637
481.806498	-15.34058456
484.2052726	-15.49907953
490.8681961	-15.94713591
493.401102	-16.06600772
499.9298941	-16.27022433
502.5938804	-16.27936795
508.9916294	-16.25803205
511.7927235	-16.20926409
518.0533274	-16.07210386
520.985502	-16.04772047
527.1150255	-16.02028842
530.1782804	-16.04162433
536.1767235	-16.09953591
539.3740726	-16.16659228
545.2384216	-16.33423205
548.569902	-16.43786409
554.3001196	-16.58416795
557.7626804	-16.70913591
563.3618549	-16.90725637
566.9584726	-16.99869614
572.4235529	-17.145
576.154302	-17.26692047
581.485251	-17.47418456
585.3500941	-17.62963205
590.546949	-17.85823205
594.5428726	-18.09597567
599.6055961	-18.39163205
603.735651	-18.60803977
608.6672941	-18.92198456
612.9344941	-19.19020772
617.7290294	-19.41576023
622.1272726	-19.69312819
626.7906902	-19.97354363
631.323102	-20.11984865
635.8523883	-20.25700772
640.5188941	-20.39416912
644.9141607	-20.52218456
649.7117098	-20.65934363
653.9758588	-20.78431274
658.907502	-20.92147181
663.0406078	-21.01595907
668.1032941	-21.11654363
672.1023059	-21.18969498
677.2991607	-21.25675135
681.1640039	-21.30247181
686.491902	-21.32380772
690.222651	-21.33295135
695.6846432	-21.336
699.284349	-21.33295135
704.8835607	-21.336
708.3460471	-21.34209498
714.076302	-21.40000772
717.4077451	-21.43353591
723.2720941	-21.54631274
726.4694432	-21.61946409
732.4679607	-21.79929498
735.5311412	-21.90902316
741.660702	-22.14981544
744.5928393	-22.25954363
750.8564941	-22.43632819
753.6546117	-22.50947953
760.0493098	-22.71064865
762.7163098	-22.79599228
769.245102	-23.00630502
771.7780078	-23.08555135
778.4408941	-23.25928726
780.8397059	-23.3172
787.6337098	-23.41168726
789.8983529	-23.43302316
796.8325529	-23.49398456
798.960051	-23.51227181
806.0252941	-23.50922316
808.021749	-23.50617684
815.2181098	-23.40864093
817.086498	-23.37815907
824.4169529	-23.15260772
826.1481961	-23.09469498
833.6096941	-22.88133591
835.2098941	-22.84475907
842.8055607	-22.75941544
844.2715922	-22.76855907
851.998302	-22.96363088
853.3332902	-23.00020772
861.1940941	-23.43912047
862.3949883	-23.49703088
870.3899607	-23.9268
871.4567607	-23.98471274
879.582702	-24.33827953
880.5154078	-24.37790502
888.7815451	-24.64917684
889.5771059	-24.67051274
897.9743607	-24.80462316
898.6388039	-24.80767181
907.167102	-24.60650502
907.700502	-24.59126409
916.3628941	-24.38704865
916.7622	-24.384
925.5587607	-24.62784093
925.823898	-24.63393591
934.7545529	-25.01798456
934.8855961	-25.02407953
943.9472941	-25.21610502
952.7499568	-25.11247181
953.2132588	-25.10027953
961.5525451	-24.64003088
962.479149	-24.58212047
970.3552078	-24.15235135
971.7419883	-24.08529498
979.1547451	-23.58542316
981.0079529	-23.47874363
987.9574078	-23.22271274
990.2738432	-23.19223088
996.7599961	-23.36901544
999.5398078	-23.38730502
1005.562659	-23.25624093
1008.805698	-23.03983088
1014.365247	-22.46985637
1018.071588	-21.99436912
1023.164859	-21.08606409
1027.337553	-20.35759228
1031.970498	-19.3548
1036.603443	-18.41601544
1040.77011	-17.53514363
1045.869408	-16.47748842
1049.575749	-15.79168842
1055.132247	-14.55115251
1058.375361	-13.84096795
1064.395161	-12.36268842
1067.174898	-11.55192047
1072.371753	-9.875520465
1073.661051	-9.460992279
1075.980612	-8.519160233
1082.926941	-6.111239767
1084.780149	-5.504687837
1088.004957	-4.6482
1092.192906	-3.535680116
1093.585788	-3.218688128
1101.458796	-1.08813598
1102.3854	-0.691895994
1110.724761	2.575559942
1111.187988	2.718816023
1119.990651	5.312664093
1125.050361	5.382767953
1130.109996	5.437632047
1135.169706	5.504687837
1140.22629	5.535167953
1145.289051	5.553455791
1150.34571	5.596128186
1155.405345	5.6388
1160.465055	5.672328186
1165.52469	5.724144209
1170.5844	6.044183977
1175.64411	6.352032047
1180.703745	6.659880116
	
