 Elev(m)    Area(m2)     Peri(m)      Radi(m)   Conv(m3/s)    topWidth(m)    newI1(m3)    dPdA(1/m)
   -16.93        0.00        0.00         NaN                 NaN               0.000           0.000             NaN
   -16.37       16.24       46.54        0.35             321.985              46.521           4.581           2.866
   -15.81       50.71       76.64        0.66            1540.406              76.600          23.466           0.873
   -15.24      101.70      102.10        1.00            4057.106             102.025          66.455           0.499
   -14.68      165.14      124.59        1.33            7970.855             124.477         141.720           0.354
   -14.11      251.29      173.22        1.45           12881.198             173.070         259.179           0.564
   -13.55      360.63      222.80        1.62           19885.998             222.603         431.778           0.454
   -12.99      497.83      261.03        1.91           30624.588             260.769         673.918           0.279
   -12.42      657.48      303.43        2.17           44037.492             303.113         999.788           0.266
   -11.86      836.42      333.98        2.50           61700.262             333.592        1421.160           0.171
   -11.29     1057.87      406.87        2.60           80010.070             406.407        1955.467           0.329
   -10.73     1291.29      421.60        3.06          108934.391             421.065        2618.074           0.063
   -10.17     1533.25      438.37        3.50          141315.375             437.754        3414.770           0.069
    -9.60     1789.83      474.50        3.77          173483.562             473.780        4352.084           0.141
    -9.04     2064.74      500.93        4.12          212316.375             500.111        5439.312           0.096
    -8.47     2353.61      523.48        4.50          256458.641             522.549        6685.562           0.078
    -7.91     2655.37      553.28        4.80          302207.625             552.246        8098.405           0.099
    -7.34     2986.48      610.56        4.89          344222.656             609.423        9689.759           0.173
    -6.78     3337.64      650.68        5.13          397081.156             649.434       11473.552           0.114
    -6.22     3718.30      684.68        5.43          459524.500             683.304       13463.763           0.089
    -5.65     4109.09      718.29        5.72          525735.688             716.789       15671.570           0.086
    -5.09     4574.83      883.74        5.18          547606.312             882.106       18120.975           0.355
    -4.52     5077.19      900.01        5.64          643578.875             898.246       20843.441           0.032
    -3.96     5591.08      934.94        5.98          736825.125             933.055       23852.555           0.068
    -3.40     6122.10      949.42        6.45          848376.312             947.405       27156.396           0.027
    -2.83     6659.27      959.29        6.94          969329.250             957.152       30761.533           0.018
    -2.27     7202.04      969.38        7.43         1096874.375             967.137       34671.281           0.019
    -1.70     7749.86      977.38        7.93         1232654.625             975.026       38888.648           0.015
    -1.14     8302.14      985.51        8.42         1374892.375             983.048       43416.305           0.015
    -0.58     8859.02      993.77        8.91         1523514.125             991.193       48256.812           0.015
    -0.01     9419.80      999.68        9.42         1680953.125             996.983       53412.570           0.011
     0.55     9983.88     1005.70        9.93         1844643.875            1002.891       58885.609           0.011
     1.12    10551.81     1014.32       10.40         2011358.375            1011.399       64677.949           0.015
     1.68    11125.16     1024.54       10.86         2182145.250            1021.529       70792.195           0.018
     2.25    11704.29     1034.22       11.32         2359895.500            1031.109       77231.516           0.017
     2.81    12289.02     1045.61       11.75         2541024.000            1042.437       83999.117           0.019
     3.37    12883.34     1062.71       12.12         2719559.000            1059.475       91099.281           0.029
     3.94    13483.30     1070.86       12.59         2918980.750            1067.551       98536.305           0.014
     4.50    14087.94     1080.38       13.04         3121919.500            1076.995      106313.102           0.016
     5.07    14699.19     1099.75       13.37         3311460.250            1096.299      114432.852           0.032
     5.63    15323.75     1118.74       13.70         3508993.500            1115.224      122901.180           0.030
     6.19    15959.67     1144.25       13.95         3699008.750            1140.676      131725.047           0.040
     6.76    16611.78     1191.75       13.94         3848541.250            1188.147      140912.203           0.073
     7.32    17303.89     1251.83       13.82         3986603.000            1248.187      150478.516           0.087
     7.89    18034.33     1313.02       13.73         4137250.000            1309.324      160446.094           0.084
     8.45    18774.64     1318.52       14.24         4411859.500            1314.686      170828.516           0.007
     9.02    19517.53     1323.09       14.75         4695780.500            1319.116      181629.250           0.006
     9.58    20262.92     1327.67       15.26         4986977.000            1323.546      192849.812           0.006
    10.14    21010.82     1332.35       15.77         5285094.000            1328.086      204491.578           0.006
    10.71    21763.08     1347.26       16.15         5562802.500            1342.900      216556.469           0.020
    11.27    22521.89     1351.72       16.66         5876849.500            1347.323      229047.578           0.006
    11.84    23281.95     1351.72       17.22         6211101.500            1347.323      241967.078           0.000
    12.40    24042.00     1351.72       17.79         6552710.000            1347.323      255315.375          -0.000
    12.96    24802.06     1351.72       18.35         6901594.500            1347.323      269092.438           0.000
    13.53    25562.12     1351.72       18.91         7257680.000            1347.323      283298.219           0.000
    14.09    26322.17     1351.72       19.47         7620897.000            1347.323      297932.812          -0.000
    14.66    27082.23     1351.72       20.04         7991173.000            1347.323      312996.156           0.000
    15.22    27842.29     1351.72       20.60         8368444.000            1347.323      328488.281           0.000
    15.78    28602.35     1351.72       21.16         8752643.000            1347.323      344409.188           0.000
    16.35    29362.40     1351.72       21.72         9143711.000            1347.323      360758.812          -0.000
    16.91    30122.46     1351.72       22.28         9541584.000            1347.323      377537.219           0.000
    17.48    30882.52     1351.72       22.85         9946209.000            1347.323      394744.406           0.000
    18.04    31642.57     1351.72       23.41        10357529.000            1347.323      412380.344          -0.000
    18.61    32402.63     1351.72       23.97        10775489.000            1347.323      430445.094           0.000
    19.17    33162.69     1351.72       24.53        11200034.000            1347.323      448938.562           0.000
    19.73    33922.74     1351.72       25.10        11631117.000            1347.323      467860.781          -0.000
    20.30    34682.80     1351.72       25.66        12068689.000            1347.323      487211.844           0.000
    20.86    35442.86     1351.72       26.22        12512698.000            1347.323      506991.594           0.000
    21.43    36202.91     1351.72       26.78        12963104.000            1347.323      527200.188           0.000
    21.99    36962.97     1351.72       27.35        13419860.000            1347.323      547837.438          -0.000
    22.55    37723.03     1351.72       27.91        13882917.000            1347.323      568903.500           0.000
    23.12    38483.09     1351.72       28.47        14352238.000            1347.323      590398.375           0.000
    23.68    39243.14     1351.72       29.03        14827779.000            1347.323      612322.000          -0.000
    24.25    40003.20     1351.72       29.59        15309501.000            1347.323      634674.312           0.000
    24.81    40763.26     1351.72       30.16        15797364.000            1347.323      657455.500           0.000
    25.37    41523.31     1351.72       30.72        16291328.000            1347.323      680665.375          -0.000
    25.94    42283.37     1351.72       31.28        16791356.000            1347.323      704304.062           0.000
    26.50    43043.43     1351.72       31.84        17297414.000            1347.323      728371.562           0.000
    27.07    43803.48     1351.72       32.41        17809468.000            1347.323      752867.688           0.000
    27.63    44563.54     1351.72       32.97        18327478.000            1347.323      777792.750          -0.000
    28.20    45323.60     1351.72       33.53        18851408.000            1347.323      803146.438           0.000
    28.76    46083.65     1351.72       34.09        19381226.000            1347.323      828928.938           0.000
    29.32    46843.71     1351.72       34.66        19916912.000            1347.323      855140.250          -0.000
    29.89    47603.77     1351.72       35.22        20458418.000            1347.323      881780.250           0.000
    30.45    48363.83     1351.72       35.78        21005720.000            1347.323      908849.125           0.000
    31.02    49123.88     1351.72       36.34        21558786.000            1347.323      936346.625          -0.000
    31.58    49883.94     1351.72       36.90        22117586.000            1347.323      964272.938           0.000
    32.14    50644.00     1351.72       37.47        22682090.000            1347.323      992628.125           0.000
    32.71    51404.05     1351.72       38.03        23252276.000            1347.323     1021412.062          -0.000
    33.27    52164.11     1351.72       38.59        23828104.000            1347.323     1050624.500           0.000
    33.84    52924.17     1351.72       39.15        24409558.000            1347.323     1080266.000           0.000
    34.40    53684.23     1351.72       39.72        24996600.000            1347.323     1110336.250           0.000
    34.96    54444.28     1351.72       40.28        25589214.000            1347.323     1140835.000          -0.000
    35.53    55204.34     1351.72       40.84        26187368.000            1347.323     1171762.750           0.000
    36.09    55964.39     1351.72       41.40        26791034.000            1347.323     1203119.375           0.000
    36.66    56724.45     1351.72       41.96        27400196.000            1347.323     1234904.375          -0.000
    37.22    57484.51     1351.72       42.53        28014820.000            1347.323     1267118.500           0.000
    37.79    58244.57     1351.72       43.09        28634890.000            1347.323     1299761.375           0.000
    38.35    59004.62     1351.72       43.65        29260374.000            1347.323     1332832.750          -0.000
    38.91    59764.68     1351.72       44.21        29891256.000            1347.323     1366333.125           0.000
    39.48    60524.74     1351.72       44.78        30527506.000            1347.323     1400262.250           0.000
