 Elev(m)    dbdxp(-)    dbdxc(-)      I2p     I2c
  -46.0200005       0.00000000       0.00000000       0.00000000       0.00000000    
  -44.8899994      -6.80884160E-03   5.84542099E-03  -2.17355648E-03   1.86600804E-03
  -43.7599983      -1.12750512E-02   7.81541970E-03  -1.22935111E-02   9.95891448E-03
  -42.6399994      -1.70357674E-02   1.21213635E-02  -3.70831713E-02   2.86668073E-02
  -41.5099983      -2.42975932E-02   2.04508491E-02  -8.42457116E-02   6.42471537E-02
  -40.3800011      -3.25546302E-02   3.34507003E-02 -0.162751406      0.127431974    
  -39.2500000      -3.45809683E-02   3.66601795E-02 -0.280837387      0.230204910    
  -38.1300011      -3.54777426E-02   3.13722491E-02 -0.441484362      0.375968903    
  -37.0000000      -4.07498106E-02   3.63606252E-02 -0.650064588      0.566180468    
  -35.8699989      -4.71484773E-02   4.83681001E-02 -0.911037982      0.805061698    
  -34.7400017      -4.80939224E-02   5.13472557E-02  -1.23047364       1.10282123    
  -33.6199989      -4.90839928E-02   5.92481084E-02  -1.60824037       1.46480203    
  -32.4900017      -5.74585237E-02  0.110652946      -2.05413389       1.91923940    
  -31.3600006      -4.77252454E-02   7.89112896E-02  -2.56761718       2.48842859    
  -30.2299995      -5.95650561E-02   6.38923571E-02  -3.14892769       3.16371822    
  -29.1100006      -6.25038296E-02   6.17005676E-02  -3.79800677       3.91830611    
  -27.9799995      -6.71684369E-02   6.30923584E-02  -4.53289700       4.75920439    
  -26.8500004      -7.02374876E-02   6.24843165E-02  -5.35304356       5.68002510    
  -25.7199993      -7.42253065E-02   7.10148737E-02  -6.26317167       6.68355131    
  -24.6000004      -8.50243047E-02   8.27287957E-02  -7.26178837       7.76951313    
  -23.4699993      -8.86310712E-02   8.78161117E-02  -8.37514114       8.96825600    
  -22.3400002      -9.25483182E-02   9.43289325E-02  -9.60176373       10.2795839    
  -21.2099991      -9.73863080E-02   9.69245508E-02  -10.9468575       11.7101126    
  -20.0900002     -0.104600616       9.18013304E-02  -12.4046202       13.2487383    
  -18.9599991      -9.25865993E-02   7.69849941E-02  -14.0022526       14.9146929    
  -17.8299999      -9.41089913E-02   8.15980136E-02  -15.7224264       16.6851501    
  -16.7000008      -9.86497849E-02   9.17706862E-02  -17.5637321       18.5615730    
  -15.5799999     -0.108792216      0.113595404      -19.5159550       20.5418072    
  -14.4499998     -0.133181080      0.143831670      -21.6284828       22.6868706    
  -13.3199997     -0.165979102      0.155046806      -23.9137516       25.0095196    
  -12.1999998     -0.176565140      0.149251476      -26.3828011       27.5033188    
  -11.0699997     -0.157210767      0.118616648      -29.0888176       30.2011681    
  -9.93999958     -0.131374165       8.67572501E-02  -31.9935074       33.0500870    
  -8.81000042     -0.124549404       7.53890947E-02  -35.0720139       36.0163269    
  -7.69000006     -0.123483203       7.11753145E-02  -38.2834358       39.0544090    
  -6.55999994     -0.124117441       6.95980564E-02  -41.6810417       42.2109222    
  -5.42999983     -0.128515452       7.13174120E-02  -45.2383347       45.4573593    
  -4.30000019     -0.143587530       8.46779794E-02  -48.9631348       48.7985764    
  -3.18000007     -0.192364573      0.129166216      -52.8483086       52.2278519    
  -2.04999995     -0.258978516      0.183521941      -57.0185432       55.8552132    
 -0.920000017     -0.281169295      0.215026498      -61.5052834       59.7096214    
  0.209999993     -0.238954991      0.172418356      -66.3304901       63.8149376    
   1.33000004     -0.214594826      0.137359247      -71.4223480       68.1054001    
   2.46000004     -0.401828527      0.163672075      -76.8999405       72.6282730    
   3.58999991     -0.875236273      0.487791240      -82.9819794       77.4552078    
   4.71999979      -1.17386031       1.01937103      -90.1258163       82.9712296    
   5.84000015     -0.881629169      0.763155997      -98.5109329       89.4843369    
   6.96999979     -0.404254943      0.213127777      -108.031700       96.9311905    
   8.10000038     -0.203342736       3.14094052E-02  -118.156929       104.767769    
   9.22999954     -0.165933326      -1.09334886E-02  -128.593979       112.688934    
   10.3500004     -0.109216250      -7.51302838E-02  -139.143372       120.519012    
   11.4799995     -0.109216250      -7.51302838E-02  -149.943695       128.343796    
   12.6099997     -0.109216250      -7.51302838E-02  -160.883499       136.072662    
   13.7399998     -0.109216250      -7.51302838E-02  -171.962769       143.705597    
   14.8599997     -0.109216250      -7.51302838E-02  -183.082825       151.175461    
   15.9899998     -0.109216250      -7.51302838E-02  -194.440994       158.616516    
   17.1200008     -0.109216250      -7.51302838E-02  -205.938644       165.961655    
   18.2500000     -0.109216250      -7.51302838E-02  -217.575729       173.210831    
   19.3700008     -0.109216250      -7.51302838E-02  -229.248703       180.300369    
   20.5000000     -0.109216250      -7.51302838E-02  -241.164703       187.357681    
   21.6299992     -0.109216250      -7.51302838E-02  -253.220154       194.319061    
   22.7600002     -0.109216250      -7.51302838E-02  -265.415100       201.184525    
   23.8799992     -0.109216250      -7.51302838E-02  -277.640930       207.893707    
   25.0100002     -0.109216250      -7.51302838E-02  -290.114807       214.567307    
   26.1399994     -0.109216250      -7.51302838E-02  -302.728088       221.144943    
   27.2700005     -0.109216250      -7.51302838E-02  -315.480865       227.626678    
   28.3899994     -0.109216250      -7.51302838E-02  -328.259583       233.955521    
   29.5200005     -0.109216250      -7.51302838E-02  -341.291290       240.245377    
   30.6499996     -0.109216250      -7.51302838E-02  -354.462402       246.439285    
   31.7800007     -0.109216250      -7.51302838E-02  -367.773010       252.537277    
   32.9000015     -0.109216250      -7.51302838E-02  -381.104675       258.485779    
   34.0299988     -0.109216250      -7.51302838E-02  -394.694153       264.391876    
   35.1599998     -0.109216250      -7.51302838E-02  -408.423126       270.202087    
   36.2900009     -0.109216250      -7.51302838E-02  -422.291565       275.916321    
   37.4099998     -0.109216250      -7.51302838E-02  -436.176117       281.484497    
   38.5400009     -0.109216250      -7.51302838E-02  -450.323456       287.006866    
   39.6699982     -0.109216250      -7.51302838E-02  -464.610229       292.433319    
   40.7999992     -0.109216250      -7.51302838E-02  -479.036499       297.763824    
   41.9199982     -0.109216250      -7.51302838E-02  -493.473938       302.951630    
   43.0499992     -0.109216250      -7.51302838E-02  -508.179138       308.090302    
   44.1800003     -0.109216250      -7.51302838E-02  -523.023804       313.132996    
   45.3100014     -0.109216250      -7.51302838E-02  -538.007874       318.079773    
   46.4300003     -0.109216250      -7.51302838E-02  -552.998230       322.887268    
   47.5600014     -0.109216250      -7.51302838E-02  -568.261230       327.642181    
   48.6899986     -0.109216250      -7.51302838E-02  -583.663635       332.301147    
   49.8100014     -0.109216250      -7.51302838E-02  -599.068726       336.823395    
   50.9399986     -0.109216250      -7.51302838E-02  -614.750061       341.290497    
   52.0699997     -0.109216250      -7.51302838E-02  -630.570923       345.661652    
   53.2000008     -0.109216250      -7.51302838E-02  -646.531250       349.936890    
   54.3199997     -0.109216250      -7.51302838E-02  -662.489136       354.078796    
   55.4500008     -0.109216250      -7.51302838E-02  -678.728333       358.162170    
   56.5800018     -0.109216250      -7.51302838E-02  -695.107056       362.149597    
   57.7099991     -0.109216250      -7.51302838E-02  -711.625122       366.041107    
   58.8300018     -0.109216250      -7.51302838E-02  -728.135986       369.802673    
   59.9599991     -0.109216250      -7.51302838E-02  -744.932983       373.502289    
   61.0900002     -0.109216250      -7.51302838E-02  -761.869507       377.105988    
   62.2200012     -0.109216250      -7.51302838E-02  -778.945496       380.613770    
   63.3400002     -0.109216250      -7.51302838E-02  -796.009216       383.994965    
   64.4700012     -0.109216250      -7.51302838E-02  -813.364136       387.310883    
   65.5999985     -0.109216250      -7.51302838E-02  -830.858398       390.530823    
   66.7300034     -0.109216250      -7.51302838E-02  -848.492310       393.654877    
