 Elev(m)    Area(m2)     Peri(m)      Radi(m)   Conv(m3/s)    topWidth(m)    newI1(m3)    dPdA(1/m)
   -41.27        0.00        0.00         NaN                 NaN               0.000           0.000             NaN
   -40.32       14.89       24.36        0.61             428.859              24.228           7.080           1.636
   -39.36       43.39       36.19        1.20            1958.936              35.868          34.796           0.415
   -38.41       83.26       48.11        1.73            4800.233              47.598          95.028           0.299
   -37.46      133.40       58.34        2.29            9261.083              57.597         198.063           0.204
   -36.51      191.66       65.95        2.91           15613.076              64.935         352.653           0.131
   -35.56      256.99       74.09        3.47           23555.346              72.818         566.023           0.125
   -34.61      332.09       88.44        3.75           32090.994              86.960         846.179           0.191
   -33.66      427.85      115.17        3.72           41051.492             113.550        1207.592           0.279
   -32.71      546.92      138.18        3.96           54739.789             136.423        1671.169           0.193
   -31.76      685.00      155.70        4.40           73568.086             153.766        2257.044           0.127
   -30.80      839.51      172.03        4.88           96613.977             169.905        2982.069           0.106
   -29.85     1008.35      187.91        5.37          123626.133             185.604        3860.875           0.094
   -28.90     1192.70      204.00        5.85          154829.688             201.433        4907.653           0.087
   -27.95     1391.57      219.70        6.33          190550.078             216.828        6136.682           0.079
   -27.00     1604.62      234.70        6.84          231211.312             231.515        7561.606           0.070
   -26.05     1833.54      253.86        7.22          274036.844             250.386        9196.722           0.084
   -25.10     2081.31      274.00        7.60          321699.750             270.230       11058.542           0.081
   -24.15     2350.73      301.23        7.80          369940.625             297.166       13166.327           0.101
   -23.19     2643.06      323.46        8.17          428906.062             319.151       15541.272           0.076
   -22.24     2960.18      353.71        8.37          488083.750             349.184       18206.055           0.095
   -21.29     3302.79      374.01        8.83          564423.750             369.261       21184.592           0.059
   -20.34     3659.32      385.24        9.50          656506.125             380.239       24495.627           0.031
   -19.39     4026.24      396.96       10.14          754621.062             391.721       28150.717           0.032
   -18.44     4412.80      421.89       10.46          844216.438             416.445       32164.146           0.064
   -17.49     4813.71      432.20       11.14          960293.188             426.530       36552.094           0.026
   -16.54     5223.99      442.03       11.82         1084163.750             436.124       41325.816           0.024
   -15.59     5650.57      468.27       12.07         1189100.500             462.124       46497.527           0.062
   -14.63     6096.00      479.52       12.71         1328195.375             473.118       52083.953           0.025
   -13.68     6550.19      488.51       13.41         1478763.750             481.833       58098.223           0.020
   -12.73     7012.63      497.93       14.08         1635880.375             490.974       64548.414           0.020
   -11.78     7482.94      504.39       14.84         1807187.750             497.106       71442.211           0.014
   -10.83     7957.63      508.76       15.64         1990787.125             501.023       78785.430           0.009
    -9.88     8436.05      513.13       16.44         2181758.500             504.942       86581.922           0.009
    -8.93     8918.19      517.50       17.23         2380019.000             508.861       94835.242           0.009
    -7.98     9404.08      521.96       18.02         2585207.000             512.874      103548.938           0.009
    -7.03     9893.75      526.18       18.80         2798356.750             516.562      112726.594           0.009
    -6.07    10386.66      530.12       19.59         3019516.250             519.873      122371.539           0.008
    -5.12    10882.75      534.01       20.38         3247813.500             523.164      132486.828           0.008
    -4.17    11381.70      537.48       21.18         3484704.250             525.992      143075.344           0.007
    -3.22    11883.35      540.94       21.97         3728416.000             528.821      154139.719           0.007
    -2.27    12387.69      544.41       22.75         3978880.000             531.649      165682.531           0.007
    -1.32    12894.72      547.87       23.54         4236032.500             534.478      177706.328           0.007
    -0.37    13407.77      563.63       23.79         4435987.000             549.724      190215.250           0.031
     0.58    13935.83      571.93       24.37         4685098.500             557.485      203219.297           0.016
     1.54    14468.01      576.52       25.10         4960564.500             561.515      216727.578           0.009
     2.49    15004.01      581.27       25.81         5241890.500             565.706      230743.859           0.009
     3.44    15548.66      596.53       26.07         5467571.000             580.720      245274.094           0.028
     4.39    16127.75      679.62       23.73         5327299.000             663.714      260338.734           0.143
     5.34    16780.50      706.30       23.76         5547205.000             690.327      275989.219           0.041
     6.29    17444.39      721.80       24.17         5832756.500             705.706      292265.875           0.023
     7.24    18115.63      721.80       25.10         6211595.500             705.706      309177.500           0.000
     8.19    18786.87      721.80       26.03         6599912.500             705.706      326727.562           0.000
     9.14    19458.11      721.80       26.96         6997589.500             705.706      344916.094           0.000
    10.10    20129.35      721.80       27.89         7404521.500             705.706      363743.062          -0.000
    11.05    20800.58      721.80       28.82         7820601.000             705.706      383208.500           0.000
    12.00    21471.82      721.80       29.75         8245729.500             705.706      403312.375           0.000
    12.95    22143.06      721.80       30.68         8679813.000             705.706      424054.719           0.000
    13.90    22814.30      721.80       31.61         9122758.000             705.706      445435.531           0.000
    14.85    23485.54      721.80       32.54         9574478.000             705.706      467454.750          -0.000
    15.80    24156.78      721.80       33.47        10034890.000             705.706      490112.469           0.000
    16.75    24828.02      721.80       34.40        10503909.000             705.706      513408.625           0.000
    17.70    25499.26      721.80       35.33        10981461.000             705.706      537343.250           0.000
    18.66    26170.50      721.80       36.26        11467466.000             705.706      561916.312           0.000
    19.61    26841.73      721.80       37.19        11961855.000             705.706      587127.875          -0.000
    20.56    27512.97      721.80       38.12        12464555.000             705.706      612977.812           0.000
    21.51    28184.21      721.80       39.05        12975500.000             705.706      639466.250           0.000
    22.46    28855.45      721.80       39.98        13494621.000             705.706      666593.188           0.000
    23.41    29526.69      721.80       40.91        14021858.000             705.706      694358.500          -0.000
    24.36    30197.93      721.80       41.84        14557144.000             705.706      722762.312           0.000
    25.31    30869.17      721.80       42.77        15100423.000             705.706      751804.562           0.000
    26.27    31540.41      721.80       43.70        15651637.000             705.706      781485.250           0.000
    27.22    32211.65      721.80       44.63        16210725.000             705.706      811804.500           0.000
    28.17    32882.89      721.80       45.56        16777636.000             705.706      842762.062          -0.000
    29.12    33554.12      721.80       46.49        17352316.000             705.706      874358.125           0.000
    30.07    34225.36      721.80       47.42        17934710.000             705.706      906592.688           0.000
    31.02    34896.60      721.80       48.35        18524768.000             705.706      939465.625           0.000
    31.97    35567.84      721.80       49.28        19122442.000             705.706      972977.062           0.000
    32.92    36239.08      721.80       50.21        19727686.000             705.706     1007126.938          -0.000
    33.87    36910.32      721.80       51.14        20340450.000             705.706     1041915.375           0.000
    34.83    37581.56      721.80       52.07        20960688.000             705.706     1077342.125           0.000
    35.78    38252.80      721.80       53.00        21588354.000             705.706     1113407.375           0.000
    36.73    38924.04      721.80       53.93        22223412.000             705.706     1150111.125          -0.000
    37.68    39595.27      721.80       54.86        22865804.000             705.706     1187453.250           0.000
    38.63    40266.52      721.80       55.79        23515506.000             705.706     1225434.000           0.000
    39.58    40937.75      721.80       56.72        24172464.000             705.706     1264052.875           0.000
    40.53    41608.99      721.80       57.65        24836642.000             705.706     1303310.500           0.000
    41.48    42280.23      721.80       58.58        25508010.000             705.706     1343206.625          -0.000
    42.44    42951.47      721.80       59.51        26186510.000             705.706     1383741.000           0.000
    43.39    43622.71      721.80       60.44        26872124.000             705.706     1424913.875           0.000
    44.34    44293.95      721.80       61.37        27564804.000             705.706     1466725.125           0.000
    45.29    44965.19      721.80       62.30        28264516.000             705.706     1509175.000           0.000
    46.24    45636.43      721.80       63.23        28971230.000             705.706     1552263.375          -0.000
    47.19    46307.66      721.80       64.16        29684908.000             705.706     1595990.000           0.000
    48.14    46978.91      721.80       65.09        30405518.000             705.706     1640355.250           0.000
    49.09    47650.14      721.80       66.02        31133014.000             705.706     1685358.750           0.000
    50.04    48321.38      721.80       66.95        31867390.000             705.706     1731000.875          -0.000
    51.00    48992.62      721.80       67.88        32608590.000             705.706     1777281.500           0.000
    51.95    49663.86      721.80       68.81        33356590.000             705.706     1824200.375           0.000
    52.90    50335.10      721.80       69.74        34111372.000             705.706     1871758.000           0.000
    53.85    51006.34      721.80       70.67        34872872.000             705.706     1919953.750           0.000
