   232.152771      -30.5876560    
   261.911072      -30.5876560    
 NaN NaN
   226.392807      -29.8144398    
   279.581696      -29.8144398    
 NaN NaN
   222.741501      -29.0412216    
   304.436432      -29.0412216    
 NaN NaN
   219.090195      -28.2680054    
   317.580505      -28.2680054    
 NaN NaN
   215.610931      -27.4947891    
   366.483856      -27.4947891    
 NaN NaN
   212.247894      -26.7215729    
   388.924744      -26.7215729    
 NaN NaN
   208.884857      -25.9483547    
   403.256439      -25.9483547    
 NaN NaN
   203.319321      -25.1751385    
   418.003510      -25.1751385    
 NaN NaN
   198.715347      -24.4019222    
   430.762665      -24.4019222    
 NaN NaN
   196.455688      -23.6287060    
   442.501190      -23.6287060    
 NaN NaN
   194.196045      -22.8554897    
   462.503418      -22.8554897    
 NaN NaN
   191.936386      -22.0822716    
   525.083069      -22.0822716    
 NaN NaN
   189.820084      -21.3090553    
   542.780334      -21.3090553    
 NaN NaN
   187.999390      -20.5358391    
   568.391052      -20.5358391    
 NaN NaN
   186.178696      -19.7626228    
   595.651917      -19.7626228    
 NaN NaN
   184.357986      -18.9894066    
   631.472534      -18.9894066    
 NaN NaN
   182.537292      -18.2161884    
   663.167175      -18.2161884    
 NaN NaN
   180.290115      -17.4429722    
   675.494690      -17.4429722    
 NaN NaN
   177.243332      -16.6697559    
   689.800171      -16.6697559    
 NaN NaN
   174.196548      -15.8965387    
   702.205811      -15.8965387    
 NaN NaN
   171.706406      -15.1233225    
   715.576233      -15.1233225    
 NaN NaN
   170.157364      -14.3501053    
   736.229980      -14.3501053    
 NaN NaN
   168.608322      -13.5768890    
   744.656128      -13.5768890    
 NaN NaN
   167.059296      -12.8036728    
   748.033936      -12.8036728    
 NaN NaN
   165.510254      -12.0304556    
   751.411804      -12.0304556    
 NaN NaN
   163.961212      -11.2572393    
   754.685364      -11.2572393    
 NaN NaN
   162.281525      -10.4840221    
   757.902588      -10.4840221    
 NaN NaN
   160.480179      -9.71080589    
   761.119873      -9.71080589    
 NaN NaN
   158.678833      -8.93758869    
   764.796021      -8.93758869    
 NaN NaN
   156.877502      -8.16437244    
   768.565796      -8.16437244    
 NaN NaN
   155.076157      -7.39115572    
   772.878662      -7.39115572    
 NaN NaN
   153.701965      -6.61793900    
   777.923218      -6.61793900    
 NaN NaN
   152.783295      -5.84472227    
   782.626526      -5.84472227    
 NaN NaN
   151.864639      -5.07150555    
   787.128174      -5.07150555    
 NaN NaN
   150.945984      -4.29828882    
   790.550903      -4.29828882    
 NaN NaN
   150.027328      -3.52507234    
   793.295959      -3.52507234    
 NaN NaN
   149.108658      -2.75185561    
   796.040955      -2.75185561    
 NaN NaN
   148.190002      -1.97863901    
   798.422852      -1.97863901    
 NaN NaN
   147.271347      -1.20542240    
   799.999512      -1.20542240    
 NaN NaN
   146.352692     -0.432205677    
   801.576111     -0.432205677    
 NaN NaN
   145.434036      0.341010988    
   803.152771      0.341010988    
 NaN NaN
   143.643723       1.11422765    
   804.729370       1.11422765    
 NaN NaN
   141.303619       1.88744426    
   806.306030       1.88744426    
 NaN NaN
   812.538391       1.88744426    
   819.364319       1.88744426    
 NaN NaN
   878.299377       1.88744426    
   884.336243       1.88744426    
 NaN NaN
   895.252441       1.88744426    
   899.551575       1.88744426    
 NaN NaN
   138.963516       2.66066098    
   859.845520       2.66066098    
 NaN NaN
   872.986877       2.66066098    
   934.573792       2.66066098    
 NaN NaN
   136.623428       3.43387771    
   954.759460       3.43387771    
 NaN NaN
   131.700699       4.20709419    
   997.611572       4.20709419    
 NaN NaN
   16.1444702       4.98031092    
   42.3123970       4.98031092    
 NaN NaN
   85.2118912       4.98031092    
   93.6961899       4.98031092    
 NaN NaN
   124.230835       4.98031092    
   1006.65796       4.98031092    
 NaN NaN
   11.3320866       5.75352764    
   105.513466       5.75352764    
 NaN NaN
   110.949425       5.75352764    
   1009.62231       5.75352764    
 NaN NaN
   5.48547554       6.52674437    
   1012.58661       6.52674437    
 NaN NaN
   0.00000000       7.29996109    
   1015.55096       7.29996109    
 NaN NaN
   0.00000000       8.07317734    
   1015.55096       8.07317734    
 NaN NaN
   0.00000000       8.84639454    
   1015.55096       8.84639454    
 NaN NaN
   0.00000000       9.61961079    
   1015.55096       9.61961079    
 NaN NaN
   0.00000000       10.3928280    
   1015.55096       10.3928280    
 NaN NaN
   0.00000000       11.1660442    
   1015.55096       11.1660442    
 NaN NaN
   0.00000000       11.9392605    
   1015.55096       11.9392605    
 NaN NaN
   0.00000000       12.7124777    
   1015.55096       12.7124777    
 NaN NaN
   0.00000000       13.4856939    
   1015.55096       13.4856939    
 NaN NaN
   0.00000000       14.2589111    
   1015.55096       14.2589111    
 NaN NaN
   0.00000000       15.0321274    
   1015.55096       15.0321274    
 NaN NaN
   0.00000000       15.8053446    
   1015.55096       15.8053446    
 NaN NaN
   0.00000000       16.5785618    
   1015.55096       16.5785618    
 NaN NaN
   0.00000000       17.3517780    
   1015.55096       17.3517780    
 NaN NaN
   0.00000000       18.1249943    
   1015.55096       18.1249943    
 NaN NaN
   0.00000000       18.8982105    
   1015.55096       18.8982105    
 NaN NaN
   0.00000000       19.6714268    
   1015.55096       19.6714268    
 NaN NaN
   0.00000000       20.4446449    
   1015.55096       20.4446449    
 NaN NaN
   0.00000000       21.2178612    
   1015.55096       21.2178612    
 NaN NaN
   0.00000000       21.9910774    
   1015.55096       21.9910774    
 NaN NaN
   0.00000000       22.7642937    
   1015.55096       22.7642937    
 NaN NaN
   0.00000000       23.5375118    
   1015.55096       23.5375118    
 NaN NaN
   0.00000000       24.3107281    
   1015.55096       24.3107281    
 NaN NaN
   0.00000000       25.0839443    
   1015.55096       25.0839443    
 NaN NaN
   0.00000000       25.8571606    
   1015.55096       25.8571606    
 NaN NaN
   0.00000000       26.6303768    
   1015.55096       26.6303768    
 NaN NaN
   0.00000000       27.4035950    
   1015.55096       27.4035950    
 NaN NaN
   0.00000000       28.1768112    
   1015.55096       28.1768112    
 NaN NaN
   0.00000000       28.9500275    
   1015.55096       28.9500275    
 NaN NaN
   0.00000000       29.7232437    
   1015.55096       29.7232437    
 NaN NaN
   0.00000000       30.4964600    
   1015.55096       30.4964600    
 NaN NaN
   0.00000000       31.2696781    
   1015.55096       31.2696781    
 NaN NaN
   0.00000000       32.0428925    
   1015.55096       32.0428925    
 NaN NaN
   0.00000000       32.8161125    
   1015.55096       32.8161125    
 NaN NaN
   0.00000000       33.5893288    
   1015.55096       33.5893288    
 NaN NaN
   0.00000000       34.3625450    
   1015.55096       34.3625450    
 NaN NaN
   0.00000000       35.1357613    
   1015.55096       35.1357613    
 NaN NaN
   0.00000000       35.9089775    
   1015.55096       35.9089775    
 NaN NaN
   0.00000000       36.6821938    
   1015.55096       36.6821938    
 NaN NaN
   0.00000000       37.4554100    
   1015.55096       37.4554100    
 NaN NaN
   0.00000000       38.2286263    
   1015.55096       38.2286263    
 NaN NaN
   0.00000000       39.0018425    
   1015.55096       39.0018425    
 NaN NaN
   0.00000000       39.7750626    
   1015.55096       39.7750626    
 NaN NaN
   0.00000000       40.5482788    
   1015.55096       40.5482788    
 NaN NaN
   0.00000000       41.3214951    
   1015.55096       41.3214951    
 NaN NaN
   0.00000000       42.0947113    
   1015.55096       42.0947113    
 NaN NaN
   0.00000000       42.8679276    
   1015.55096       42.8679276    
 NaN NaN
   0.00000000       43.6411438    
   1015.55096       43.6411438    
 NaN NaN
   0.00000000       44.4143600    
   1015.55096       44.4143600    
 NaN NaN
   0.00000000       45.1875763    
   1015.55096       45.1875763    
 NaN NaN
   0.00000000       45.9607925    
   1015.55096       45.9607925    
 NaN NaN
