 Elev(m)    dbdxp(-)    dbdxc(-)      I2p     I2c
  -25.2000008       0.00000000       0.00000000       0.00000000       0.00000000    
  -24.5100002      -7.89570063E-03  -7.64365196E-02  -9.39787249E-04  -9.09787044E-03
  -23.8199997      -1.19639225E-02  -6.52588531E-02  -5.18315705E-03  -4.41589318E-02
  -23.1299992      -1.35466456E-02  -6.85103685E-02  -1.48267224E-02 -0.112007216    
  -22.4400005      -1.31369745E-02 -0.105692551      -3.06826755E-02 -0.216511711    
  -21.7600002      -1.28755821E-02  -8.26371163E-02  -5.25350012E-02 -0.362351835    
  -21.0699997      -1.07064992E-02  -8.63097981E-02  -8.05661753E-02 -0.552531958    
  -20.3799992      -2.36471277E-02 -0.129035085     -0.115493156     -0.788452506    
  -19.6900005      -2.49232706E-02 -0.222501591     -0.160290077      -1.09184551    
  -19.0000000      -3.88489924E-02 -0.174897999     -0.218458712      -1.48438156    
  -18.3099995     -0.198732108     -0.172626853     -0.312495977      -1.96558225    
  -17.6200008     -0.721205711     -0.195538163     -0.544306815      -2.53196669    
  -16.9300003     -0.993329585     -0.297770709      -1.08968663      -3.20088983    
  -16.2399998     -0.627034664     -0.899625897      -2.03200340      -4.07104921    
  -15.5500002     -0.338697761     -0.988648951      -3.28212953      -5.30847979    
  -14.8599997      -4.92523350E-02 -0.745026767      -4.69337940      -6.97701550    
  -14.1700001      -3.39874513E-02  -9.34797600E-02  -6.16071033      -8.95170307    
  -13.4799995      -2.66580917E-02  -6.62901476E-02  -7.64516973      -11.0452127    
  -12.7900000      -1.97561737E-02  -6.32326007E-02  -9.14236927      -13.1731529    
  -12.1000004      -1.02704344E-02  -7.55118132E-02  -10.6486683      -15.3330231    
  -11.4099998      -6.10971032E-03  -7.13413507E-02  -12.1604919      -17.5268898    
  -10.7200003      -8.10080767E-03  -6.21156730E-02  -13.6759548      -19.7541180    
  -10.0299997      -9.96260624E-03  -6.47068247E-02  -15.1952620      -22.0123291    
  -9.34000015      -1.46444831E-02  -5.20062633E-02  -16.7196445      -24.2995243    
  -8.64999962      -1.71887614E-02  -4.55028526E-02  -18.2507477      -26.6122189    
  -7.96000004      -1.85137875E-02  -4.19138670E-02  -19.7898884      -28.9469223    
  -7.26999998      -1.92652699E-02  -3.93076986E-02  -21.3377743      -31.3016987    
  -6.57999992      -1.97557770E-02  -3.87142040E-02  -22.8948021      -33.6754303    
  -5.88999987      -2.05966216E-02  -4.03835922E-02  -24.4612770      -36.0678596    
  -5.19999981      -2.16327999E-02  -3.96209583E-02  -26.0375824      -38.4792290    
  -4.51000023      -2.25489680E-02  -3.85830961E-02  -27.6241703      -40.9094276    
  -3.81999993      -2.32660491E-02  -4.08409759E-02  -29.2214718      -43.3583908    
  -3.13000011      -2.34607887E-02  -4.54187840E-02  -30.8297882      -45.8270721    
  -2.44000006      -2.27747485E-02  -5.01357056E-02  -32.4491692      -48.3173943    
  -1.75000000      -2.25311760E-02  -5.44693135E-02  -34.0794449      -50.8315430    
  -1.05999994      -2.28166636E-02  -5.52279428E-02  -35.7205124      -53.3711967    
 -0.370000005      -2.62502246E-02  -5.44072613E-02  -37.3728180      -55.9369545    
  0.319999993      -3.28203924E-02  -5.25006726E-02  -39.0379944      -58.5284882    
   1.00999999      -3.52403149E-02  -5.38507961E-02  -40.7182999      -61.1454086    
   1.70000005      -3.58532034E-02  -3.80506516E-02  -42.4151726      -63.7859230    
   2.39000010      -2.07624976E-02  -1.80079807E-02  -44.1272430      -66.4440460    
   3.07999992      -1.02164606E-02  -2.70324876E-03  -45.8497391      -69.1113052    
   3.76999998      -3.85317244E-02   2.27469224E-02  -47.5817261      -71.7786484    
   4.46000004      -4.56762277E-02   4.59642373E-02  -49.3295364      -74.4354324    
   5.15000010     -0.168686360       1.55499354E-02  -51.1128883      -77.0767059    
   5.84000015     -0.155755803     -0.740737200      -52.9603691      -79.7969818    
   6.53000021      -7.24578872E-02  -5.54231033E-02  -54.8736267      -82.6983337    
   7.21000004      -6.39144145E-03   8.42200592E-03  -56.7953148      -85.6566162    
   7.90000010      -3.49445455E-03  -2.27489253E-03  -58.7556839      -88.6631851    
   8.59000015      -9.35367122E-03  -3.25330645E-02  -60.7187614      -91.6731644    
   9.27999973       2.00507548E-02 -0.105422698      -62.6820908      -94.7037125    
   9.97000027       2.00507548E-02   1.53127387E-02  -64.6393814      -97.7614059    
   10.6599998       2.00507548E-02   3.15982848E-02  -66.5871201      -100.824234    
   11.3500004       2.00507548E-02   3.15982848E-02  -68.5253143      -103.873962    
   12.0400000       2.00507548E-02   3.15982848E-02  -70.4539566      -106.908646    
   12.7299995       2.00507548E-02   3.15982848E-02  -72.3730545      -109.928284    
   13.4200001       2.00507548E-02   3.15982848E-02  -74.2826157      -112.932877    
   14.1099997       2.00507548E-02   3.15982848E-02  -76.1826248      -115.922424    
   14.8000002       2.00507548E-02   3.15982848E-02  -78.0730820      -118.896935    
   15.4899998       2.00507548E-02   3.15982848E-02  -79.9540024      -121.856400    
   16.1800003       2.00507548E-02   3.15982848E-02  -81.8253708      -124.800819    
   16.8700008       2.00507548E-02   3.15982848E-02  -83.6871948      -127.730194    
   17.5599995       2.00507548E-02   3.15982848E-02  -85.5394745      -130.644516    
   18.2500000       2.00507548E-02   3.15982848E-02  -87.3822021      -133.543808    
   18.9400005       2.00507548E-02   3.15982848E-02  -89.2153931      -136.428055    
   19.6299992       2.00507548E-02   3.15982848E-02  -91.0390244      -139.297256    
   20.3199997       2.00507548E-02   3.15982848E-02  -92.8531189      -142.151413    
   21.0100002       2.00507548E-02   3.15982848E-02  -94.6576691      -144.990524    
   21.7000008       2.00507548E-02   3.15982848E-02  -96.4526749      -147.814590    
   22.3899994       2.00507548E-02   3.15982848E-02  -98.2381210      -150.623611    
   23.0799999       2.00507548E-02   3.15982848E-02  -100.014030      -153.417587    
   23.7700005       2.00507548E-02   3.15982848E-02  -101.780396      -156.196533    
   24.4599991       2.00507548E-02   3.15982848E-02  -103.537209      -158.960419    
   25.1499996       2.00507548E-02   3.15982848E-02  -105.284485      -161.709259    
   25.8400002       2.00507548E-02   3.15982848E-02  -107.022209      -164.443069    
   26.5300007       2.00507548E-02   3.15982848E-02  -108.750381      -167.161835    
   27.2199993       2.00507548E-02   3.15982848E-02  -110.469009      -169.865540    
   27.9099998       2.00507548E-02   3.15982848E-02  -112.178101      -172.554214    
   28.6000004       2.00507548E-02   3.15982848E-02  -113.877640      -175.227844    
   29.2900009       2.00507548E-02   3.15982848E-02  -115.567635      -177.886429    
   29.9799995       2.00507548E-02   3.15982848E-02  -117.248077      -180.529968    
   30.6700001       2.00507548E-02   3.15982848E-02  -118.918983      -183.158463    
   31.3600006       2.00507548E-02   3.15982848E-02  -120.580338      -185.771912    
   32.0499992       2.00507548E-02   3.15982848E-02  -122.232140      -188.370316    
   32.7400017       2.00507548E-02   3.15982848E-02  -123.874405      -190.953690    
   33.4300003       2.00507548E-02   3.15982848E-02  -125.507118      -193.522003    
   34.1199989       2.00507548E-02   3.15982848E-02  -127.130287      -196.075272    
   34.8100014       2.00507548E-02   3.15982848E-02  -128.743912      -198.613525    
   35.5000000       2.00507548E-02   3.15982848E-02  -130.347992      -201.136703    
   36.1800003       2.00507548E-02   3.15982848E-02  -131.919342      -203.608383    
   36.8699989       2.00507548E-02   3.15982848E-02  -133.504333      -206.101486    
   37.5600014       2.00507548E-02   3.15982848E-02  -135.079773      -208.579544    
   38.2500000       2.00507548E-02   3.15982848E-02  -136.645660      -211.042557    
   38.9399986       2.00507548E-02   3.15982848E-02  -138.202011      -213.490524    
   39.6300011       2.00507548E-02   3.15982848E-02  -139.748810      -215.923447    
   40.3199997       2.00507548E-02   3.15982848E-02  -141.286057      -218.341324    
   41.0099983       2.00507548E-02   3.15982848E-02  -142.813766      -220.744156    
   41.7000008       2.00507548E-02   3.15982848E-02  -144.331940      -223.131958    
   42.3899994       2.00507548E-02   3.15982848E-02  -145.840546      -225.504700    
   43.0800018       2.00507548E-02   3.15982848E-02  -147.339615      -227.862427    
   43.7700005       2.00507548E-02   3.15982848E-02  -148.829147      -230.205078    
