 Elev(m)    Area(m2)     Peri(m)      Radi(m)   Conv(m3/s)    topWidth(m)    newI1(m3)    dPdA(1/m)
   -20.16        0.00        0.00         NaN                 NaN               0.000           0.000             NaN
   -19.48       12.08       27.48        0.44             279.400              27.437           4.142           2.275
   -18.79       35.84       41.41        0.87            1301.760              41.298          20.571           0.586
   -18.11       68.21       54.05        1.26            3186.546              53.855          56.244           0.390
   -17.42      109.97       68.58        1.60            6026.609              68.301         117.333           0.348
   -16.73      161.49       81.97        1.97           10151.785              81.611         210.401           0.260
   -16.05      221.32       93.21        2.37           15756.899              92.755         341.645           0.188
   -15.36      288.59      104.12        2.77           22777.863             103.571         516.465           0.162
   -14.68      363.73      116.82        3.11           31022.773             116.187         740.109           0.169
   -13.99      448.74      133.41        3.36           40295.820             132.704        1018.658           0.195
   -13.31      546.81      156.39        3.50           50385.715             155.611        1359.972           0.234
   -12.62      663.01      182.02        3.64           62785.266             181.161        1774.745           0.221
   -11.93      793.64      199.45        3.98           79716.359             198.510        2274.143           0.133
   -11.25      933.76      211.04        4.42          100664.211             210.003        2866.362           0.083
   -10.56     1081.29      221.36        4.88          124516.055             220.222        3557.200           0.070
    -9.88     1236.05      232.50        5.32          150602.156             231.263        4351.674           0.072
    -9.19     1399.01      246.25        5.68          178175.703             244.917        5255.076           0.084
    -8.51     1577.26      285.43        5.53          197197.391             284.021        6275.459           0.220
    -7.82     1789.67      329.59        5.43          221155.969             328.111        7429.774           0.208
    -7.13     2028.46      366.18        5.54          254024.344             364.625        8738.780           0.153
    -6.45     2293.96      415.34        5.52          286707.156             413.705       10220.676           0.185
    -5.76     2586.92      442.38        5.85          335865.750             440.665       11894.032           0.092
    -5.08     2899.01      473.75        6.12          387949.375             471.952       13774.822           0.101
    -4.39     3241.02      534.48        6.06          431097.906             532.566       15879.863           0.178
    -3.71     3626.70      598.31        6.06          482276.406             596.265       18234.383           0.165
    -3.02     4094.46      801.57        5.11          485766.344             799.409       20881.498           0.435
    -2.33     4669.43      881.22        5.30          567687.938             878.942       23886.102           0.139
    -1.65     5311.91      983.30        5.40          654165.250             980.894       27308.096           0.159
    -0.96     5999.70     1025.99        5.85          778959.562            1023.422       31186.160           0.062
    -0.28     6712.45     1056.21        6.36          921216.062            1053.463       35544.383           0.042
     0.41     7482.09     1171.68        6.39         1030131.562            1168.776       40410.824           0.150
     1.09     8305.93     1218.41        6.82         1194481.375            1215.392       45823.574           0.057
     1.78     9142.01     1225.69        7.46         1395967.875            1222.535       51805.410           0.009
     2.46     9982.37     1231.97        8.10         1610829.750            1228.656       58361.996           0.007
     3.15    10826.99     1238.42        8.74         1837925.500            1234.957       65496.254           0.008
     3.84    11676.20     1245.62        9.37         2076371.375            1242.021       73211.227           0.008
     4.52    12530.08     1252.34       10.01         2327211.000            1248.587       81510.078           0.008
     5.21    13388.30     1258.32       10.64         2590651.500            1254.407       90395.914           0.007
     5.89    14250.08     1263.31       11.28         2866918.000            1259.205       99871.438           0.006
     6.58    15115.36     1269.17       11.91         3153141.250            1264.895      109939.055           0.007
     7.26    15984.73     1275.34       12.53         3449996.750            1270.891      120601.375           0.007
     7.95    16858.40     1284.37       13.13         3752274.000            1279.772      131861.281           0.010
     8.64    17758.87     1369.03       12.97         3921714.500            1364.312      143729.438           0.094
     9.32    18706.58     1397.33       13.39         4218749.500            1392.580      156231.219           0.030
    10.01    19664.72     1405.51       13.99         4567209.000            1400.721      169386.422           0.009
    10.69    20626.97     1410.13       14.63         4934924.500            1405.281      183199.969           0.005
    11.38    21591.54     1413.14       15.28         5317920.000            1408.222      197674.125           0.003
    12.06    22558.14     1416.14       15.93         5712526.000            1411.136      212810.359           0.003
    12.75    23526.65     1418.94       16.58         6119067.500            1413.848      228610.031           0.003
    13.44    24497.03     1421.73       17.23         6536880.500            1416.559      245074.438           0.003
    14.12    25470.33     1429.65       17.82         6949683.000            1424.428      262205.188           0.008
    14.81    26447.03     1429.65       18.50         7399497.000            1424.428      280004.500           0.000
    15.49    27423.73     1429.65       19.18         7860524.000            1424.428      298473.469           0.000
    16.18    28400.43     1429.65       19.87         8332630.500            1424.428      317612.188           0.000
    16.86    29377.13     1429.65       20.55         8815689.000            1424.428      337420.594           0.000
    17.55    30353.83     1429.65       21.23         9309573.000            1424.428      357898.719           0.000
    18.24    31330.53     1429.65       21.91         9814168.000            1424.428      379046.531           0.000
    18.92    32307.22     1429.65       22.60        10329360.000            1424.428      400863.969           0.000
    19.61    33283.92     1429.65       23.28        10855042.000            1424.428      423351.188           0.000
    20.29    34260.62     1429.65       23.96        11391111.000            1424.428      446508.125           0.000
    20.98    35237.32     1429.65       24.65        11937466.000            1424.428      470334.750           0.000
    21.66    36214.02     1429.65       25.33        12494012.000            1424.428      494831.062           0.000
    22.35    37190.72     1429.65       26.01        13060656.000            1424.428      519997.031           0.000
    23.04    38167.42     1429.65       26.70        13637310.000            1424.428      545832.750           0.000
    23.72    39144.12     1429.65       27.38        14223885.000            1424.428      572338.188           0.000
    24.41    40120.82     1429.65       28.06        14820300.000            1424.428      599513.312           0.000
    25.09    41097.52     1429.65       28.75        15426474.000            1424.428      627358.125           0.000
    25.78    42074.21     1429.65       29.43        16042327.000            1424.428      655872.562           0.000
    26.46    43050.91     1429.65       30.11        16667787.000            1424.428      685056.812           0.000
    27.15    44027.61     1429.65       30.80        17302782.000            1424.428      714910.750           0.000
    27.83    45004.31     1429.65       31.48        17947234.000            1424.428      745434.375           0.000
    28.52    45981.01     1429.65       32.16        18601084.000            1424.428      776627.750           0.000
    29.21    46957.71     1429.65       32.85        19264252.000            1424.428      808490.688           0.000
    29.89    47934.41     1429.65       33.53        19936688.000            1424.428      841023.438           0.000
    30.58    48911.11     1429.65       34.21        20618316.000            1424.428      874225.875           0.000
    31.26    49887.80     1429.65       34.90        21309080.000            1424.428      908098.000           0.000
    31.95    50864.50     1429.65       35.58        22008920.000            1424.428      942639.875           0.000
    32.63    51841.20     1429.65       36.26        22717776.000            1424.428      977851.312           0.000
    33.32    52817.90     1429.65       36.94        23435592.000            1424.428     1013732.625           0.000
    34.01    53794.60     1429.65       37.63        24162316.000            1424.428     1050283.500           0.000
    34.69    54771.30     1429.65       38.31        24897882.000            1424.428     1087504.000           0.000
    35.38    55748.00     1429.65       38.99        25642252.000            1424.428     1125394.500           0.000
    36.06    56724.70     1429.65       39.68        26395366.000            1424.428     1163954.500           0.000
    36.75    57701.40     1429.65       40.36        27157176.000            1424.428     1203184.250           0.000
    37.43    58678.10     1429.65       41.04        27927630.000            1424.428     1243083.625           0.000
    38.12    59654.80     1429.65       41.73        28706682.000            1424.428     1283652.875           0.000
    38.81    60631.50     1429.65       42.41        29494284.000            1424.428     1324891.625           0.000
    39.49    61608.19     1429.65       43.09        30290386.000            1424.428     1366800.125           0.000
    40.18    62584.89     1429.65       43.78        31094954.000            1424.428     1409378.500           0.000
    40.86    63561.59     1429.65       44.46        31907930.000            1424.428     1452626.375           0.000
    41.55    64538.29     1429.65       45.14        32729286.000            1424.428     1496544.125           0.000
    42.23    65514.99     1429.65       45.83        33558960.000            1424.428     1541131.375           0.000
    42.92    66491.69     1429.65       46.51        34396924.000            1424.428     1586388.375           0.000
    43.61    67468.39     1429.65       47.19        35243144.000            1424.428     1632315.250           0.000
    44.29    68445.09     1429.65       47.88        36097560.000            1424.428     1678911.625           0.000
    44.98    69421.79     1429.65       48.56        36960152.000            1424.428     1726177.875           0.000
    45.66    70398.48     1429.65       49.24        37830860.000            1424.428     1774113.625           0.000
    46.35    71375.18     1429.65       49.93        38709664.000            1424.428     1822719.000           0.000
    47.03    72351.88     1429.65       50.61        39596528.000            1424.428     1871994.500           0.000
    47.72    73328.58     1429.65       51.29        40491404.000            1424.428     1921939.250           0.000
    48.41    74305.28     1429.65       51.97        41394268.000            1424.428     1972554.125           0.000
