 Elev(m)    Area(m2)     Peri(m)      Radi(m)   Conv(m3/s)    topWidth(m)    newI1(m3)    dPdA(1/m)
   -29.26        0.00        0.00         NaN                 NaN               0.000           0.000             NaN
   -28.56       12.22       29.47        0.41             271.835              29.428           4.275           2.411
   -27.86       40.03       50.57        0.79            1370.408              50.480          22.556           0.759
   -27.16       83.29       72.90        1.14            3640.784              72.768          65.700           0.516
   -26.46      145.75      112.25        1.30            6938.567             112.065         145.828           0.630
   -25.76      241.16      160.05        1.51           12678.377             159.817         281.186           0.501
   -25.06      364.35      200.50        1.82           21703.529             200.217         493.024           0.328
   -24.36      532.06      258.54        2.06           34432.445             258.210         806.633           0.346
   -23.66      719.26      276.66        2.60           54395.773             276.267        1244.404           0.097
   -22.96      917.64      289.74        3.17           79160.484             289.256        1817.071           0.066
   -22.26     1123.61      299.96        3.75          108402.695             299.368        2531.202           0.050
   -21.56     1336.50      309.86        4.31          141654.297             309.155        3391.870           0.046
   -20.86     1556.85      321.54        4.84          178231.469             320.716        4404.107           0.053
   -20.16     1786.55      338.91        5.27          216453.578             337.982        5573.792           0.076
   -19.46     2038.05      379.88        5.36          249833.484             378.861        6911.829           0.163
   -18.76     2314.63      412.72        5.61          292256.031             411.586        8434.614           0.119
   -18.06     2609.41      433.17        6.02          345559.438             431.907       10157.289           0.069
   -17.36     2922.57      469.06        6.23          395837.125             467.665       12092.646           0.115
   -16.66     3263.00      508.76        6.41          450552.281             507.197       14256.667           0.117
   -15.96     3635.01      578.48        6.28          495116.562             576.706       16669.930           0.187
   -15.26     4056.82      637.67        6.36          557152.312             635.654       19360.912           0.140
   -14.56     4504.74      644.77        6.99          658523.625             642.535       22356.168           0.016
   -13.86     4955.82      649.29        7.63          768470.062             646.810       25665.941           0.010
   -13.16     5409.89      653.80        8.27          885268.812             651.085       29292.377           0.010
   -12.46     5866.94      658.32        8.91         1008762.812             655.359       33237.566           0.010
   -11.77     6326.93      662.61        9.55         1139048.125             659.404       37503.590           0.009
   -11.07     6789.71      666.87       10.18         1275805.625             663.415       42092.438           0.009
   -10.37     7255.31      671.14       10.81         1418878.875             667.434       47006.086           0.009
    -9.67     7723.72      675.35       11.44         1568266.000             671.391       52246.484           0.009
    -8.97     8194.72      679.14       12.07         1724429.750             674.910       57815.547           0.008
    -8.27     8668.18      682.93       12.69         1886647.375             678.430       63715.020           0.008
    -7.57     9144.11      686.72       13.32         2054836.125             681.949       69946.641           0.008
    -6.87     9622.68      691.18       13.92         2227539.500             686.183       76512.195           0.009
    -6.17    10104.39      695.97       14.52         2405388.000             690.755       83413.703           0.010
    -5.47    10589.34      700.82       15.11         2588831.250             695.402       90653.391           0.010
    -4.77    11077.53      705.51       15.70         2778410.500             699.869       98233.539           0.010
    -4.07    11568.34      709.01       16.32         2976756.500             703.048      106156.180           0.007
    -3.37    12061.38      712.63       16.93         3180373.250             706.353      114423.023           0.007
    -2.67    12557.01      716.91       17.52         3387618.750             710.338      123035.750           0.009
    -1.97    13055.42      721.18       18.10         3600372.000             714.322      131996.250           0.009
    -1.27    13556.63      725.56       18.68         3818259.000             718.404      141306.453           0.009
    -0.57    14062.13      733.91       19.16         4027639.500             726.512      150968.859           0.017
     0.13    14580.56      758.17       19.23         4186376.750             750.527      160989.500           0.047
     0.83    15107.75      764.28       19.77         4418001.000             756.372      171375.938           0.012
     1.53    15639.20      771.37       20.27         4651299.500             763.281      182132.734           0.013
     2.23    16176.08      779.54       20.75         4886039.500             771.321      193263.297           0.015
     2.93    16719.36      796.47       20.99         5089159.500             788.150      204771.734           0.031
     3.63    17286.86      826.50       20.92         5249179.500             818.149      216668.797           0.053
     4.33    17861.69      832.98       21.44         5514512.500             824.469      228965.500           0.011
     5.03    18440.61      838.98       21.98         5787864.000             830.300      241665.828           0.010
     5.73    19024.00      852.98       22.30         6029353.500             844.147      254772.812           0.024
     6.43    19614.65      852.98       23.00         6344564.500             844.147      268290.531           0.000
     7.13    20205.30      852.98       23.69         6666169.000             844.147      282221.500           0.000
     7.83    20795.95      852.98       24.38         6994102.500             844.147      296565.750           0.000
     8.53    21386.60      852.98       25.07         7328307.000             844.147      311323.312          -0.000
     9.23    21977.24      852.98       25.77         7668721.000             844.147      326494.125           0.000
     9.93    22567.89      852.98       26.46         8015289.000             844.147      342078.188           0.000
    10.63    23158.54      852.98       27.15         8367959.500             844.147      358075.562           0.000
    11.32    23749.19      852.98       27.84         8726676.000             844.147      374486.219           0.000
    12.02    24339.84      852.98       28.54         9091391.000             844.147      391310.125           0.000
    12.72    24930.49      852.98       29.23         9462054.000             844.147      408547.312           0.000
    13.42    25521.13      852.98       29.92         9838620.000             844.147      426197.812          -0.000
    14.12    26111.78      852.98       30.61        10221040.000             844.147      444261.531           0.000
    14.82    26702.43      852.98       31.30        10609272.000             844.147      462738.594           0.000
    15.52    27293.08      852.98       32.00        11003271.000             844.147      481628.875           0.000
    16.22    27883.73      852.98       32.69        11402996.000             844.147      500932.469           0.000
    16.92    28474.38      852.98       33.38        11808405.000             844.147      520649.281           0.000
    17.62    29065.03      852.98       34.07        12219461.000             844.147      540779.438           0.000
    18.32    29655.67      852.98       34.77        12636124.000             844.147      561322.812           0.000
    19.02    30246.32      852.98       35.46        13058357.000             844.147      582279.500          -0.000
    19.72    30836.97      852.98       36.15        13486122.000             844.147      603649.438           0.000
    20.42    31427.62      852.98       36.84        13919385.000             844.147      625432.688           0.000
    21.12    32018.27      852.98       37.54        14358110.000             844.147      647629.188           0.000
    21.82    32608.91      852.98       38.23        14802263.000             844.147      670238.938           0.000
    22.52    33199.56      852.98       38.92        15251812.000             844.147      693262.000           0.000
    23.22    33790.21      852.98       39.61        15706727.000             844.147      716698.375           0.000
    23.92    34380.86      852.98       40.31        16166978.000             844.147      740548.000           0.000
    24.62    34971.51      852.98       41.00        16632524.000             844.147      764810.875          -0.000
    25.32    35562.16      852.98       41.69        17103344.000             844.147      789487.062           0.000
    26.02    36152.81      852.98       42.38        17579410.000             844.147      814576.500           0.000
    26.72    36743.46      852.98       43.08        18060686.000             844.147      840079.250           0.000
    27.42    37334.10      852.98       43.77        18547144.000             844.147      865995.188           0.000
    28.12    37924.75      852.98       44.46        19038768.000             844.147      892324.438           0.000
    28.82    38515.40      852.98       45.15        19535518.000             844.147      919067.000           0.000
    29.52    39106.05      852.98       45.85        20037372.000             844.147      946222.812          -0.000
    30.22    39696.70      852.98       46.54        20544306.000             844.147      973791.875           0.000
    30.92    40287.35      852.98       47.23        21056298.000             844.147     1001774.312           0.000
    31.62    40878.00      852.98       47.92        21573316.000             844.147     1030170.000           0.000
    32.32    41468.64      852.98       48.62        22095336.000             844.147     1058978.875           0.000
    33.02    42059.29      852.98       49.31        22622334.000             844.147     1088201.000           0.000
    33.72    42649.94      852.98       50.00        23154294.000             844.147     1117836.500           0.000
    34.41    43240.59      852.98       50.69        23691188.000             844.147     1147885.250          -0.000
    35.11    43831.24      852.98       51.39        24232998.000             844.147     1178347.250           0.000
    35.81    44421.89      852.98       52.08        24779692.000             844.147     1209222.625           0.000
    36.51    45012.54      852.98       52.77        25331254.000             844.147     1240511.250           0.000
    37.21    45603.18      852.98       53.46        25887662.000             844.147     1272213.125           0.000
    37.91    46193.83      852.98       54.16        26448892.000             844.147     1304328.125           0.000
    38.61    46784.48      852.98       54.85        27014930.000             844.147     1336856.500           0.000
    39.31    47375.12      852.98       55.54        27585752.000             844.147     1369798.250           0.000
    40.01    47965.78      852.98       56.23        28161344.000             844.147     1403153.250          -0.000
    40.71    48556.43      852.98       56.93        28741676.000             844.147     1436921.500           0.000
