   839.183044      -37.5695267    
   869.835571      -37.5695267    
 NaN NaN
   830.694763      -36.6915817    
   873.770264      -36.6915817    
 NaN NaN
   821.395813      -35.8136330    
   877.221680      -35.8136330    
 NaN NaN
   806.401855      -34.9356880    
   880.866211      -34.9356880    
 NaN NaN
   788.730713      -34.0577431    
   884.571777      -34.0577431    
 NaN NaN
   755.319580      -33.1797943    
   888.183533      -33.1797943    
 NaN NaN
   729.301453      -32.3018494    
   890.837646      -32.3018494    
 NaN NaN
   689.653320      -31.4239044    
   893.179810      -31.4239044    
 NaN NaN
   675.757141      -30.5459595    
   895.521912      -30.5459595    
 NaN NaN
   662.555481      -29.6680126    
   897.860229      -29.6680126    
 NaN NaN
   652.931580      -28.7900658    
   900.715454      -28.7900658    
 NaN NaN
   643.321838      -27.9121208    
   904.171997      -27.9121208    
 NaN NaN
   631.392578      -27.0341759    
   908.063599      -27.0341759    
 NaN NaN
   622.039734      -26.1562290    
   911.610107      -26.1562290    
 NaN NaN
   610.101685      -25.2782822    
   914.838440      -25.2782822    
 NaN NaN
   598.699768      -24.4003372    
   918.014160      -24.4003372    
 NaN NaN
   587.071106      -23.5223923    
   922.797119      -23.5223923    
 NaN NaN
   574.122375      -22.6444454    
   928.937927      -22.6444454    
 NaN NaN
   562.369934      -21.7664986    
   935.728821      -21.7664986    
 NaN NaN
   547.156860      -20.8885536    
   943.193970      -20.8885536    
 NaN NaN
   535.167603      -20.0106087    
   949.361816      -20.0106087    
 NaN NaN
   525.022095      -19.1326618    
   952.971191      -19.1326618    
 NaN NaN
   517.419434      -18.2547150    
   956.478760      -18.2547150    
 NaN NaN
   509.999329      -17.3767700    
   959.718445      -17.3767700    
 NaN NaN
   502.279816      -16.4988251    
   962.443054      -16.4988251    
 NaN NaN
   494.737640      -15.6208782    
   965.167664      -15.6208782    
 NaN NaN
   487.579407      -14.7429323    
   967.672791      -14.7429323    
 NaN NaN
   480.879028      -13.8649864    
   969.789185      -13.8649864    
 NaN NaN
   473.818604      -12.9870405    
   971.337402      -12.9870405    
 NaN NaN
   466.494537      -12.1090946    
   972.885681      -12.1090946    
 NaN NaN
   459.812714      -11.2311487    
   974.574097      -11.2311487    
 NaN NaN
   453.302338      -10.3532028    
   976.365295      -10.3532028    
 NaN NaN
   446.504913      -9.47525692    
   978.156433      -9.47525692    
 NaN NaN
   438.596283      -8.59731102    
   980.190857      -8.59731102    
 NaN NaN
   430.876312      -7.71936512    
   982.649353      -7.71936512    
 NaN NaN
   423.686707      -6.84141922    
   985.125977      -6.84141922    
 NaN NaN
   416.540405      -5.96347332    
   987.602600      -5.96347332    
 NaN NaN
   409.507996      -5.08552742    
   990.248169      -5.08552742    
 NaN NaN
   401.674866      -4.20758152    
   993.148743      -4.20758152    
 NaN NaN
   390.886017      -3.32963562    
   996.049316      -3.32963562    
 NaN NaN
   376.496368      -2.45168972    
   999.891846      -2.45168972    
 NaN NaN
   368.467346      -1.57374382    
   1006.46533      -1.57374382    
 NaN NaN
   364.048859     -0.695797920    
   1010.82397     -0.695797920    
 NaN NaN
   359.750916      0.182147980    
   1013.71533      0.182147980    
 NaN NaN
   354.036194       1.06009388    
   1016.51337       1.06009388    
 NaN NaN
   23.7539139       1.93803978    
   199.903381       1.93803978    
 NaN NaN
   340.143677       1.93803978    
   1019.31140       1.93803978    
 NaN NaN
   0.00000000       2.81598568    
   1026.34363       2.81598568    
 NaN NaN
   0.00000000       3.69393158    
   1115.12476       3.69393158    
 NaN NaN
   0.00000000       4.57187748    
   1118.15662       4.57187748    
 NaN NaN
   0.00000000       5.44982338    
   1121.18848       5.44982338    
 NaN NaN
   0.00000000       6.32776928    
   1121.18848       6.32776928    
 NaN NaN
   0.00000000       7.20571518    
   1121.18848       7.20571518    
 NaN NaN
   0.00000000       8.08366108    
   1121.18848       8.08366108    
 NaN NaN
   0.00000000       8.96160698    
   1121.18848       8.96160698    
 NaN NaN
   0.00000000       9.83955288    
   1121.18848       9.83955288    
 NaN NaN
   0.00000000       10.7174988    
   1121.18848       10.7174988    
 NaN NaN
   0.00000000       11.5954447    
   1121.18848       11.5954447    
 NaN NaN
   0.00000000       12.4733906    
   1121.18848       12.4733906    
 NaN NaN
   0.00000000       13.3513365    
   1121.18848       13.3513365    
 NaN NaN
   0.00000000       14.2292824    
   1121.18848       14.2292824    
 NaN NaN
   0.00000000       15.1072283    
   1121.18848       15.1072283    
 NaN NaN
   0.00000000       15.9851742    
   1121.18848       15.9851742    
 NaN NaN
   0.00000000       16.8631210    
   1121.18848       16.8631210    
 NaN NaN
   0.00000000       17.7410660    
   1121.18848       17.7410660    
 NaN NaN
   0.00000000       18.6190109    
   1121.18848       18.6190109    
 NaN NaN
   0.00000000       19.4969578    
   1121.18848       19.4969578    
 NaN NaN
   0.00000000       20.3749046    
   1121.18848       20.3749046    
 NaN NaN
   0.00000000       21.2528496    
   1121.18848       21.2528496    
 NaN NaN
   0.00000000       22.1307945    
   1121.18848       22.1307945    
 NaN NaN
   0.00000000       23.0087414    
   1121.18848       23.0087414    
 NaN NaN
   0.00000000       23.8866882    
   1121.18848       23.8866882    
 NaN NaN
   0.00000000       24.7646332    
   1121.18848       24.7646332    
 NaN NaN
   0.00000000       25.6425781    
   1121.18848       25.6425781    
 NaN NaN
   0.00000000       26.5205250    
   1121.18848       26.5205250    
 NaN NaN
   0.00000000       27.3984718    
   1121.18848       27.3984718    
 NaN NaN
   0.00000000       28.2764168    
   1121.18848       28.2764168    
 NaN NaN
   0.00000000       29.1543617    
   1121.18848       29.1543617    
 NaN NaN
   0.00000000       30.0323086    
   1121.18848       30.0323086    
 NaN NaN
   0.00000000       30.9102554    
   1121.18848       30.9102554    
 NaN NaN
   0.00000000       31.7882004    
   1121.18848       31.7882004    
 NaN NaN
   0.00000000       32.6661453    
   1121.18848       32.6661453    
 NaN NaN
   0.00000000       33.5440903    
   1121.18848       33.5440903    
 NaN NaN
   0.00000000       34.4220390    
   1121.18848       34.4220390    
 NaN NaN
   0.00000000       35.2999840    
   1121.18848       35.2999840    
 NaN NaN
   0.00000000       36.1779289    
   1121.18848       36.1779289    
 NaN NaN
   0.00000000       37.0558777    
   1121.18848       37.0558777    
 NaN NaN
   0.00000000       37.9338226    
   1121.18848       37.9338226    
 NaN NaN
   0.00000000       38.8117676    
   1121.18848       38.8117676    
 NaN NaN
   0.00000000       39.6897125    
   1121.18848       39.6897125    
 NaN NaN
   0.00000000       40.5676575    
   1121.18848       40.5676575    
 NaN NaN
   0.00000000       41.4456062    
   1121.18848       41.4456062    
 NaN NaN
   0.00000000       42.3235512    
   1121.18848       42.3235512    
 NaN NaN
   0.00000000       43.2014961    
   1121.18848       43.2014961    
 NaN NaN
   0.00000000       44.0794449    
   1121.18848       44.0794449    
 NaN NaN
   0.00000000       44.9573898    
   1121.18848       44.9573898    
 NaN NaN
   0.00000000       45.8353348    
   1121.18848       45.8353348    
 NaN NaN
   0.00000000       46.7132797    
   1121.18848       46.7132797    
 NaN NaN
   0.00000000       47.5912247    
   1121.18848       47.5912247    
 NaN NaN
   0.00000000       48.4691734    
   1121.18848       48.4691734    
 NaN NaN
   0.00000000       49.3471184    
   1121.18848       49.3471184    
 NaN NaN
