 Elev(m)    Area(m2)     Peri(m)      Radi(m)   Conv(m3/s)    topWidth(m)    newI1(m3)    dPdA(1/m)
   -23.99        0.00        0.00         NaN                 NaN               0.000           0.000             NaN
   -23.35       15.73       38.69        0.41             345.320              38.664           5.028           2.460
   -22.71       47.19       60.15        0.78            1605.870              60.078          25.139           0.682
   -22.07       93.56       89.21        1.05            3863.056              89.100          70.125           0.627
   -21.43      158.68      116.57        1.36            7795.915             116.430         150.743           0.420
   -20.79      252.17      165.71        1.52           13345.011             165.526         282.057           0.526
   -20.16      361.99      178.18        2.03           23226.477             177.913         478.350           0.113
   -19.52      479.56      190.41        2.52           35509.664             190.075         747.321           0.104
   -18.88      605.47      205.50        2.95           49774.039             205.110        1094.113           0.120
   -18.24      748.40      240.94        3.11           63729.965             240.523        1526.828           0.248
   -17.60      909.64      263.35        3.45           83143.039             262.891        2056.762           0.139
   -16.96     1084.78      286.11        3.79          105505.109             285.614        2694.207           0.130
   -16.32     1275.03      310.23        4.11          130858.891             309.688        3448.433           0.127
   -15.68     1516.50      424.79        3.57          141692.188             424.213        4340.641           0.474
   -15.04     1793.93      442.82        4.05          182354.031             442.194        5398.697           0.065
   -14.40     2081.17      456.87        4.56          228757.703             456.179        6637.229           0.049
   -13.76     2376.03      467.15        5.09          281088.469             466.302        8061.811           0.035
   -13.12     2677.16      476.69        5.62          338343.750             475.699        9676.878           0.032
   -12.48     2985.29      492.02        6.07          397238.375             490.888       11486.671           0.050
   -11.85     3310.68      524.35        6.31          452384.250             523.094       13498.948           0.099
   -11.21     3679.11      636.19        5.78          474142.688             634.798       15732.979           0.304
   -10.57     4088.95      648.46        6.31          558244.375             646.932       18215.756           0.030
    -9.93     4505.95      659.42        6.83          649024.750             657.758       20962.805           0.026
    -9.29     4929.43      668.84        7.37          746746.688             667.033       23978.477           0.022
    -8.65     5358.00      675.34        7.93          852542.625             673.331       27266.479           0.015
    -8.01     5790.13      680.70        8.51          965095.312             678.434       30829.570           0.012
    -7.37     6225.15      685.20        9.09         1084171.125             682.671       34669.809           0.010
    -6.73     6662.89      689.68        9.66         1208921.000             686.885       38789.000           0.010
    -6.09     7103.26      694.00       10.24         1339413.875             690.937       43188.844           0.010
    -5.45     7546.23      698.34       10.81         1475358.000             695.012       47871.016           0.010
    -4.81     7992.11      703.74       11.36         1615187.375             700.157       52837.277           0.012
    -4.17     8441.40      709.86       11.89         1759148.750             706.039       58089.645           0.014
    -3.54     8895.18      717.61       12.40         1905722.125             713.558       63630.645           0.017
    -2.90     9353.41      724.42       12.91         2059130.375             720.133       69463.133           0.015
    -2.26     9815.81      731.14       13.43         2217868.000             726.625       75589.875           0.015
    -1.62    10282.14      736.76       13.96         2384046.500             732.000       82013.445           0.012
    -0.98    10751.56      741.74       14.50         2556685.000             736.732       88736.094           0.011
    -0.34    11224.43      748.04       15.01         2731396.000             742.793       95759.914           0.013
     0.30    11705.02      770.22       15.20         2872577.000             764.762      103088.469           0.046
     0.94    12197.09      780.04       15.64         3050756.750             774.398      110727.898           0.020
     1.58    12693.64      784.88       16.17         3247140.500             779.030      118683.305           0.010
     2.22    13193.00      789.10       16.72         3450474.250             783.019      126957.016           0.008
     2.86    13694.44      792.23       17.29         3662135.000             785.873      135550.594           0.006
     3.50    14197.70      795.35       17.85         3878969.500             788.728      144465.297           0.006
     4.14    14702.79      798.47       18.41         4100960.750             791.573      153702.281           0.006
     4.77    15215.96      826.88       18.40         4242257.000             819.748      163264.703           0.055
     5.41    15748.39      852.75       18.47         4401217.500             845.419      173161.328           0.049
     6.05    16291.87      862.20       18.90         4623168.500             854.772      183401.812           0.017
     6.69    16841.61      872.72       19.30         4846722.500             865.209      193991.719           0.019
     7.33    17398.44      885.64       19.65         5066869.500             878.037      204935.281           0.023
     7.97    17962.83      897.28       20.02         5297429.500             889.620      216237.219           0.021
     8.61    18531.50      897.28       20.65         5579878.500             889.620      227901.297           0.000
     9.25    19100.17      897.28       21.29         5868167.000             889.620      239928.859           0.000
     9.89    19668.84      897.28       21.92         6162236.000             889.620      252319.953           0.000
    10.53    20237.51      897.28       22.55         6462027.000             889.620      265074.562           0.000
    11.17    20806.17      897.28       23.19         6767488.500             889.620      278192.656           0.000
    11.81    21374.84      897.28       23.82         7078567.000             889.620      291674.281           0.000
    12.45    21943.51      897.28       24.46         7395213.000             889.620      305519.406           0.000
    13.08    22512.18      897.28       25.09         7717376.500             889.620      319728.031           0.000
    13.72    23080.85      897.28       25.72         8045012.500             889.620      334300.156           0.000
    14.36    23649.52      897.28       26.36         8378076.000             889.620      349235.812           0.000
    15.00    24218.19      897.28       26.99         8716521.000             889.620      364534.969          -0.000
    15.64    24786.85      897.28       27.62         9060305.000             889.620      380197.625           0.000
    16.28    25355.52      897.28       28.26         9409389.000             889.620      396223.781           0.000
    16.92    25924.19      897.28       28.89         9763732.000             889.620      412613.469           0.000
    17.56    26492.86      897.28       29.53        10123294.000             889.620      429366.656           0.000
    18.20    27061.53      897.28       30.16        10488041.000             889.620      446483.375           0.000
    18.84    27630.20      897.28       30.79        10857931.000             889.620      463963.531           0.000
    19.48    28198.87      897.28       31.43        11232934.000             889.620      481807.250           0.000
    20.12    28767.53      897.28       32.06        11613012.000             889.620      500014.469           0.000
    20.76    29336.20      897.28       32.69        11998131.000             889.620      518585.219           0.000
    21.39    29904.87      897.28       33.33        12388261.000             889.620      537519.438           0.000
    22.03    30473.54      897.28       33.96        12783370.000             889.620      556817.188          -0.000
    22.67    31042.21      897.28       34.60        13183422.000             889.620      576478.438           0.000
    23.31    31610.88      897.28       35.23        13588391.000             889.620      596503.188           0.000
    23.95    32179.54      897.28       35.86        13998247.000             889.620      616891.438           0.000
    24.59    32748.21      897.28       36.50        14412961.000             889.620      637643.250           0.000
    25.23    33316.88      897.28       37.13        14832502.000             889.620      658758.562           0.000
    25.87    33885.55      897.28       37.76        15256844.000             889.620      680237.250           0.000
    26.51    34454.22      897.28       38.40        15685963.000             889.620      702079.562           0.000
    27.15    35022.89      897.28       39.03        16119826.000             889.620      724285.375           0.000
    27.79    35591.56      897.28       39.67        16558416.000             889.620      746854.750           0.000
    28.43    36160.23      897.28       40.30        17001702.000             889.620      769787.562           0.000
    29.06    36728.89      897.28       40.93        17449658.000             889.620      793083.812          -0.000
    29.70    37297.56      897.28       41.57        17902262.000             889.620      816743.688           0.000
    30.34    37866.23      897.28       42.20        18359490.000             889.620      840767.062           0.000
    30.98    38434.90      897.28       42.83        18821320.000             889.620      865153.938           0.000
    31.62    39003.57      897.28       43.47        19287728.000             889.620      889904.312           0.000
    32.26    39572.23      897.28       44.10        19758688.000             889.620      915018.125           0.000
    32.90    40140.91      897.28       44.74        20234186.000             889.620      940495.562           0.000
    33.54    40709.57      897.28       45.37        20714196.000             889.620      966336.375           0.000
    34.18    41278.24      897.28       46.00        21198696.000             889.620      992540.750           0.000
    34.82    41846.91      897.28       46.64        21687664.000             889.620     1019108.750           0.000
    35.46    42415.58      897.28       47.27        22181084.000             889.620     1046040.062           0.000
    36.10    42984.25      897.28       47.90        22678938.000             889.620     1073335.125          -0.000
    36.74    43552.92      897.28       48.54        23181200.000             889.620     1100993.500           0.000
    37.37    44121.58      897.28       49.17        23687848.000             889.620     1129015.250           0.000
    38.01    44690.25      897.28       49.81        24198876.000             889.620     1157400.875           0.000
    38.65    45258.92      897.28       50.44        24714254.000             889.620     1186149.750           0.000
    39.29    45827.59      897.28       51.07        25233968.000             889.620     1215262.250           0.000
    39.93    46396.26      897.28       51.71        25757996.000             889.620     1244738.250           0.000
