 Elev(m)    dbdxp(-)    dbdxc(-)      I2p     I2c
  -19.1299992       0.00000000       0.00000000       0.00000000       0.00000000    
  -18.5200005      -4.78704600E-03  -1.00892251E-02  -4.45313053E-04  -9.38546204E-04
  -17.8999996      -9.12924204E-03  -6.06048852E-03  -2.64510000E-03  -4.34873812E-03
  -17.2900009      -1.69576071E-02  -1.43439518E-02  -8.55155941E-03  -1.11285867E-02
  -16.6800003      -3.35146748E-02  -2.18111500E-02  -2.15799268E-02  -2.31698919E-02
  -16.0599995     -0.125341639      -2.25724522E-02  -5.43715917E-02  -4.29558381E-02
  -15.4499998     -0.152797893      -7.74627104E-02 -0.127524078      -7.59237334E-02
  -14.8400002     -0.306589901     -0.128992409     -0.269284844     -0.137402788    
  -14.2299995     -0.747640789     -0.149956778     -0.551849782     -0.244036585    
  -13.6099997     -0.643691003     -0.550614059      -1.06815231     -0.443963319    
  -13.0000000     -0.126233190     -0.823994040      -1.77926517     -0.834759474    
  -12.3900003      -8.09809268E-02 -0.544794142      -2.58127618      -1.48075926    
  -11.7700005      -9.35334116E-02 -0.227619544      -3.43226123      -2.33862185    
  -11.1599998      -9.00410265E-02  -9.31875631E-02  -4.30309486      -3.28550482    
  -10.5500002      -8.80461410E-02  -8.38267207E-02  -5.20757055      -4.27869558    
  -9.93999958      -8.32474604E-02  -7.99597949E-02  -6.14454889      -5.30359125    
  -9.31999969      -8.12829286E-02  -7.60186687E-02  -7.12838745      -6.37528324    
  -8.71000004      -8.29492062E-02  -7.86832199E-02  -8.12718773      -7.45882416    
  -8.10000038     -0.140882805      -8.59066024E-02  -9.16208649      -8.57206726    
  -7.48000002     -0.147512391     -0.108121105      -10.2619438      -9.73717308    
  -6.86999989     -0.127211705     -0.120680027      -11.3968782      -10.9231110    
  -6.26000023     -0.115475424     -0.119909763      -12.5799437      -12.1527128    
  -5.65000010     -0.107922614     -0.113538116      -13.8063669      -13.4264126    
  -5.03000021      -9.78382602E-02 -0.111405231      -15.0931587      -14.7639904    
  -4.42000008      -8.35904032E-02 -0.117061898      -16.3955231      -16.1225109    
  -3.80999994      -6.37974888E-02 -0.127333090      -17.7284756      -17.5250187    
  -3.19000006      -6.99001849E-02 -0.116216801      -19.1096516      -18.9962826    
  -2.57999992      -9.75352302E-02 -0.109116048      -20.4967651      -20.4877987    
  -1.97000003      -9.97597724E-02 -0.105641112      -21.9178066      -22.0202541    
  -1.36000001     -0.101934440     -0.102752306      -23.3759651      -23.5920734    
 -0.740000010      -9.99927670E-02 -0.103908531      -24.8958817      -25.2285900    
 -0.129999995      -9.87540185E-02 -0.107401341      -26.4288578      -26.8779011    
  0.479999989     -0.100440048     -0.108303174      -27.9988537      -28.5669346    
   1.10000002     -0.100935958     -0.110494882      -29.6321545      -30.3244076    
   1.71000004     -0.105798244     -0.115022741      -31.2773762      -32.0951920    
   2.31999993     -0.120750695     -0.123825945      -32.9629059      -33.9091759    
   2.93000007     -0.147111669     -0.132475764      -34.6944275      -35.7692223    
   3.54999995     -0.187366754     -0.139927566      -36.5107765      -37.7093315    
   4.15999985     -0.223402604     -0.195023477      -38.3676567      -39.6750603    
   4.76999998     -0.220125750     -0.207341522      -40.3040085      -41.7093735    
   5.38999987     -0.348028749     -0.212150604      -42.3668900      -43.8541069    
   6.00000000     -0.556964636     -0.208985358      -44.5343933      -46.0430756    
   6.61000013     -0.556745768     -0.299146503      -46.8896866      -48.3184891    
   7.23000002      -6.89748600E-02 -0.825819016      -49.4470978      -50.7838936    
   7.84000015       6.89944029E-02 -0.894351184      -52.0224037      -53.4758949    
   8.44999981      0.281778097     -0.609022319      -54.5650787      -56.4677620    
   9.06000042      0.389202297      -7.32905194E-02  -57.0127068      -59.6629562    
   9.68000031      0.398273408      0.227307782      -59.3637657      -62.9607124    
   10.2900000      0.400200099      0.401111722      -61.5281868      -66.1322632    
   10.8999996      0.418058842      0.399268150      -63.5422096      -69.1708984    
   11.5200005      0.448492080      0.389404744      -65.4312820      -72.1103134    
   12.1300001      0.448492080      0.417502224      -67.1245193      -74.8526993    
   12.7399998      0.448492080      0.448482096      -68.6508789      -77.4394608    
   13.3500004      0.448492080      0.448482096      -70.0103607      -79.8622360    
   13.9700003      0.448492080      0.448482096      -71.2238693      -82.1564713    
   14.5799999      0.448492080      0.448482096      -72.2495804      -84.2454834    
   15.1899996      0.448492080      0.448482096      -73.1084061      -86.1676102    
   15.8100004      0.448492080      0.448482096      -73.8130646      -87.9530029    
   16.4200001      0.448492080      0.448482096      -74.3381195      -89.5413742    
   17.0300007      0.448492080      0.448482096      -74.6962967      -90.9628601    
   17.6399994      0.448492080      0.448482096      -74.8875885      -92.2174683    
   18.2600002      0.448492080      0.448482096      -74.9137650      -93.3244019    
   18.8700008      0.448492080      0.448482096      -74.7712936      -94.2452545    
   19.4799995      0.448492080      0.448482096      -74.4619370      -94.9992218    
   20.1000004      0.448492080      0.448482096      -73.9792557      -95.5973053    
   20.7099991      0.448492080      0.448482096      -73.3361282      -96.0175171    
   21.3199997      0.448492080      0.448482096      -72.5261230      -96.2708435    
   21.9300003      0.448492080      0.448482096      -71.5492249      -96.3572998    
   22.5499992      0.448492080      0.448482096      -70.3880692      -96.2769165    
   23.1599998      0.448492080      0.448482096      -69.0774078      -96.0296097    
   23.7700005      0.448492080      0.448482096      -67.5998688      -95.6154251    
   24.3899994      0.448492080      0.448482096      -65.9298553      -95.0261993    
   25.0000000      0.448492080      0.448482096      -64.1185379      -94.2782516    
   25.6100006      0.448492080      0.448482096      -62.1403427      -93.3634186    
   26.2199993      0.448492080      0.448482096      -59.9952698      -92.2817154    
   26.8400002      0.448492080      0.448482096      -57.6467743      -91.0140228    
   27.4500008      0.448492080      0.448482096      -55.1679268      -89.5985565    
   28.0599995      0.448492080      0.448482096      -52.5222054      -88.0162125    
   28.6800003      0.448492080      0.448482096      -49.6648483      -86.2396774    
   29.2900009      0.448492080      0.448482096      -46.6853523      -84.3235626    
   29.8999996      0.448492080      0.448482096      -43.5389786      -82.2405853    
   30.5100002      0.448492080      0.448482096      -40.2257156      -79.9907150    
   31.1299992      0.448492080      0.448482096      -36.6898918      -77.5357208    
   31.7399998      0.448492080      0.448482096      -33.0428581      -74.9520950    
   32.3499985      0.448492080      0.448482096      -29.2289543      -72.2015915    
   32.9700012      0.448492080      0.448482096      -25.1842480      -69.2377396    
   33.5800018      0.448492080      0.448482096      -21.0365639      -66.1534653    
   34.1899986      0.448492080      0.448482096      -16.7220230      -62.9023399    
   34.8100014      0.448492080      0.448482096      -12.1684580      -59.4296341    
   35.4199982      0.448492080      0.448482096      -7.52015209      -55.8447456    
   36.0299988      0.448492080      0.448482096      -2.70493317      -52.0929565    
   36.6399994      0.448492080      0.448482096       2.27716923      -48.1742897    
   37.2599983      0.448492080      0.448482096       7.50918293      -44.0231438    
   37.8699989      0.448492080      0.448482096       12.8250532      -39.7707138    
   38.4799995      0.448492080      0.448482096       18.3078060      -35.3514061    
   39.0999985      0.448492080      0.448482096       24.0486774      -30.6914158    
   39.7099991      0.448492080      0.448482096       29.8651981      -25.9383469    
   40.3199997      0.448492080      0.448482096       35.8486023      -21.0183983    
   40.9300003      0.448492080      0.448482096       41.9988937      -15.9315691    
   41.5499992      0.448492080      0.448482096       48.4182396      -10.5931168    
   42.1599998      0.448492080      0.448482096       54.9022942      -5.17252779    
