 Elev(m)    Area(m2)     Peri(m)      Radi(m)   Conv(m3/s)    topWidth(m)    newI1(m3)    dPdA(1/m)
   -19.88        0.00        0.00         NaN                 NaN               0.000           0.000             NaN
   -19.19        8.00       21.85        0.37             163.838              21.797           2.757           2.731
   -18.50       28.50       37.13        0.77             955.799              37.011          15.333           0.745
   -17.81       59.15       51.88        1.14            2582.325              51.682          45.530           0.481
   -17.12       98.36       61.99        1.59            5352.012              61.703          99.795           0.258
   -16.43      143.95       70.96        2.03            9227.711              70.557         183.275           0.197
   -15.74      195.74       80.63        2.43           14141.937              80.133         300.303           0.187
   -15.05      254.41       90.73        2.80           20235.693              90.136         455.387           0.172
   -14.36      320.25      102.30        3.13           27413.975             101.618         653.368           0.176
   -13.67      394.70      115.22        3.43           35876.035             114.469         899.679           0.174
   -12.99      477.32      126.11        3.79           46372.027             125.264        1200.103           0.132
   -12.30      566.95      135.42        4.19           58907.793             134.476        1559.871           0.104
   -11.61      662.53      144.03        4.60           73301.844             142.967        1983.448           0.090
   -10.92      763.94      152.57        5.01           89438.070             151.392        2474.890           0.084
   -10.23      871.26      161.36        5.40          107263.898             160.064        3038.244           0.082
    -9.54      984.40      169.80        5.80          127074.297             168.381        3677.550           0.075
    -8.85     1103.39      178.82        6.17          148478.047             177.283        4396.826           0.076
    -8.16     1229.08      189.20        6.50          171165.984             187.544        5200.399           0.083
    -7.47     1361.73      199.30        6.83          196130.156             197.528        6092.972           0.076
    -6.78     1501.89      211.52        7.10          221936.219             209.639        7079.533           0.087
    -6.10     1654.00      247.60        6.68          234663.750             245.613        8166.785           0.237
    -5.41     1837.80      288.74        6.36          252472.984             286.601        9369.761           0.224
    -4.72     2076.72      453.47        4.58          229081.203             451.155       10718.374           0.689
    -4.03     2438.80      594.18        4.10          250078.531             591.685       12274.042           0.389
    -3.34     2880.51      698.32        4.12          296348.656             695.654       14106.625           0.236
    -2.65     3381.99      758.16        4.46          366585.875             755.318       16264.153           0.119
    -1.96     3915.91      799.15        4.90          451884.969             796.126       18778.393           0.077
    -1.27     4488.23      901.27        4.98          523539.062             898.060       21673.746           0.178
    -0.58     5196.98     1137.99        4.57          572206.000            1134.608       25010.449           0.334
     0.11     5981.21     1145.39        5.22          720121.125            1141.845       28861.506           0.009
     0.79     6771.24     1155.02        5.86          880600.750            1151.327       33254.922           0.012
     1.48     7567.79     1164.55        6.50         1054151.500            1160.700       38194.938           0.012
     2.17     8370.78     1174.28        7.13         1240190.000            1170.280       43686.020           0.012
     2.86     9179.46     1181.22        7.77         1440571.000            1177.050       49732.348           0.009
     3.55     9993.29     1189.50        8.40         1651953.375            1185.203       56337.656           0.010
     4.24    10812.67     1197.59        9.03         1875325.500            1193.152       63505.633           0.010
     4.93    11636.49     1202.32        9.68         2113900.000            1197.656       71239.711           0.006
     5.62    12463.03     1206.41       10.33         2364661.500            1201.498       79542.367           0.005
     6.31    13292.36     1211.07       10.98         2625932.750            1205.918       88415.500           0.006
     7.00    14124.89     1216.00       11.62         2897876.250            1210.615       97861.172           0.006
     7.69    14960.69     1221.26       12.25         3180093.000            1215.654      107881.602           0.006
     8.37    15800.95     1229.12       12.86         3468458.250            1223.310      118479.453           0.009
     9.06    16654.61     1269.84       13.12         3704970.250            1263.869      129660.891           0.048
     9.75    17541.57     1329.27       13.20         3918313.250            1323.165      141442.016           0.067
    10.44    18472.70     1398.31       13.21         4129277.500            1392.097      153849.484           0.074
    11.13    19435.73     1408.68       13.80         4472187.000            1402.365      166909.516           0.011
    11.82    20404.33     1415.67       14.41         4833803.000            1409.217      180635.047           0.007
    12.51    21377.79     1422.83       15.02         5206696.500            1416.243      195029.641           0.007
    13.20    22356.14     1430.36       15.63         5590164.000            1423.642      210096.641           0.008
    13.89    23339.77     1438.30       16.23         5983943.500            1431.471      225839.594           0.008
    14.58    24327.60     1442.70       16.86         6398944.500            1435.812      242261.719           0.004
    15.26    25316.92     1442.70       17.55         6838502.000            1435.812      259365.047           0.000
    15.95    26306.23     1442.70       18.23         7289664.000            1435.812      277150.000          -0.000
    16.64    27295.55     1442.70       18.92         7752281.000            1435.812      295616.656           0.000
    17.33    28284.87     1442.70       19.61         8226215.500            1435.812      314764.969          -0.000
    18.02    29274.19     1442.70       20.29         8711330.000            1435.812      334594.938           0.000
    18.71    30263.51     1442.70       20.98         9207502.000            1435.812      355106.625           0.000
    19.40    31252.83     1442.70       21.66         9714608.000            1435.812      376299.969           0.000
    20.09    32242.15     1442.70       22.35        10232527.000            1435.812      398174.938           0.000
    20.78    33231.46     1442.70       23.03        10761153.000            1435.812      420731.625           0.000
    21.47    34220.79     1442.70       23.72        11300378.000            1435.812      443969.969           0.000
    22.15    35210.10     1442.70       24.41        11850095.000            1435.812      467889.969          -0.000
    22.84    36199.42     1442.70       25.09        12410208.000            1435.812      492491.656           0.000
    23.53    37188.74     1442.70       25.78        12980622.000            1435.812      517774.969          -0.000
    24.22    38178.06     1442.70       26.46        13561242.000            1435.812      543740.062           0.000
    24.91    39167.38     1442.70       27.15        14151981.000            1435.812      570386.750          -0.000
    25.60    40156.70     1442.70       27.83        14752751.000            1435.812      597715.062           0.000
    26.29    41146.02     1442.70       28.52        15363473.000            1435.812      625725.125          -0.000
    26.98    42135.34     1442.70       29.21        15984061.000            1435.812      654416.812           0.000
    27.67    43124.66     1442.70       29.89        16614442.000            1435.812      683790.250           0.000
    28.36    44113.98     1442.70       30.58        17254538.000            1435.812      713845.312           0.000
    29.05    45103.29     1442.70       31.26        17904276.000            1435.812      744582.000           0.000
    29.73    46092.61     1442.70       31.95        18563588.000            1435.812      776000.438          -0.000
    30.42    47081.93     1442.70       32.63        19232400.000            1435.812      808100.500           0.000
    31.11    48071.25     1442.70       33.32        19910648.000            1435.812      840882.188          -0.000
    31.80    49060.57     1442.70       34.01        20598266.000            1435.812      874345.688           0.000
    32.49    50049.89     1442.70       34.69        21295194.000            1435.812      908490.750          -0.000
    33.18    51039.21     1442.70       35.38        22001360.000            1435.812      943317.500           0.000
    33.87    52028.52     1442.70       36.06        22716714.000            1435.812      978825.812          -0.000
    34.56    53017.85     1442.70       36.75        23441200.000            1435.812     1015016.062           0.000
    35.25    54007.16     1442.70       37.43        24174750.000            1435.812     1051887.750          -0.000
    35.94    54996.48     1442.70       38.12        24917312.000            1435.812     1089441.125           0.000
    36.62    55985.80     1442.70       38.81        25668838.000            1435.812     1127676.375           0.000
    37.31    56975.12     1442.70       39.49        26429266.000            1435.812     1166593.125           0.000
    38.00    57964.44     1442.70       40.18        27198546.000            1435.812     1206191.500           0.000
    38.69    58953.76     1442.70       40.86        27976644.000            1435.812     1246471.750          -0.000
    39.38    59943.08     1442.70       41.55        28763478.000            1435.812     1287433.500           0.000
    40.07    60932.39     1442.70       42.24        29559026.000            1435.812     1329076.875          -0.000
    40.76    61921.72     1442.70       42.92        30363234.000            1435.812     1371402.250           0.000
    41.45    62911.04     1442.70       43.61        31176050.000            1435.812     1414409.000          -0.000
    42.14    63900.35     1442.70       44.29        31997430.000            1435.812     1458097.375           0.000
    42.83    64889.67     1442.70       44.98        32827334.000            1435.812     1502467.375          -0.000
    43.51    65878.99     1442.70       45.66        33665720.000            1435.812     1547519.375           0.000
    44.20    66868.30     1442.70       46.35        34512536.000            1435.812     1593252.875           0.000
    44.89    67857.62     1442.70       47.04        35367752.000            1435.812     1639667.875           0.000
    45.58    68846.95     1442.70       47.72        36231320.000            1435.812     1686764.875           0.000
    46.27    69836.27     1442.70       48.41        37103200.000            1435.812     1734543.375           0.000
    46.96    70825.59     1442.70       49.09        37983352.000            1435.812     1783003.500           0.000
    47.65    71814.91     1442.70       49.78        38871748.000            1435.812     1832145.500          -0.000
    48.34    72804.22     1442.70       50.46        39768320.000            1435.812     1881968.875           0.000
    49.03    73793.54     1442.70       51.15        40673068.000            1435.812     1932474.000          -0.000
