   191.731003      -28.0601921    
   272.006927      -28.0601921    
 NaN NaN
   172.526337      -27.3838406    
   295.574371      -27.3838406    
 NaN NaN
   158.552292      -26.7074909    
   317.699463      -26.7074909    
 NaN NaN
   146.773178      -26.0311394    
   337.162994      -26.0311394    
 NaN NaN
   137.557968      -25.3547878    
   359.218109      -25.3547878    
 NaN NaN
   130.791199      -24.6784363    
   380.390594      -24.6784363    
 NaN NaN
   123.885864      -24.0020847    
   397.237518      -24.0020847    
 NaN NaN
   116.908653      -23.3257332    
   417.931091      -23.3257332    
 NaN NaN
   111.666420      -22.6493835    
   434.290131      -22.6493835    
 NaN NaN
   107.961739      -21.9730320    
   448.037384      -21.9730320    
 NaN NaN
   104.595871      -21.2966805    
   466.048584      -21.2966805    
 NaN NaN
   101.638847      -20.6203289    
   480.929871      -20.6203289    
 NaN NaN
   99.2780838      -19.9439774    
   495.897644      -19.9439774    
 NaN NaN
   96.9580841      -19.2676277    
   511.832947      -19.2676277    
 NaN NaN
   94.2312088      -18.5912762    
   528.611694      -18.5912762    
 NaN NaN
   91.5557022      -17.9149246    
   539.877808      -17.9149246    
 NaN NaN
   89.1655426      -17.2385731    
   563.347229      -17.2385731    
 NaN NaN
   86.4844589      -16.5622215    
   575.760559      -16.5622215    
 NaN NaN
   83.6271896      -15.8858709    
   588.915710      -15.8858709    
 NaN NaN
   80.3229675      -15.2095203    
   620.325623      -15.2095203    
 NaN NaN
   76.2428436      -14.5331688    
   730.801575      -14.5331688    
 NaN NaN
   72.9565887      -13.8568172    
   738.037476      -13.8568172    
 NaN NaN
   71.7384720      -13.1804667    
   742.090820      -13.1804667    
 NaN NaN
   70.6634598      -12.5041151    
   745.885864      -12.5041151    
 NaN NaN
   69.7108612      -11.8277636    
   748.863098      -11.8277636    
 NaN NaN
   68.7582550      -11.1514130    
   751.168884      -11.1514130    
 NaN NaN
   67.8056564      -10.4750614    
   753.474609      -10.4750614    
 NaN NaN
   66.8530502      -9.79870987    
   755.780396      -9.79870987    
 NaN NaN
   65.9004517      -9.12235928    
   759.348633      -9.12235928    
 NaN NaN
   64.9478531      -8.44600773    
   763.628174      -8.44600773    
 NaN NaN
   63.9952507      -7.76965666    
   766.942139      -7.76965666    
 NaN NaN
   63.2415504      -7.09330559    
   769.508972      -7.09330559    
 NaN NaN
   62.5207634      -6.41695452    
   772.075806      -6.41695452    
 NaN NaN
   61.9054337      -5.74060345    
   774.894409      -5.74060345    
 NaN NaN
   61.2901039      -5.06425190    
   783.032898      -5.06425190    
 NaN NaN
   60.6747742      -4.38790083    
   785.602234      -4.38790083    
 NaN NaN
   60.0594406      -3.71154976    
   787.772827      -3.71154976    
 NaN NaN
   59.4441109      -3.03519845    
   789.943481      -3.03519845    
 NaN NaN
   58.8287811      -2.35884714    
   792.114075      -2.35884714    
 NaN NaN
   58.2134514      -1.68249607    
   796.335266      -1.68249607    
 NaN NaN
   57.5981216      -1.00614488    
   801.315308      -1.00614488    
 NaN NaN
   56.9827919     -0.329793692    
   806.825684     -0.329793692    
 NaN NaN
   56.3674583      0.346557498    
   812.321594      0.346557498    
 NaN NaN
   55.7521286       1.02290869    
   816.391052       1.02290869    
 NaN NaN
   55.1367989       1.69925988    
   820.556274       1.69925988    
 NaN NaN
   54.2739067       2.37561107    
   831.738037       2.37561107    
 NaN NaN
   6.99373960       3.05196238    
   890.430786       3.05196238    
 NaN NaN
   4.26486540       3.72831345    
   894.365356       3.72831345    
 NaN NaN
   1.53599167       4.40466452    
   898.399109       4.40466452    
 NaN NaN
   0.00000000       5.08101559    
   907.691345       5.08101559    
 NaN NaN
   0.00000000       5.75736713    
   907.691345       5.75736713    
 NaN NaN
   0.00000000       6.43371820    
   907.691345       6.43371820    
 NaN NaN
   0.00000000       7.11006927    
   907.691345       7.11006927    
 NaN NaN
   0.00000000       7.78642082    
   907.691345       7.78642082    
 NaN NaN
   0.00000000       8.46277142    
   907.691345       8.46277142    
 NaN NaN
   0.00000000       9.13912296    
   907.691345       9.13912296    
 NaN NaN
   0.00000000       9.81547451    
   907.691345       9.81547451    
 NaN NaN
   0.00000000       10.4918251    
   907.691345       10.4918251    
 NaN NaN
   0.00000000       11.1681767    
   907.691345       11.1681767    
 NaN NaN
   0.00000000       11.8445282    
   907.691345       11.8445282    
 NaN NaN
   0.00000000       12.5208788    
   907.691345       12.5208788    
 NaN NaN
   0.00000000       13.1972303    
   907.691345       13.1972303    
 NaN NaN
   0.00000000       13.8735809    
   907.691345       13.8735809    
 NaN NaN
   0.00000000       14.5499325    
   907.691345       14.5499325    
 NaN NaN
   0.00000000       15.2262840    
   907.691345       15.2262840    
 NaN NaN
   0.00000000       15.9026346    
   907.691345       15.9026346    
 NaN NaN
   0.00000000       16.5789852    
   907.691345       16.5789852    
 NaN NaN
   0.00000000       17.2553368    
   907.691345       17.2553368    
 NaN NaN
   0.00000000       17.9316883    
   907.691345       17.9316883    
 NaN NaN
   0.00000000       18.6080399    
   907.691345       18.6080399    
 NaN NaN
   0.00000000       19.2843914    
   907.691345       19.2843914    
 NaN NaN
   0.00000000       19.9607430    
   907.691345       19.9607430    
 NaN NaN
   0.00000000       20.6370926    
   907.691345       20.6370926    
 NaN NaN
   0.00000000       21.3134441    
   907.691345       21.3134441    
 NaN NaN
   0.00000000       21.9897957    
   907.691345       21.9897957    
 NaN NaN
   0.00000000       22.6661472    
   907.691345       22.6661472    
 NaN NaN
   0.00000000       23.3424988    
   907.691345       23.3424988    
 NaN NaN
   0.00000000       24.0188484    
   907.691345       24.0188484    
 NaN NaN
   0.00000000       24.6952000    
   907.691345       24.6952000    
 NaN NaN
   0.00000000       25.3715515    
   907.691345       25.3715515    
 NaN NaN
   0.00000000       26.0479031    
   907.691345       26.0479031    
 NaN NaN
   0.00000000       26.7242546    
   907.691345       26.7242546    
 NaN NaN
   0.00000000       27.4006042    
   907.691345       27.4006042    
 NaN NaN
   0.00000000       28.0769558    
   907.691345       28.0769558    
 NaN NaN
   0.00000000       28.7533073    
   907.691345       28.7533073    
 NaN NaN
   0.00000000       29.4296589    
   907.691345       29.4296589    
 NaN NaN
   0.00000000       30.1060104    
   907.691345       30.1060104    
 NaN NaN
   0.00000000       30.7823601    
   907.691345       30.7823601    
 NaN NaN
   0.00000000       31.4587116    
   907.691345       31.4587116    
 NaN NaN
   0.00000000       32.1350632    
   907.691345       32.1350632    
 NaN NaN
   0.00000000       32.8114128    
   907.691345       32.8114128    
 NaN NaN
   0.00000000       33.4877663    
   907.691345       33.4877663    
 NaN NaN
   0.00000000       34.1641159    
   907.691345       34.1641159    
 NaN NaN
   0.00000000       34.8404694    
   907.691345       34.8404694    
 NaN NaN
   0.00000000       35.5168190    
   907.691345       35.5168190    
 NaN NaN
   0.00000000       36.1931686    
   907.691345       36.1931686    
 NaN NaN
   0.00000000       36.8695221    
   907.691345       36.8695221    
 NaN NaN
   0.00000000       37.5458717    
   907.691345       37.5458717    
 NaN NaN
   0.00000000       38.2222252    
   907.691345       38.2222252    
 NaN NaN
   0.00000000       38.8985748    
   907.691345       38.8985748    
 NaN NaN
