188.42	RS=188.42  
0	11.79576023
9.104376256	10.85697567
18.20875251	8.76909614
27.31312819	7.08050386
36.41750502	6.477
45.52188186	6.077712163
54.62321005	5.449823744
63.72758456	5.059680116
72.83195907	4.986528186
81.93633823	5.373623744
91.04071274	6.160007721
100.1450873	7.059167953
109.2494618	8.116823744
118.3538363	8.69289614
127.4582201	8.763
136.5625946	8.708135907
145.6639181	8.854439767
154.7682927	8.830055791
160.6021598	8.878823744
163.8726765	8.903207721
172.977051	8.939783977
182.0814255	8.894064093
191.1858	8.60755193
200.2901745	4.757927895
209.394549	0.981456009
218.4989235	-1.389887983
227.603298	-5.190744209
236.7076726	-9.52195193
245.8090147	-13.54531158
254.9133892	-17.00479228
264.0177637	-17.69668842
273.1221382	-19.74799228
282.2265127	-22.4028
291.3308873	-24.78938456
300.4352618	-26.57551274
309.5396363	-27.45943088
318.6440294	-27.48076912
327.7484039	-27.06319228
336.8527784	-26.45968726
345.954102	-25.66720772
355.0584765	-24.79547953
364.162851	-24.05786409
373.2672255	-23.58237684
382.3716	-23.34158456
391.4759745	-23.02459228
400.580349	-22.44852047
409.6847235	-21.61336912
418.789098	-20.70811274
427.8934726	-19.81809498
436.9978471	-19.03780772
446.1022216	-18.26056795
455.2035451	-17.27606409
464.3079196	-16.47139228
473.4122941	-15.77644749
482.5167059	-15.02359228
491.6210804	-14.1732
500.7254549	-13.70076023
509.8298294	-13.35633591
518.9342039	-12.90218456
528.0385784	-12.38707181
537.1429529	-11.90853591
546.2473274	-11.45743205
555.351702	-11.08862433
564.4560765	-10.65885637
573.5574	-10.18032047
582.6617745	-9.656064093
591.766149	-9.232392279
600.8705235	-8.827007721
609.974898	-8.397239767
619.0792726	-8.016239767
628.1836471	-7.70229614
637.2880588	-7.412735907
646.3923961	-7.08964807
655.4968078	-6.77875193
664.6011451	-6.510528186
673.7055568	-6.199632047
682.8098941	-6.038087837
691.9143059	-5.94664807
701.0155922	-5.855207721
710.1200039	-5.7912
719.2243412	-5.71195193
728.3287529	-5.6388
737.4330902	-5.55955193
746.537502	-5.474207721
755.6418393	-5.425439767
764.746251	-5.401055791
773.8505883	-5.391912163
782.955	-5.41629614
792.0594117	-5.428487837
801.163749	-5.358383977
810.2681607	-5.18769614
819.372498	-5.02310386
828.4738588	-4.843272105
837.5781961	-4.602480116
846.6826078	-4.325111872
855.7869451	-4.075175965
864.8913568	-3.843527895
873.9956941	-3.233927895
883.1001059	-2.386583977
892.2044432	-1.722120029
901.3088549	-0.78333598
910.4131922	0.621791988
919.5176039	1.871471959
928.6219412	2.785872105
937.7263529	3.416808012
946.8306902	3.377183977
955.935102	3.148583977
965.0394393	3.032759942
974.1408	2.959608012
983.2452117	2.910840058
992.349549	3.05409614
1001.453961	7.351776256
1004.428812	7.421880116
1010.558298	7.568183977
1019.66271	7.818119884
1028.767047	8.092439767
1037.871459	8.186928186
1046.975796	8.217407721
1056.080208	8.068055791
1065.184545	8.037576256
1074.288957	8.125967953
1083.393294	7.976616023
1092.497706	7.821167953
1101.602043	7.717535907
1110.706455	7.641335907
1119.810792	7.568183977
1128.915204	7.516367953
1138.01649	7.427976256
1147.120902	7.287767953
1156.225239	7.229855791
1165.329651	7.211567953
1174.433988	7.117080116
1183.5384	7.098792279
1192.642812	7.138416023
1201.747149	7.260335907
1210.851561	7.434071814
1219.955898	7.409687837
1229.06031	7.299960233
1238.164647	7.39749614
1247.269059	7.333487837
1256.373396	7.336535907
1265.477808	7.458455791
1274.58222	7.635239767
1283.686482	7.638287837
1292.790894	7.799832047
1301.895306	7.936992279
1310.996592	8.08024807
1320.101004	8.22350386
1329.205416	8.327135907
1338.309679	8.369807721
1347.41409	8.382
1356.518502	8.357616023
1365.622914	8.177783977
1374.727177	8.040623744
1383.831588	8.00709614
1392.936	7.99490386
1402.040412	7.830312163
1411.144823	7.714487837
1420.249086	7.61695193
1429.353498	7.54075193
1438.45791	7.443216023
1447.562321	7.367016023
1456.666584	7.260335907
1465.770996	7.181087837
1474.875408	7.117080116
1483.97982	6.4008
1493.084082	4.94690386
1502.188494	4.953
1511.292906	5.294376256
1520.397318	5.815583977
1529.498604	6.409944209
1538.603016	6.86104807
1547.707279	9.287255791
1556.81169	11.92072819
	
