	RS=80.693* 
0	4.782311872
7.760207721	3.12115193
13.57883977	3.084575965
15.51432047	3.112008012
23.27452819	2.97484807
24.66441544	2.990088128
27.15158456	3.020567953
31.03473591	3.105911872
38.79189498	3.090672105
40.73042549	3.108959942
46.54905637	3.066288128
54.30926177	2.865119884
57.84798995	-0.515112017
63.20942549	-5.63270386
63.67576912	-5.980176256
72.10958456	-13.94155251
73.04836912	-14.43532819
81.0127946	-17.53209614
82.41487646	-18.14474363
89.916	-20.96109498
91.78747646	-21.58898456
98.81616372	-23.33853591
101.1600765	-23.76525637
107.7163181	-24.75890502
110.5265745	-25.05455907
116.6195235	-25.55138456
119.8991745	-25.65501544
125.5227382	-25.84094363
129.2687235	-25.91104865
134.419851	-26.14574363
138.6382819	-26.38958456
143.3230564	-26.77667953
148.0078309	-27.24912047
152.2262618	-27.6606
157.3773892	-28.14218456
161.1294765	-28.46527181
166.7499892	-28.99867181
170.0265892	-29.2608
176.1195382	-29.69666409
178.9297853	-29.90697684
185.4890873	-30.37941544
187.833	-30.48914363
194.8586363	-30.78784865
196.7331637	-30.87014363
204.2312363	-31.14141544
205.6333274	-31.20847181
213.6007853	-31.49803088
214.5365235	-31.51327181
222.9703529	-31.61690502
223.4366873	-31.61995135
232.339902	-31.64738456
240.7432402	-31.3944
243.0475274	-31.29076912
249.1435274	-31.02559228
253.7581853	-30.77260772
257.5438147	-30.57144093
264.4658108	-30.24835135
265.9471529	-30.17215135
274.3504726	-29.66618456
275.1734363	-29.61741544
282.7507598	-29.28518456
285.8810618	-29.16631274
291.154098	-28.956
296.5917382	-28.74568726
299.5574363	-28.63900772
307.3024147	-28.34335135
307.9577235	-28.31592047
316.3610804	-27.93187181
318.0069706	-27.86786409
324.761349	-27.57220772
328.7176471	-27.42285637
333.1647059	-27.28874363
339.4283235	-27.10586409
341.5649745	-27.04490502
349.9682941	-26.74010502
350.132898	-26.73705637
358.371651	-26.38653591
360.8435745	-26.26461544
366.7719196	-26.02382316
371.5512	-25.81655907
375.1752765	-25.64587181
382.2588255	-25.37764865
383.5785961	-25.32887953
391.978902	-25.07284865
392.969502	-25.03932047
400.3791706	-24.84729498
403.6771274	-24.73452047
408.7825274	-24.56383088
414.3847529	-24.31084865
417.1858471	-24.16454363
425.0923784	-23.84755135
425.5861529	-23.82316912
433.9894726	-23.5458
435.8030549	-23.45740772
442.3928294	-23.13127181
446.5106804	-22.92095907
450.793098	-22.68016912
457.2183059	-22.28087953
459.1964549	-22.17724865
467.5967235	-21.73224093
467.9289451	-21.717
475.9970294	-21.27808726
478.6365706	-21.1836
484.400349	-20.90013591
489.3441961	-20.65934363
492.8037059	-20.50084865
500.0548726	-20.00097684
501.2070255	-19.91867953
509.6072941	-19.28469614
510.7594471	-19.21763977
518.010651	-18.85492819
521.4701235	-18.70252819
526.4139706	-18.42820772
532.1808	-18.05025637
534.8142765	-17.89785637
542.8853745	-17.30959228
543.2145451	-17.28825637
551.617902	-16.75790386
553.596051	-16.65427181
560.0181706	-16.31289614
564.3036765	-16.20621544
568.4215274	-16.12087181
575.0143529	-15.95323205
576.8248471	-15.91056023
585.2251529	-15.60271158
585.7219784	-15.57527953
593.6284726	-15.08150386
596.4296039	-14.9352
602.0318294	-14.67612047
607.1402804	-14.59077567
610.435149	-14.54200772
617.8448549	-14.63954363
618.8324039	-14.65478456
627.2357607	-14.68831158
628.5554941	-14.69136023
635.6390432	-14.69745637
639.2662078	-14.69440772
644.039349	-14.67612047
649.9707451	-14.64259228
652.4427059	-14.6304
660.6814588	-14.41703977
660.8459883	-14.41399228
669.2462941	-14.097
671.3890471	-13.99336795
677.649651	-13.73428842
682.0967098	-13.46911158
686.0530078	-13.23136795
692.807349	-12.4968
694.4501883	-12.30782433
702.8535451	-10.67714363
703.5150117	-10.47292819
711.256902	-7.897367953
714.2226	-7.360919884
719.6572078	-6.266687837
724.9301883	-4.79755193
728.0604902	-3.941064093
735.640902	-3.944111872
736.4638471	-3.770375965
744.8672039	-0.164592007
746.3484902	0.271271996
753.2675098	0.957072032
757.0561529	1.359408012
761.6707922	1.59715193
767.7667922	1.938528041
770.071098	2.063495994
778.4714039	2.386583977
782.7842941	2.468880116
787.1003098	2.529840058
791.410149	2.581656081
795.7230393	2.612135907
798.6004078	2.621280116
800.0360039	2.621280116
804.3488941	2.627375965
808.6618588	2.633472105
809.4878549	2.630424035
812.974749	2.618232047
817.2876393	2.599943919
818.7294117	2.599943919
821.6006039	2.59689614
825.9134941	2.624327895
830.2264588	2.624327895
834.539349	2.59689614
838.8522393	2.532888128
843.1652039	2.496311872
847.4780941	2.474975965
851.7910588	2.246375965
856.103949	2.218944064
858.9812432	2.215895994
860.4168393	2.218944064
864.7298039	2.200655936
869.0426941	2.197608012
873.3556588	2.188463948
877.668549	2.185416023
879.1102471	2.185416023
881.9814393	2.197608012
886.2913529	2.221991988
890.6072941	2.240279971
894.9202588	2.258567953
899.230098	2.276855936
903.5460393	2.313432047
907.8559529	2.353055936
912.1688432	2.389632047
916.4818078	2.426208012
919.359102	2.453640058
920.794698	2.526791988
922.1571451	2.578608012
925.1075883	2.691383977
929.4205529	2.785872105
933.7334432	3.060191988
938.0464078	3.392424035
939.4881059	3.447288128
942.359298	3.486911872
946.6721883	3.797808012
950.9851529	4.163567953
955.2980432	4.779264093
959.6110078	5.26084807
	
