 Elev(m)    Area(m2)     Peri(m)      Radi(m)   Conv(m3/s)    topWidth(m)    newI1(m3)    dPdA(1/m)
   -34.95        0.00        0.00         NaN                 NaN               0.000           0.000             NaN
   -34.14       17.51       33.98        0.52             450.010              33.925           7.077           1.941
   -33.33       51.39       49.21        1.04            2115.751              49.069          34.930           0.450
   -32.53       96.46       63.22        1.53            5114.016              62.963          94.703           0.311
   -31.72      154.10       81.41        1.89            9432.779              81.052         196.003           0.316
   -30.91      233.59      113.22        2.06           15142.840             112.766         352.743           0.400
   -30.10      333.63      136.22        2.45           24248.043             135.648         582.060           0.230
   -29.29      453.38      159.37        2.84           36410.473             158.690         900.238           0.193
   -28.48      590.62      182.63        3.23           51665.656             181.825        1322.316           0.169
   -27.67      750.23      217.70        3.45           68465.344             216.781        1864.403           0.220
   -26.87      934.94      239.27        3.91           92776.625             238.226        2545.691           0.117
   -26.06     1135.14      258.43        4.39          121780.578             257.265        3382.594           0.096
   -25.25     1351.80      280.00        4.83          154457.453             278.714        4388.030           0.100
   -24.44     1585.53      302.13        5.25          191522.203             300.710        5575.553           0.095
   -23.63     1861.13      395.82        4.70          208941.125             394.275        6968.994           0.340
   -22.82     2203.30      443.42        4.97          256631.250             441.744        8612.189           0.139
   -22.01     2573.68      472.14        5.45          318863.531             470.332       10543.463           0.078
   -21.21     2960.77      487.83        6.07          394056.188             485.873       12780.968           0.041
   -20.40     3358.91      501.67        6.70          477286.062             499.563       15335.932           0.035
   -19.59     3768.38      515.34        7.31          567877.438             513.077       18217.406           0.033
   -18.78     4188.21      527.52        7.94          666726.500             525.074       21434.145           0.029
   -17.97     4617.56      540.25        8.55          772124.125             537.635       24994.197           0.030
   -17.16     5060.66      560.30        9.03          877923.688             557.542       28906.980           0.045
   -16.35     5518.17      577.11        9.56          994370.312             574.182       33183.859           0.037
   -15.55     5988.24      590.39       10.14         1122361.375             587.292       37835.746           0.028
   -14.74     6467.35      600.73       10.77         1261290.250             597.459       42871.371           0.022
   -13.93     6952.31      605.73       11.48         1415000.500             602.102       48296.766           0.010
   -13.12     7441.12      611.31       12.17         1574999.875             607.347       54115.840           0.011
   -12.31     7934.46      616.27       12.88         1743449.750             611.866       60331.980           0.010
   -11.50     8429.99      618.80       13.62         1923403.875             613.809       66947.914           0.005
   -10.69     8927.08      621.34       14.37         2110369.000             615.752       73965.148           0.005
    -9.89     9425.75      623.87       15.11         2304216.750             617.696       81384.945           0.005
    -9.08     9925.99      626.41       15.85         2504834.500             619.641       89208.602           0.005
    -8.27    10427.80      628.94       16.58         2712113.500             621.586       97437.367           0.005
    -7.46    10931.17      631.39       17.31         2926198.250             623.424      106072.516           0.005
    -6.65    11435.93      633.74       18.05         3147070.750             625.120      115115.234           0.005
    -5.84    11942.08      636.09       18.77         3374294.000             626.821      124566.656           0.005
    -5.03    12449.60      638.43       19.50         3607793.500             628.524      134427.875           0.005
    -4.23    12958.49      640.78       20.22         3847496.750             630.224      144700.031           0.005
    -3.42    13468.76      643.12       20.94         4093360.250             631.909      155384.219           0.005
    -2.61    13980.38      645.45       21.66         4345266.000             633.593      166481.547           0.005
    -1.80    14493.39      648.04       22.37         4601963.000             635.564      177993.109           0.005
    -0.99    15008.66      651.87       23.02         4858713.500             638.954      189920.391           0.007
    -0.18    15526.68      655.74       23.68         5121188.000             642.375      202265.422           0.007
     0.63    16047.48      659.64       24.33         5389332.000             645.832      215030.438           0.007
     1.43    16571.65      667.80       24.82         5639469.500             653.650      228217.922           0.016
     2.24    17124.57      764.82       22.39         5441527.000             750.613      241840.859           0.175
     3.05    17787.63      868.55       20.48         5325905.000             854.302      255955.391           0.156
     3.86    18486.54      887.62       20.83         5597584.500             873.303      270620.562           0.027
     4.67    19195.49      893.31       21.49         5934566.000             878.912      285854.906           0.008
     5.48    19907.79      897.45       22.18         6286754.500             882.963      301663.844           0.006
     6.29    20621.73      897.45       22.98         6666992.500             882.963      318049.375           0.000
     7.09    21335.67      897.45       23.77         7056108.500             882.963      335012.219           0.000
     7.90    22049.61      897.45       24.57         7454005.000             882.963      352552.312           0.000
     8.71    22763.55      897.45       25.36         7860583.500             882.963      370669.656           0.000
     9.52    23477.49      897.45       26.16         8275755.000             882.963      389364.312           0.000
    10.33    24191.43      897.45       26.96         8699429.000             882.963      408636.219           0.000
    11.14    24905.37      897.45       27.75         9131523.000             882.963      428485.406           0.000
    11.95    25619.31      897.45       28.55         9571953.000             882.963      448911.875           0.000
    12.75    26333.25      897.45       29.34        10020645.000             882.963      469915.594           0.000
    13.56    27047.19      897.45       30.14        10477519.000             882.963      491496.594           0.000
    14.37    27761.13      897.45       30.93        10942507.000             882.963      513654.875           0.000
    15.18    28475.07      897.45       31.73        11415533.000             882.963      536390.438           0.000
    15.99    29189.01      897.45       32.52        11896535.000             882.963      559703.250           0.000
    16.80    29902.96      897.45       33.32        12385446.000             882.963      583593.375           0.000
    17.61    30616.89      897.45       34.12        12882200.000             882.963      608060.688           0.000
    18.41    31330.84      897.45       34.91        13386737.000             882.963      633105.375           0.000
    19.22    32044.78      897.45       35.71        13898998.000             882.963      658727.312           0.000
    20.03    32758.72      897.45       36.50        14418926.000             882.963      684926.438           0.000
    20.84    33472.66      897.45       37.30        14946463.000             882.963      711702.938           0.000
    21.65    34186.60      897.45       38.09        15481556.000             882.963      739056.688           0.000
    22.46    34900.54      897.45       38.89        16024151.000             882.963      766987.688           0.000
    23.27    35614.48      897.45       39.68        16574195.000             882.963      795496.000           0.000
    24.07    36328.42      897.45       40.48        17131640.000             882.963      824581.500           0.000
    24.88    37042.36      897.45       41.28        17696438.000             882.963      854244.312           0.000
    25.69    37756.30      897.45       42.07        18268540.000             882.963      884484.500           0.000
    26.50    38470.24      897.45       42.87        18847898.000             882.963      915301.812           0.000
    27.31    39184.18      897.45       43.66        19434472.000             882.963      946696.438           0.000
    28.12    39898.12      897.45       44.46        20028212.000             882.963      978668.438           0.000
    28.93    40612.06      897.45       45.25        20629080.000             882.963     1011217.625           0.000
    29.73    41326.00      897.45       46.05        21237030.000             882.963     1044344.125           0.000
    30.54    42039.94      897.45       46.84        21852022.000             882.963     1078047.875           0.000
    31.35    42753.88      897.45       47.64        22474018.000             882.963     1112328.875           0.000
    32.16    43467.82      897.45       48.44        23102978.000             882.963     1147187.125           0.000
    32.97    44181.76      897.45       49.23        23738858.000             882.963     1182622.625           0.000
    33.78    44895.70      897.45       50.03        24381632.000             882.963     1218635.500           0.000
    34.59    45609.64      897.45       50.82        25031254.000             882.963     1255225.625           0.000
    35.39    46323.58      897.45       51.62        25687688.000             882.963     1292393.000           0.000
    36.20    47037.52      897.45       52.41        26350904.000             882.963     1330137.625           0.000
    37.01    47751.46      897.45       53.21        27020868.000             882.963     1368459.625           0.000
    37.82    48465.40      897.45       54.00        27697538.000             882.963     1407358.750           0.000
    38.63    49179.34      897.45       54.80        28380888.000             882.963     1446835.250           0.000
    39.44    49893.29      897.45       55.59        29070888.000             882.963     1486889.125           0.000
    40.25    50607.22      897.45       56.39        29767494.000             882.963     1527520.000           0.000
    41.05    51321.16      897.45       57.19        30470690.000             882.963     1568728.375           0.000
    41.86    52035.11      897.45       57.98        31180440.000             882.963     1610514.000           0.000
    42.67    52749.05      897.45       58.78        31896704.000             882.963     1652876.625           0.000
    43.48    53462.99      897.45       59.57        32619466.000             882.963     1695816.875           0.000
    44.29    54176.93      897.45       60.37        33348690.000             882.963     1739334.250           0.000
    45.10    54890.87      897.45       61.16        34084348.000             882.963     1783429.000           0.000
    45.91    55604.81      897.45       61.96        34826408.000             882.963     1828100.875           0.000
