 Elev(m)    Area(m2)     Peri(m)      Radi(m)   Conv(m3/s)    topWidth(m)    newI1(m3)    dPdA(1/m)
   -40.58        0.00        0.00         NaN                 NaN               0.000           0.000             NaN
   -39.65       17.96       29.17        0.62             519.911              29.049           8.355           1.624
   -38.72       50.37       40.89        1.23            2315.136              40.567          40.139           0.362
   -37.79       92.89       51.30        1.81            5519.678              50.770         106.780           0.245
   -36.86      144.60       60.92        2.37           10292.748              60.170         217.258           0.186
   -35.93      204.66       70.07        2.92           16727.922              69.091         379.730           0.152
   -35.00      273.71       81.85        3.34           24482.764              80.666         602.261           0.171
   -34.07      357.79      102.16        3.50           33005.035             100.792         896.026           0.242
   -33.14      459.95      120.29        3.82           44988.008             118.756        1276.428           0.177
   -32.21      578.01      136.93        4.22           60388.516             135.230        1759.274           0.141
   -31.28      711.39      153.00        4.65           79271.977             151.134        2359.084           0.120
   -30.35      859.45      169.49        5.07          101470.242             167.430        3089.818           0.111
   -29.42     1021.91      183.46        5.57          128445.344             181.208        3964.998           0.086
   -28.49     1197.07      198.01        6.05          158904.469             195.562        4997.238           0.083
   -27.56     1386.13      213.70        6.49          192839.594             211.017        6198.905           0.083
   -26.63     1590.05      230.05        6.91          230775.609             227.115        7583.380           0.080
   -25.70     1807.82      243.83        7.41          274953.156             240.627        9164.020           0.063
   -24.76     2038.50      259.46        7.86          322252.750             255.998       10953.269           0.068
   -23.83     2285.33      278.74        8.20          371685.406             275.025       12964.653           0.078
   -22.90     2549.44      297.29        8.58          427244.531             293.359       15213.716           0.070
   -21.97     2832.90      321.48        8.81          483434.812             317.356       17717.504           0.085
   -21.04     3139.19      344.06        9.12          548282.500             339.732       20495.631           0.074
   -20.11     3462.81      359.71        9.63          626814.000             355.180       23566.789           0.048
   -19.18     3800.28      376.84       10.08          709549.438             372.121       26945.477           0.051
   -18.25     4158.22      401.93       10.35          789716.562             397.044       30647.652           0.070
   -17.32     4534.83      416.70       10.88          890801.625             411.621       34691.539           0.039
   -16.39     4939.07      455.28       10.85          968166.000             449.948       39098.656           0.095
   -15.46     5362.06      464.37       11.55         1095728.250             458.762       43890.598           0.021
   -14.53     5792.74      473.49       12.23         1230249.875             467.604       49079.656           0.021
   -13.60     6233.18      487.00       12.80         1364235.250             480.861       54673.941           0.031
   -12.67     6688.61      503.07       13.30         1501522.250             496.688       60684.980           0.035
   -11.74     7155.83      514.18       13.92         1656089.625             507.577       67125.211           0.024
   -10.81     7633.91      532.22       14.34         1802647.000             525.412       74005.195           0.038
    -9.88     8125.28      537.29       15.12         1987559.250             529.964       81336.141           0.010
    -8.95     8619.96      541.19       15.93         2182745.250             533.314       89125.789           0.008
    -8.02     9117.60      544.89       16.73         2385914.250             536.449       97377.055           0.007
    -7.09     9618.15      548.59       17.53         2596452.000             539.583      106092.648           0.007
    -6.16    10121.62      552.29       18.33         2814264.500             542.716      115275.312           0.007
    -5.23    10628.01      555.99       19.12         3039271.000             545.846      124927.742           0.007
    -4.30    11137.25      559.59       19.90         3271739.250             548.869      135052.625           0.007
    -3.37    11649.31      563.18       20.68         3511233.000             551.891      145652.609           0.007
    -2.44    12164.10      566.67       21.47         3758139.750             554.749      156730.266           0.007
    -1.51    12681.62      570.35       22.23         4011061.500             557.864      168288.156           0.007
    -0.58    13204.33      579.43       22.79         4245430.500             566.569      180329.922           0.017
     0.36    13737.96      592.77       23.18         4466894.000             579.554      192863.094           0.025
     1.29    14279.42      598.05       23.88         4736106.500             584.401      205896.375           0.010
     2.22    14825.38      603.32       24.57         5012317.500             589.249      219435.516           0.010
     3.15    15379.54      619.83       24.81         5233416.000             605.387      233486.422           0.030
     4.08    15957.20      655.95       24.33         5358858.500             641.140      248063.828           0.063
     5.01    16572.54      698.79       23.72         5471999.000             683.754      263196.188           0.070
     5.94    17249.48      757.66       22.77         5542482.000             742.560      278929.719           0.087
     6.87    17940.34      757.66       23.68         5917367.500             742.560      295299.531           0.000
     7.80    18631.20      757.66       24.59         6302004.000             742.560      312312.094           0.000
     8.73    19322.05      757.66       25.50         6696268.500             742.560      329967.375          -0.000
     9.66    20012.91      757.66       26.41         7100047.000             742.560      348265.438           0.000
    10.59    20703.76      757.66       27.33         7513224.500             742.560      367206.250           0.000
    11.52    21394.62      757.66       28.24         7935698.000             742.560      386789.812           0.000
    12.45    22085.48      757.66       29.15         8367368.000             742.560      407016.156           0.000
    13.38    22776.33      757.66       30.06         8808133.000             742.560      427885.219          -0.000
    14.31    23467.19      757.66       30.97         9257905.000             742.560      449397.062           0.000
    15.24    24158.05      757.66       31.89         9716590.000             742.560      471551.625           0.000
    16.17    24848.90      757.66       32.80        10184106.000             742.560      494348.969           0.000
    17.10    25539.76      757.66       33.71        10660367.000             742.560      517789.062           0.000
    18.03    26230.62      757.66       34.62        11145297.000             742.560      541871.875          -0.000
    18.96    26921.47      757.66       35.53        11638818.000             742.560      566597.500           0.000
    19.89    27612.33      757.66       36.44        12140854.000             742.560      591965.875           0.000
    20.82    28303.19      757.66       37.36        12651335.000             742.560      617976.938           0.000
    21.75    28994.04      757.66       38.27        13170194.000             742.560      644630.812          -0.000
    22.68    29684.90      757.66       39.18        13697358.000             742.560      671927.375           0.000
    23.61    30375.76      757.66       40.09        14232766.000             742.560      699866.750           0.000
    24.54    31066.61      757.66       41.00        14776356.000             742.560      728448.875           0.000
    25.48    31757.47      757.66       41.92        15328063.000             742.560      757673.750           0.000
    26.41    32448.33      757.66       42.83        15887834.000             742.560      787541.375          -0.000
    27.34    33139.18      757.66       43.74        16455602.000             742.560      818051.688           0.000
    28.27    33830.04      757.66       44.65        17031322.000             742.560      849204.875           0.000
    29.20    34520.89      757.66       45.56        17614930.000             742.560      881000.750           0.000
    30.13    35211.75      757.66       46.47        18206376.000             742.560      913439.375           0.000
    31.06    35902.61      757.66       47.39        18805616.000             742.560      946520.750          -0.000
    31.99    36593.46      757.66       48.30        19412586.000             742.560      980244.875           0.000
    32.92    37284.32      757.66       49.21        20027246.000             742.560     1014611.688           0.000
    33.85    37975.18      757.66       50.12        20649548.000             742.560     1049621.500           0.000
    34.78    38666.04      757.66       51.03        21279442.000             742.560     1085273.875           0.000
    35.71    39356.89      757.66       51.95        21916884.000             742.560     1121568.875          -0.000
    36.64    40047.75      757.66       52.86        22561834.000             742.560     1158506.875           0.000
    37.57    40738.61      757.66       53.77        23214238.000             742.560     1196087.500           0.000
    38.50    41429.46      757.66       54.68        23874062.000             742.560     1234310.875           0.000
    39.43    42120.32      757.66       55.59        24541260.000             742.560     1273177.250           0.000
    40.36    42811.17      757.66       56.50        25215798.000             742.560     1312686.000          -0.000
    41.29    43502.03      757.66       57.42        25897634.000             742.560     1352837.625           0.000
    42.22    44192.89      757.66       58.33        26586722.000             742.560     1393632.000           0.000
    43.15    44883.74      757.66       59.24        27283030.000             742.560     1435069.375           0.000
    44.08    45574.60      757.66       60.15        27986520.000             742.560     1477149.250           0.000
    45.01    46265.45      757.66       61.06        28697158.000             742.560     1519871.875          -0.000
    45.94    46956.31      757.66       61.98        29414908.000             742.560     1563237.375           0.000
    46.87    47647.17      757.66       62.89        30139726.000             742.560     1607245.500           0.000
    47.80    48338.02      757.66       63.80        30871588.000             742.560     1651896.500           0.000
    48.73    49028.88      757.66       64.71        31610460.000             742.560     1697190.125           0.000
    49.66    49719.74      757.66       65.62        32356304.000             742.560     1743126.625          -0.000
    50.60    50410.59      757.66       66.53        33109086.000             742.560     1789705.750           0.000
    51.53    51101.45      757.66       67.45        33868776.000             742.560     1836927.750           0.000
    52.46    51792.31      757.66       68.36        34635352.000             742.560     1884792.500           0.000
