   247.460449      -24.0644493    
   305.545258      -24.0644493    
 NaN NaN
   237.154449      -23.3821850    
   327.558716      -23.3821850    
 NaN NaN
   231.683563      -22.6999207    
   337.401093      -22.6999207    
 NaN NaN
   226.807312      -22.0176563    
   347.875793      -22.0176563    
 NaN NaN
   223.607437      -21.3353920    
   360.268524      -21.3353920    
 NaN NaN
   220.407578      -20.6531277    
   368.674530      -20.6531277    
 NaN NaN
   217.615952      -19.9708633    
   377.245819      -19.9708633    
 NaN NaN
   214.524368      -19.2885990    
   387.913757      -19.2885990    
 NaN NaN
   211.404297      -18.6063347    
   400.231506      -18.6063347    
 NaN NaN
   208.289307      -17.9240704    
   420.410461      -17.9240704    
 NaN NaN
   204.340698      -17.2418060    
   436.500488      -17.2418060    
 NaN NaN
   199.846344      -16.5595417    
   447.613953      -16.5595417    
 NaN NaN
   193.365250      -15.8772774    
   463.499786      -15.8772774    
 NaN NaN
   186.379410      -15.1950130    
   476.637939      -15.1950130    
 NaN NaN
   181.672256      -14.5127487    
   485.719727      -14.5127487    
 NaN NaN
   176.629501      -13.8304844    
   495.829102      -13.8304844    
 NaN NaN
   172.273941      -13.1482201    
   506.640228      -13.1482201    
 NaN NaN
   168.180359      -12.4659557    
   519.062866      -12.4659557    
 NaN NaN
   165.128845      -11.7836914    
   531.766724      -11.7836914    
 NaN NaN
   162.410431      -11.1014271    
   543.674927      -11.1014271    
 NaN NaN
   159.692017      -10.4191628    
   556.359558      -10.4191628    
 NaN NaN
   157.252945      -9.73689842    
   580.344727      -9.73689842    
 NaN NaN
   155.380005      -9.05463409    
   606.756836      -9.05463409    
 NaN NaN
   882.811707      -9.05463409    
   901.767639      -9.05463409    
 NaN NaN
   153.507080      -8.37236977    
   629.460327      -8.37236977    
 NaN NaN
   864.380127      -8.37236977    
   908.615356      -8.37236977    
 NaN NaN
   151.634155      -7.69010544    
   693.038940      -7.69010544    
 NaN NaN
   834.598816      -7.69010544    
   913.001038      -7.69010544    
 NaN NaN
   149.696320      -7.00784111    
   737.569946      -7.00784111    
 NaN NaN
   815.339172      -7.00784111    
   916.460571      -7.00784111    
 NaN NaN
   147.604752      -6.32557678    
   919.914246      -6.32557678    
 NaN NaN
   145.547104      -5.64331245    
   923.385132      -5.64331245    
 NaN NaN
   143.489441      -4.96104813    
   926.855957      -4.96104813    
 NaN NaN
   141.381790      -4.27878380    
   930.641296      -4.27878380    
 NaN NaN
   139.230240      -3.59651947    
   934.867798      -3.59651947    
 NaN NaN
   136.780716      -2.91425514    
   938.475403      -2.91425514    
 NaN NaN
   133.697220      -2.23199081    
   940.757080      -2.23199081    
 NaN NaN
   130.605927      -1.54972649    
   943.038818      -1.54972649    
 NaN NaN
   127.428268     -0.867462158    
   945.320496     -0.867462158    
 NaN NaN
   122.808533     -0.185197830    
   947.157593     -0.185197830    
 NaN NaN
   118.312401      0.497066498    
   948.306152      0.497066498    
 NaN NaN
   115.078499       1.17933083    
   949.454712       1.17933083    
 NaN NaN
   111.915405       1.86159515    
   950.603271       1.86159515    
 NaN NaN
   108.710579       2.54385948    
   951.751892       2.54385948    
 NaN NaN
   104.262871       3.22612381    
   952.900452       3.22612381    
 NaN NaN
   100.837318       3.90838814    
   954.049011       3.90838814    
 NaN NaN
   97.5348816       4.59065247    
   955.197571       4.59065247    
 NaN NaN
   90.3359299       5.27291679    
   958.095093       5.27291679    
 NaN NaN
   26.9362507       5.95518112    
   963.366272       5.95518112    
 NaN NaN
   18.7598228       6.63744545    
   971.769104       6.63744545    
 NaN NaN
   1004.25385       6.63744545    
   1007.43408       6.63744545    
 NaN NaN
   13.9008780       7.31970978    
   976.280945       7.31970978    
 NaN NaN
   1000.17761       7.31970978    
   1007.43408       7.31970978    
 NaN NaN
   10.1603937       8.00197411    
   979.693115       8.00197411    
 NaN NaN
   996.063110       8.00197411    
   1007.43408       8.00197411    
 NaN NaN
   5.96579266       8.68423843    
   984.695007       8.68423843    
 NaN NaN
   991.454773       8.68423843    
   1007.43408       8.68423843    
 NaN NaN
   8.33901959E-06   9.36650276    
   1007.43408       9.36650276    
 NaN NaN
   0.00000000       10.0487671    
   1007.43408       10.0487671    
 NaN NaN
   0.00000000       10.7310314    
   1007.43408       10.7310314    
 NaN NaN
   0.00000000       11.4132957    
   1007.43408       11.4132957    
 NaN NaN
   0.00000000       12.0955601    
   1007.43408       12.0955601    
 NaN NaN
   0.00000000       12.7778244    
   1007.43408       12.7778244    
 NaN NaN
   0.00000000       13.4600887    
   1007.43408       13.4600887    
 NaN NaN
   0.00000000       14.1423531    
   1007.43408       14.1423531    
 NaN NaN
   0.00000000       14.8246174    
   1007.43408       14.8246174    
 NaN NaN
   0.00000000       15.5068817    
   1007.43408       15.5068817    
 NaN NaN
   0.00000000       16.1891460    
   1007.43408       16.1891460    
 NaN NaN
   0.00000000       16.8714104    
   1007.43408       16.8714104    
 NaN NaN
   0.00000000       17.5536747    
   1007.43408       17.5536747    
 NaN NaN
   0.00000000       18.2359390    
   1007.43408       18.2359390    
 NaN NaN
   0.00000000       18.9182034    
   1007.43408       18.9182034    
 NaN NaN
   0.00000000       19.6004677    
   1007.43408       19.6004677    
 NaN NaN
   0.00000000       20.2827320    
   1007.43408       20.2827320    
 NaN NaN
   0.00000000       20.9649963    
   1007.43408       20.9649963    
 NaN NaN
   0.00000000       21.6472607    
   1007.43408       21.6472607    
 NaN NaN
   0.00000000       22.3295250    
   1007.43408       22.3295250    
 NaN NaN
   0.00000000       23.0117893    
   1007.43408       23.0117893    
 NaN NaN
   0.00000000       23.6940536    
   1007.43408       23.6940536    
 NaN NaN
   0.00000000       24.3763180    
   1007.43408       24.3763180    
 NaN NaN
   0.00000000       25.0585823    
   1007.43408       25.0585823    
 NaN NaN
   0.00000000       25.7408466    
   1007.43408       25.7408466    
 NaN NaN
   0.00000000       26.4231110    
   1007.43408       26.4231110    
 NaN NaN
   0.00000000       27.1053753    
   1007.43408       27.1053753    
 NaN NaN
   0.00000000       27.7876396    
   1007.43408       27.7876396    
 NaN NaN
   0.00000000       28.4699039    
   1007.43408       28.4699039    
 NaN NaN
   0.00000000       29.1521683    
   1007.43408       29.1521683    
 NaN NaN
   0.00000000       29.8344326    
   1007.43408       29.8344326    
 NaN NaN
   0.00000000       30.5166969    
   1007.43408       30.5166969    
 NaN NaN
   0.00000000       31.1989613    
   1007.43408       31.1989613    
 NaN NaN
   0.00000000       31.8812256    
   1007.43408       31.8812256    
 NaN NaN
   0.00000000       32.5634918    
   1007.43408       32.5634918    
 NaN NaN
   0.00000000       33.2457542    
   1007.43408       33.2457542    
 NaN NaN
   0.00000000       33.9280167    
   1007.43408       33.9280167    
 NaN NaN
   0.00000000       34.6102829    
   1007.43408       34.6102829    
 NaN NaN
   0.00000000       35.2925491    
   1007.43408       35.2925491    
 NaN NaN
   0.00000000       35.9748116    
   1007.43408       35.9748116    
 NaN NaN
   0.00000000       36.6570740    
   1007.43408       36.6570740    
 NaN NaN
   0.00000000       37.3393402    
   1007.43408       37.3393402    
 NaN NaN
   0.00000000       38.0216064    
   1007.43408       38.0216064    
 NaN NaN
   0.00000000       38.7038689    
   1007.43408       38.7038689    
 NaN NaN
   0.00000000       39.3861313    
   1007.43408       39.3861313    
 NaN NaN
   0.00000000       40.0683975    
   1007.43408       40.0683975    
 NaN NaN
   0.00000000       40.7506638    
   1007.43408       40.7506638    
 NaN NaN
   0.00000000       41.4329262    
   1007.43408       41.4329262    
 NaN NaN
   0.00000000       42.1151886    
   1007.43408       42.1151886    
 NaN NaN
   0.00000000       42.7974548    
   1007.43408       42.7974548    
 NaN NaN
   0.00000000       43.4797211    
   1007.43408       43.4797211    
 NaN NaN
