193.86	RS=193.86  
0	12.38707181
9.098280116	12.58519228
18.19960772	10.08278456
27.29788726	8.546592279
36.39921544	8.183880116
45.4974973	8.125967953
54.59882549	7.84555193
63.6971027	7.897367953
68.42455367	7.85469614
72.79538456	7.815071814
81.89671274	8.723376256
90.9949946	8.570976256
100.0963181	8.095487837
109.1946	7.4676
118.2959235	6.92810386
127.3942054	6.562344209
136.4955382	6.160007721
145.5938201	5.9436
154.6920927	5.882639767
163.7934255	6.224016023
172.891698	6.729983977
181.9930402	6.915912163
191.0913127	6.501383977
200.1926363	6.181344209
209.2909274	5.888735907
218.3892	5.736335907
227.4905235	5.684519884
236.5888147	5.684519884
245.6901382	5.596128186
254.7884108	4.965192279
263.8897529	4.322064093
272.9880255	3.919727895
282.086298	3.450335907
291.1876402	2.727959942
300.2859127	1.920240058
309.3872363	0.932687983
318.4855274	-0.140208003
327.586851	-1.030224035
336.6851235	-1.740408012
345.7864471	-2.252471959
354.8847196	-2.804159942
363.9830294	-3.392424035
373.0843529	-4.075175965
382.1826255	-4.8768
391.283949	-5.212080116
400.3822216	-5.827776256
409.4835451	-6.422135907
418.5818549	-6.574535907
427.6801274	-6.870192279
436.781451	-7.32129614
445.8797235	-7.552944209
454.9810471	-7.534655791
464.0793196	-7.824216023
473.1806804	-8.238744209
482.2789529	-8.726423744
491.3802765	-9.101328186
500.478549	-9.250680116
509.5768216	-9.384792279
518.6781451	-9.555480116
527.7764549	-9.720071814
536.8777784	-10.04620772
545.976051	-10.50645637
555.0773745	-10.97889614
564.1756471	-11.81404749
573.2739196	-12.49375251
582.3752804	-12.65224749
591.4735529	-12.64615251
600.5748765	-12.72235251
609.673149	-13.15516795
618.7744726	-13.88668842
627.8727451	-14.49628842
636.9710549	-14.82852047
646.0723412	-15.0114
655.170651	-15.39849614
664.2720117	-15.78863977
673.3702471	-15.86179228
682.4716078	-16.08734363
691.5698432	-16.26412819
700.6712039	-16.51406409
709.7694393	-16.90725637
718.8708	-17.51380772
727.9691098	-18.23618456
737.0673451	-19.12924749
746.1687059	-20.24176912
755.2669412	-21.11044865
764.368302	-21.70175907
773.4666117	-22.05227953
782.567898	-22.44242316
791.6662078	-22.80208726
800.7674941	-23.49703088
809.8658039	-24.39619228
818.9640393	-25.09418456
828.0654	-25.47823088
837.1637098	-25.55747953
846.2649961	-25.53919228
855.3633059	-25.10637684
864.4645922	-23.39949498
873.562902	-21.09520772
882.6641883	-19.30298456
891.762498	-17.90090386
900.8608078	-16.55368842
909.9620941	-15.15160772
919.0604039	-14.35607953
928.1616902	-12.28953591
937.26	-9.543287837
946.3613607	-7.110983977
955.4595961	-5.995416023
964.5609568	-5.062728186
973.6591922	-3.989832047
982.757502	-1.566671959
991.8587883	1.075943991
1000.957098	3.04495193
1010.058459	3.572256081
1019.156694	3.691127895
1023.302004	4.968239767
1028.258055	6.498335907
1037.35629	8.15035193
1046.457651	8.019287837
1055.555961	7.940039767
1064.657247	7.967471814
1073.755557	7.104887837
1082.853792	6.693407721
1091.955153	6.589776256
1101.053388	6.69950386
1110.154749	6.77875193
1119.253059	6.918960233
1128.354345	7.802880116
1137.452655	9.625583977
1146.553941	11.66469614
	
