 Elev(m)    Area(m2)     Peri(m)      Radi(m)   Conv(m3/s)    topWidth(m)    newI1(m3)    dPdA(1/m)
   -25.66        0.00        0.00         NaN                 NaN               0.000           0.000             NaN
   -25.03        9.88       27.28        0.36             200.880              27.248           3.126           2.761
   -24.40       32.22       42.99        0.75            1063.253              42.903          16.445           0.703
   -23.77       63.72       57.26        1.11            2736.850              57.097          46.793           0.453
   -23.13      141.98      233.10        0.61            4080.619             232.871         111.864           2.247
   -22.50      310.02      273.92        1.13           13467.472             273.618         254.854           0.243
   -21.87      486.95      285.66        1.70           27794.896             285.282         506.975           0.066
   -21.24      671.11      297.60        2.26           46162.336             297.162         873.328           0.065
   -20.60      863.25      310.35        2.78           68294.328             309.847        1358.726           0.066
   -19.97     1063.15      323.06        3.29           94088.227             322.481        1968.149           0.064
   -19.34     1296.56      422.34        3.07          109548.562             421.618        2714.648           0.425
   -18.70     1590.76      518.95        3.07          134270.719             518.052        3628.056           0.328
   -18.07     1944.34      612.04        3.18          168071.359             610.941        4746.390           0.263
   -17.44     2340.87      631.64        3.71          224237.078             630.354        6102.022           0.049
   -16.81     2741.00      635.97        4.31          290370.156             634.491        7709.683           0.011
   -16.17     3143.76      640.29        4.91          363266.500             638.616        9571.338           0.011
   -15.54     3549.10      644.48        5.51          442707.250             642.616       11688.640           0.010
   -14.91     3956.81      648.25        6.10          528618.750             646.158       14063.150           0.009
   -14.28     4366.76      652.01        6.70          620617.125             649.699       16696.326           0.009
   -13.64     4778.94      655.77        7.29          718532.938             653.241       19589.586           0.009
   -13.01     5193.38      659.59        7.87          822167.125             656.849       22744.352           0.009
   -12.38     5610.15      663.51        8.46          931362.062             660.556       26162.066           0.009
   -11.74     6029.27      667.48        9.03         1046021.750             664.322       29844.219           0.009
   -11.11     6450.78      671.47        9.61         1166085.500             668.100       33792.309           0.009
   -10.48     6874.69      675.45       10.18         1291472.000             671.878       38007.852           0.009
    -9.85     7300.84      678.93       10.75         1422764.500             675.107       42492.309           0.008
    -9.21     7728.97      682.30       11.33         1559364.875             678.225       47247.020           0.008
    -8.58     8159.04      685.55       11.90         1701245.875             681.219       52273.223           0.008
    -7.95     8590.98      688.75       12.47         1848236.500             684.157       57572.125           0.007
    -7.32     9024.78      691.95       13.04         2000189.625             687.096       63144.906           0.007
    -6.68     9460.44      695.15       13.61         2157044.500             690.035       68992.742           0.007
    -6.05     9897.96      698.35       14.17         2318753.000             692.969       75116.805           0.007
    -5.42    10337.15      701.07       14.74         2486302.250             695.345       81518.227           0.006
    -4.78    10777.98      704.16       15.31         2657704.250             698.114       88198.031           0.007
    -4.15    11220.55      707.26       15.86         2833764.250             700.890       95157.312           0.007
    -3.52    11664.89      710.36       16.42         3014452.750             703.666      102397.164           0.007
    -2.89    12110.98      713.46       16.98         3199724.500             706.441      109918.703           0.007
    -2.25    12559.20      719.44       17.46         3380667.750             712.126      117723.164           0.013
    -1.62    13012.51      726.72       17.91         3562461.750             719.135      125812.828           0.016
    -0.99    13468.41      729.88       18.45         3761992.000             721.979      134190.125           0.007
    -0.36    13929.07      816.02       17.07         3693721.500             807.787      142857.359           0.187
     0.28    14467.27      867.31       16.68         3777932.000             858.688      151840.594           0.095
     0.91    15014.91      881.50       17.03         3976042.250             872.482      161167.344           0.026
     1.54    15571.81      903.30       17.24         4156595.500             893.902      170843.500           0.039
     2.17    16146.83      929.65       17.37         4331710.000             919.958      180877.766           0.046
     2.81    16736.56      957.59       17.48         4508685.500             947.625      191280.484           0.047
     3.44    17349.69      993.27       17.47         4671982.500             983.025      202063.734           0.058
     4.07    17976.24     1008.49       17.82         4906568.500             997.856      213239.156           0.024
     4.71    18642.07     1086.82       17.15         4959573.000            1075.833      224823.438           0.118
     5.34    19329.89     1113.98       17.35         5182310.500            1102.674      236835.938           0.039
     5.97    20042.37     1196.09       16.76         5249688.000            1184.620      249291.422           0.115
     6.60    20791.88     1196.09       17.38         5580950.500            1184.620      262209.406           0.000
     7.24    21541.40     1196.09       18.01         5920270.500            1184.620      275601.625           0.000
     7.87    22290.91     1196.09       18.64         6267554.500            1184.620      289468.062           0.000
     8.50    23040.43     1196.09       19.26         6622711.500            1184.620      303808.719           0.000
     9.13    23789.94     1196.09       19.89         6985657.000            1184.620      318623.594           0.000
     9.77    24539.46     1196.09       20.52         7356308.000            1184.620      333912.719           0.000
    10.40    25288.97     1196.09       21.14         7734583.000            1184.620      349676.031          -0.000
    11.03    26038.48     1196.09       21.77         8120407.500            1184.620      365913.562           0.000
    11.67    26788.00     1196.09       22.40         8513708.000            1184.620      382625.312           0.000
    12.30    27537.51     1196.09       23.02         8914415.000            1184.620      399811.281           0.000
    12.93    28287.02     1196.09       23.65         9322459.000            1184.620      417471.500           0.000
    13.56    29036.54     1196.09       24.28         9737776.000            1184.620      435605.906           0.000
    14.20    29786.05     1196.09       24.90        10160301.000            1184.620      454214.562           0.000
    14.83    30535.56     1196.09       25.53        10589976.000            1184.620      473297.406           0.000
    15.46    31285.08     1196.09       26.16        11026739.000            1184.620      492854.469           0.000
    16.09    32034.59     1196.09       26.78        11470537.000            1184.620      512885.781          -0.000
    16.73    32784.11     1196.09       27.41        11921309.000            1184.620      533391.312           0.000
    17.36    33533.62     1196.09       28.04        12379007.000            1184.620      554371.062           0.000
    17.99    34283.13     1196.09       28.66        12843574.000            1184.620      575825.000           0.000
    18.63    35032.65     1196.09       29.29        13314964.000            1184.620      597753.188           0.000
    19.26    35782.16     1196.09       29.92        13793124.000            1184.620      620155.562           0.000
    19.89    36531.68     1196.09       30.54        14278011.000            1184.620      643032.188           0.000
    20.52    37281.19     1196.09       31.17        14769576.000            1184.620      666383.000           0.000
    21.16    38030.70     1196.09       31.80        15267771.000            1184.620      690208.062           0.000
    21.79    38780.22     1196.09       32.42        15772558.000            1184.620      714507.375           0.000
    22.42    39529.73     1196.09       33.05        16283889.000            1184.620      739280.875          -0.000
    23.05    40279.25     1196.09       33.68        16801728.000            1184.620      764528.562           0.000
    23.69    41028.76     1196.09       34.30        17326028.000            1184.620      790250.562           0.000
    24.32    41778.27     1196.09       34.93        17856754.000            1184.620      816446.688           0.000
    24.95    42527.79     1196.09       35.56        18393868.000            1184.620      843117.125           0.000
    25.58    43277.30     1196.09       36.18        18937328.000            1184.620      870261.750           0.000
    26.22    44026.82     1196.09       36.81        19487098.000            1184.620      897880.562           0.000
    26.85    44776.33     1196.09       37.44        20043146.000            1184.620      925973.625           0.000
    27.48    45525.84     1196.09       38.06        20605432.000            1184.620      954540.875           0.000
    28.12    46275.36     1196.09       38.69        21173926.000            1184.620      983582.375          -0.000
    28.75    47024.87     1196.09       39.32        21748588.000            1184.620     1013098.062           0.000
    29.38    47774.39     1196.09       39.94        22329394.000            1184.620     1043088.000           0.000
    30.01    48523.90     1196.09       40.57        22916302.000            1184.620     1073552.125           0.000
    30.65    49273.41     1196.09       41.20        23509288.000            1184.620     1104490.500           0.000
    31.28    50022.93     1196.09       41.82        24108314.000            1184.620     1135903.125           0.000
    31.91    50772.44     1196.09       42.45        24713360.000            1184.620     1167789.875           0.000
    32.54    51521.96     1196.09       43.08        25324386.000            1184.620     1200150.875           0.000
    33.18    52271.47     1196.09       43.70        25941368.000            1184.620     1232986.125           0.000
    33.81    53020.98     1196.09       44.33        26564278.000            1184.620     1266295.625          -0.000
    34.44    53770.50     1196.09       44.96        27193084.000            1184.620     1300079.250           0.000
    35.08    54520.01     1196.09       45.58        27827764.000            1184.620     1334337.250           0.000
    35.71    55269.53     1196.09       46.21        28468284.000            1184.620     1369069.500           0.000
    36.34    56019.04     1196.09       46.84        29114622.000            1184.620     1404275.750           0.000
    36.97    56768.55     1196.09       47.46        29766750.000            1184.620     1439956.375           0.000
    37.61    57518.07     1196.09       48.09        30424644.000            1184.620     1476111.125           0.000
