 Elev(m)    Area(m2)     Peri(m)      Radi(m)   Conv(m3/s)    topWidth(m)    newI1(m3)    dPdA(1/m)
   -35.69        0.00        0.00         NaN                 NaN               0.000           0.000             NaN
   -34.84       14.92       28.30        0.53             389.581              28.232           6.387           1.896
   -33.98       44.72       41.17        1.09            1889.939              40.988          31.912           0.432
   -33.12       84.47       52.00        1.62            4668.859              51.654          87.202           0.272
   -32.27      133.30       63.14        2.11            8774.672              62.628         180.404           0.228
   -31.41      191.71       74.36        2.58           14418.255              73.684         319.507           0.192
   -30.56      259.50       85.95        3.02           21682.281              85.122         512.623           0.171
   -29.70      337.76       98.98        3.41           30622.293              98.009         768.251           0.167
   -28.84      427.87      114.37        3.74           41244.375             113.258        1095.943           0.171
   -27.99      535.22      141.84        3.77           51889.547             140.597        1508.145           0.256
   -27.13      669.30      169.71        3.94           66828.617             168.336        2023.680           0.208
   -26.28      820.12      184.66        4.44           88633.578             183.140        2661.151           0.099
   -25.42      982.03      196.57        5.00          114793.781             194.877        3432.472           0.074
   -24.56     1155.20      211.53        5.46          143298.984             209.663        4347.208           0.086
   -23.71     1340.92      226.26        5.93          175654.422             224.222        5415.547           0.079
   -22.85     1538.66      239.87        6.41          212476.516             237.660        6648.009           0.069
   -22.00     1747.13      252.13        6.93          254012.688             249.731        8054.329           0.059
   -21.14     1965.79      263.11        7.47          300513.531             260.490        9643.461           0.050
   -20.28     2192.60      272.59        8.04          352084.625             269.746       11423.251           0.042
   -19.43     2429.81      287.51        8.45          403254.031             284.453       13401.638           0.063
   -18.57     2679.80      303.57        8.83          457847.531             300.331       15588.554           0.064
   -17.72     2947.72      328.54        8.97          509110.531             325.166       17997.139           0.093
   -16.86     3234.54      347.49        9.31          572518.250             343.976       20643.145           0.066
   -16.00     3536.36      365.90        9.66          641821.312             362.272       23541.094           0.061
   -15.15     3857.22      396.44        9.73          703177.562             392.745       26705.549           0.095
   -14.29     4208.44      429.73        9.79          770543.750             425.973       30157.652           0.095
   -13.44     4590.14      468.70        9.79          840442.000             464.864       33923.445           0.102
   -12.58     4998.83      494.87       10.10          934354.625             490.944       38027.527           0.064
   -11.72     5432.03      523.33       10.38         1033907.562             519.274       42491.945           0.066
   -10.87     5883.18      538.18       10.93         1159126.625             533.979       47334.855           0.033
   -10.01     6345.19      549.21       11.55         1297104.500             544.846       52568.602           0.024
    -9.16     6815.32      558.10       12.21         1445654.500             553.538       58201.305           0.019
    -8.30     7294.90      571.89       12.76         1593013.125             567.162       64240.480           0.029
    -7.44     7785.93      584.58       13.32         1749910.500             579.684       70695.078           0.026
    -6.59     8286.84      595.03       13.93         1918746.875             589.922       77574.227           0.021
    -5.73     8795.39      603.66       14.57         2098722.000             598.289       84885.430           0.017
    -4.88     9311.18      612.47       15.20         2285661.250             606.823       92635.039           0.017
    -4.02     9834.08      620.73       15.84         2481319.000             614.812      100829.219           0.016
    -3.16    10364.19      630.75       16.43         2679455.250             624.580      109474.078           0.019
    -2.31    10902.51      638.54       17.07         2891649.250             632.088      118576.227           0.014
    -1.45    11447.56      652.73       17.54         3090939.750             646.071      128142.062           0.026
    -0.60    12002.93      658.61       18.22         3324974.000             651.672      138178.875           0.011
     0.26    12563.62      665.53       18.88         3562933.500             658.359      148693.359           0.012
     1.12    13129.80      671.52       19.55         3811671.250             664.095      159690.141           0.011
     1.97    13700.51      677.05       20.24         4069512.000             669.342      171173.516           0.010
     2.83    14276.36      686.26       20.80         4319478.000             678.313      183147.609           0.016
     3.68    14893.54      774.21       19.24         4277107.000             765.889      195632.344           0.143
     4.54    15568.62      847.28       18.37         4336380.000             838.548      208670.141           0.108
     5.40    16352.60      966.00       16.93         4312423.000             956.903      222332.438           0.151
     6.25    17199.32     1021.62       16.84         4519097.500            1012.312      236692.656           0.066
     7.11    18076.26     1043.00       17.33         4842304.000            1033.586      251790.609           0.024
     7.96    18961.01     1043.00       18.18         5243728.500            1033.586      267642.562           0.000
     8.82    19845.76     1043.00       19.03         5657840.000            1033.586      284251.844           0.000
     9.68    20730.51     1043.00       19.88         6084446.500            1033.586      301618.531           0.000
    10.53    21615.26     1043.00       20.72         6523367.500            1033.586      319742.500           0.000
    11.39    22500.01     1043.00       21.57         6974434.000            1033.586      338623.844          -0.000
    12.24    23384.76     1043.00       22.42         7437483.000            1033.586      358262.531           0.000
    13.10    24269.51     1043.00       23.27         7912361.000            1033.586      378658.562           0.000
    13.96    25154.26     1043.00       24.12         8398924.000            1033.586      399811.938          -0.000
    14.81    26039.01     1043.00       24.97         8897033.000            1033.586      421722.656           0.000
    15.67    26923.76     1043.00       25.81         9406555.000            1033.586      444390.719           0.000
    16.52    27808.51     1043.00       26.66         9927364.000            1033.586      467816.125           0.000
    17.38    28693.26     1043.00       27.51        10459339.000            1033.586      491998.906           0.000
    18.24    29578.01     1043.00       28.36        11002364.000            1033.586      516939.000           0.000
    19.09    30462.76     1043.00       29.21        11556327.000            1033.586      542636.438           0.000
    19.95    31347.51     1043.00       30.06        12121122.000            1033.586      569091.250           0.000
    20.80    32232.25     1043.00       30.90        12696645.000            1033.586      596303.375           0.000
    21.66    33117.00     1043.00       31.75        13282798.000            1033.586      624272.875           0.000
    22.52    34001.75     1043.00       32.60        13879486.000            1033.586      652999.750           0.000
    23.37    34886.50     1043.00       33.45        14486616.000            1033.586      682483.875          -0.000
    24.23    35771.25     1043.00       34.30        15104099.000            1033.586      712725.438           0.000
    25.08    36656.00     1043.00       35.14        15731846.000            1033.586      743724.375           0.000
    25.94    37540.75     1043.00       35.99        16369780.000            1033.586      775480.500          -0.000
    26.80    38425.50     1043.00       36.84        17017816.000            1033.586      807994.125           0.000
    27.65    39310.25     1043.00       37.69        17675874.000            1033.586      841265.062           0.000
    28.51    40195.00     1043.00       38.54        18343884.000            1033.586      875293.250          -0.000
    29.36    41079.75     1043.00       39.39        19021770.000            1033.586      910078.875           0.000
    30.22    41964.50     1043.00       40.23        19709458.000            1033.586      945621.875           0.000
    31.08    42849.25     1043.00       41.08        20406880.000            1033.586      981922.125           0.000
    31.93    43734.00     1043.00       41.93        21113972.000            1033.586     1018979.812           0.000
    32.79    44618.75     1043.00       42.78        21830658.000            1033.586     1056794.750           0.000
    33.64    45503.50     1043.00       43.63        22556892.000            1033.586     1095367.125           0.000
    34.50    46388.25     1043.00       44.48        23292596.000            1033.586     1134696.750           0.000
    35.36    47273.00     1043.00       45.32        24037712.000            1033.586     1174783.750           0.000
    36.21    48157.75     1043.00       46.17        24792190.000            1033.586     1215628.250           0.000
    37.07    49042.50     1043.00       47.02        25555960.000            1033.586     1257229.875           0.000
    37.92    49927.25     1043.00       47.87        26328976.000            1033.586     1299589.000          -0.000
    38.78    50812.00     1043.00       48.72        27111178.000            1033.586     1342705.500           0.000
    39.64    51696.75     1043.00       49.57        27902508.000            1033.586     1386579.125           0.000
    40.49    52581.50     1043.00       50.41        28702924.000            1033.586     1431210.250          -0.000
    41.35    53466.25     1043.00       51.26        29512372.000            1033.586     1476598.750           0.000
    42.20    54351.00     1043.00       52.11        30330790.000            1033.586     1522744.500           0.000
    43.06    55235.75     1043.00       52.96        31158146.000            1033.586     1569647.625          -0.000
    43.92    56120.50     1043.00       53.81        31994386.000            1033.586     1617308.250           0.000
    44.77    57005.25     1043.00       54.66        32839456.000            1033.586     1665726.000           0.000
    45.63    57890.00     1043.00       55.50        33693316.000            1033.586     1714901.125           0.000
    46.48    58774.75     1043.00       56.35        34555924.000            1033.586     1764833.750           0.000
    47.34    59659.50     1043.00       57.20        35427232.000            1033.586     1815523.625           0.000
    48.20    60544.25     1043.00       58.05        36307196.000            1033.586     1866970.750           0.000
    49.05    61429.00     1043.00       58.90        37195772.000            1033.586     1919175.250           0.000
    49.91    62313.75     1043.00       59.74        38092924.000            1033.586     1972137.250           0.000
