 Elev(m)    dbdxp(-)    dbdxc(-)      I2p     I2c
  -27.2199993       0.00000000       0.00000000       0.00000000       0.00000000    
  -26.5799999      -6.20367043E-02  -1.78554021E-02  -6.35254662E-03  -1.82838971E-03
  -25.9300003      -3.79496776E-02  -4.28891405E-02  -2.94947475E-02  -1.17625371E-02
  -25.2900009      -4.47116718E-02  -4.29711267E-02  -7.11415187E-02  -3.66518497E-02
  -24.6399994     -0.104003713      -4.73093241E-02 -0.137264371      -8.01043212E-02
  -23.9899998     -0.114817947      -8.68590400E-02 -0.241498709     -0.146829113    
  -23.3500004      -8.77167732E-02 -0.133453295     -0.387620956     -0.249037474    
  -22.7000008     -0.101828776      -8.65805224E-02 -0.576499403     -0.398286730    
  -22.0599995     -0.110026635      -9.77502838E-02 -0.803874552     -0.586993814    
  -21.4099998     -0.130695120     -0.102438062      -1.08148468     -0.818318605    
  -20.7700005     -0.172024146     -0.110517628      -1.41085136      -1.08870578    
  -20.1200008     -0.223916531     -0.122918658      -1.81739151      -1.40936899    
  -19.4799995     -0.185439557     -0.171000868      -2.30076432      -1.77946866    
  -18.8299999     -0.198421627     -0.160363972      -2.87356901      -2.21984959    
  -18.1900005     -0.231808633     -0.157105654      -3.52152848      -2.72041774    
  -17.5400009     -0.285066962     -0.150455132      -4.27728462      -3.29331851    
  -16.8899994     -0.301182389     -0.162346810      -5.14765692      -3.93073034    
  -16.2500000     -0.282275140     -0.191887408      -6.12533760      -4.62713099    
  -15.6000004     -0.241206780     -0.231450289      -7.23257875      -5.41460323    
  -14.9600000     -0.206231907     -0.256430775      -8.42303371      -6.28393698    
  -14.3100004     -0.195311844     -0.246128380      -9.71973896      -7.26905441    
  -13.6700001     -0.192115828     -0.223657787      -11.0779200      -8.33937740    
  -13.0200005     -0.192196578     -0.184401751      -12.5369673      -9.51706600    
  -12.3800001     -0.187771365     -0.165787369      -14.0524368      -10.7549248    
  -11.7299995     -0.183042631     -0.161029741      -15.6690741      -12.0820112    
  -11.0900002     -0.177389234     -0.161710531      -17.3363018      -13.4557076    
  -10.4399996     -0.173032135     -0.163495108      -19.1029491      -14.9177370    
  -9.78999996     -0.168892175     -0.163819224      -20.9416122      -16.4476242    
  -9.14999962     -0.166018128     -0.162695855      -22.8218365      -18.0214424    
  -8.50000000     -0.162673756     -0.160585836      -24.7999268      -19.6869106    
  -7.86000013     -0.158334941     -0.158301219      -26.8146324      -21.3930264    
  -7.21000004     -0.154242322     -0.156324923      -28.9262104      -23.1911812    
  -6.57000017     -0.149939388     -0.154855505      -31.0689507      -25.0262508    
  -5.92000008     -0.144703791     -0.153012127      -33.3069801      -26.9538803    
  -5.28000021     -0.140211806     -0.151413128      -35.5703850      -28.9150391    
  -4.63000011     -0.136032641     -0.151117921      -37.9270782      -30.9694805    
  -3.99000001     -0.131136119     -0.152193114      -40.3035927      -33.0548286    
  -3.33999991     -0.128164053     -0.150277629      -42.7715797      -35.2352791    
  -2.69000006     -0.125929773     -0.147064000      -45.2929649      -37.4781151    
  -2.04999995     -0.123637840     -0.144099087      -47.8275375      -39.7471809    
  -1.39999998     -0.121442758     -0.142042562      -50.4527664      -42.1112823    
 -0.759999990     -0.122551680     -0.139235288      -53.0880699      -44.4975662    
 -0.109999999     -0.132270291     -0.136568069      -55.8160210      -46.9786301    
  0.529999971     -0.173536003     -0.134285614      -58.5598145      -49.4779358    
   1.17999995     -0.370606989     -0.133486524      -61.4340019      -52.0718842    
   1.82000005     -0.494904548     -0.146789894      -64.4091797      -54.6824684    
   2.47000003     -0.404547393     -0.259651542      -67.6129532      -57.4046059    
   3.10999990      0.198411331     -0.874870479      -70.8820724      -60.2433014    
   3.75999999      0.252427369     -0.774038672      -74.1775513      -63.4131927    
   4.40999985      0.291716963     -0.291953534      -77.3696899      -66.8663635    
   5.05000019      0.333358794      0.134970397      -80.3921432      -70.3933258    
   5.69999981      0.333358794      0.281454623      -83.3285370      -73.9490738    
   6.34000015      0.333358794      0.318666428      -86.0821609      -77.3453674    
   6.98999977      0.333358794      0.333361626      -88.7411957      -80.6655502    
   7.63000011      0.333358794      0.333361626      -91.2217407      -83.7985916    
   8.27999973      0.333358794      0.333361626      -93.6034241      -86.8429642    
   8.92000008      0.333358794      0.333361626      -95.8108749      -89.7029190    
   9.56999969      0.333358794      0.333361626      -97.9152069      -92.4699402    
   10.2100000      0.333358794      0.333361626      -99.8495712      -95.0567932    
   10.8599997      0.333358794      0.333361626      -101.676544      -97.5464630    
   11.5000000      0.333358794      0.333361626      -103.337822      -99.8602295    
   12.1499996      0.333358794      0.333361626      -104.887444      -102.072540    
   12.8000002      0.333358794      0.333361626      -106.298393      -104.146172    
   13.4399996      0.333358794      0.333361626      -107.550034      -106.050301    
   14.0900002      0.333358794      0.333361626      -108.683624      -107.846581    
   14.7299995      0.333358794      0.333361626      -109.662186      -109.477623    
   15.3800001      0.333358794      0.333361626      -110.518417      -110.996536    
   16.0200005      0.333358794      0.333361626      -111.223892      -112.354492    
   16.6700001      0.333358794      0.333361626      -111.802773      -113.596054    
   17.3099995      0.333358794      0.333361626      -112.235161      -114.680916    
   17.9599991      0.333358794      0.333361626      -112.536682      -115.645119    
   18.6000004      0.333358794      0.333361626      -112.695984      -116.456902    
   19.2500000      0.333358794      0.333361626      -112.720154      -117.143745    
   19.8999996      0.333358794      0.333361626      -112.605652      -117.691917    
   20.5400009      0.333358794      0.333361626      -112.355316      -118.094055    
   21.1900005      0.333358794      0.333361626      -111.963463      -118.364868    
   21.8299999      0.333358794      0.333361626      -111.440041      -118.493919    
   22.4799995      0.333358794      0.333361626      -110.770828      -118.487381    
   23.1200008      0.333358794      0.333361626      -109.974319      -118.343338    
   23.7700005      0.333358794      0.333361626      -109.027756      -118.059441    
   24.4099998      0.333358794      0.333361626      -107.958160      -117.642311    
   25.0599995      0.333358794      0.333361626      -106.734238      -117.081055    
   25.7000008      0.333358794      0.333361626      -105.391556      -116.390839    
   26.3500004      0.333358794      0.333361626      -103.890282      -115.552223    
   27.0000000      0.333358794      0.333361626      -102.250328      -114.574928    
   27.6399994      0.333358794      0.333361626      -100.498016      -113.475082    
   28.2900009      0.333358794      0.333361626      -98.5807037      -112.220428    
   28.9300003      0.333358794      0.333361626      -96.5553055      -110.847488    
   29.5799999      0.333358794      0.333361626      -94.3606491      -109.315483    
   30.2199993      0.333358794      0.333361626      -92.0621643      -107.669456    
   30.8700008      0.333358794      0.333361626      -89.5901413      -105.860092    
   31.5100002      0.333358794      0.333361626      -87.0185699      -103.940971    
   32.1599998      0.333358794      0.333361626      -84.2692032      -101.854256    
   32.7999992      0.333358794      0.333361626      -81.4245377      -99.6620483    
   33.4500008      0.333358794      0.333361626      -78.3978119      -97.2979660    
   34.0999985      0.333358794      0.333361626      -75.2324219      -94.7952194    
   34.7400017      0.333358794      0.333361626      -71.9781113      -92.1933670    
   35.3899994      0.333358794      0.333361626      -68.5353699      -89.4132614    
   36.0299988      0.333358794      0.333361626      -65.0079880      -86.5383301    
   36.6800003      0.333358794      0.333361626      -61.2878761      -83.4808578    
   37.3199997      0.333358794      0.333361626      -57.4874077      -80.3328400    
