 Elev(m)    Area(m2)     Peri(m)      Radi(m)   Conv(m3/s)    topWidth(m)    newI1(m3)    dPdA(1/m)
   -24.75        0.00        0.00         NaN                 NaN               0.000           0.000             NaN
   -24.06       22.25       58.10        0.38             469.180              58.085           7.589           2.612
   -23.38       73.74       90.46        0.82            2574.001              90.404          40.333           0.628
   -22.70      141.10      105.84        1.33            6836.567             105.718         113.622           0.228
   -22.02      218.40      121.26        1.80           12932.155             121.068         236.259           0.200
   -21.34      306.67      136.95        2.24           20996.570             136.661         415.378           0.178
   -20.65      403.90      148.65        2.72           31458.488             148.267         657.776           0.120
   -19.97      508.89      160.12        3.18           44000.461             159.630         969.157           0.109
   -19.29      622.47      173.98        3.58           58245.258             173.389        1355.100           0.122
   -18.61      745.76      189.51        3.94           74353.141             188.827        1821.846           0.126
   -17.92      881.77      212.89        4.14           90966.062             212.121        2377.046           0.172
   -17.24     1034.16      233.00        4.44          111718.938             232.160        3030.629           0.132
   -16.56     1197.90      248.68        4.82          136665.547             247.768        3792.053           0.096
   -15.88     1374.02      271.11        5.07          162164.078             270.135        4669.416           0.127
   -15.20     1565.88      291.29        5.38          192211.953             290.259        5672.312           0.105
   -14.51     1768.59      305.15        5.80          228259.531             304.047        6809.807           0.068
   -13.83     1981.21      320.37        6.18          266998.312             319.200        8088.982           0.072
   -13.15     2204.06      335.61        6.57          309177.125             334.366        9516.712           0.068
   -12.47     2437.81      352.20        6.92          354159.188             350.883       11100.204           0.071
   -11.78     2682.72      368.05        7.29          403407.594             366.638       12846.981           0.065
   -11.10     2937.90      382.78        7.68          457249.156             381.264       14764.355           0.058
   -10.42     3203.24      398.29        8.04          514330.281             396.668       16859.295           0.058
    -9.74     3480.85      424.82        8.19          565889.188             423.092       19139.453           0.096
    -9.05     3783.55      472.20        8.01          606004.312             470.333       21617.574           0.157
    -8.37     4120.25      522.23        7.89          653165.875             520.188       24313.816           0.149
    -7.69     4518.05      622.04        7.26          677793.312             619.807       27260.621           0.251
    -7.01     4959.77      691.44        7.17          737895.312             688.995       30493.809           0.157
    -6.33     5477.76      774.93        7.07          807032.500             772.309       34054.387           0.161
    -5.64     6006.57      780.63        7.69          936424.062             777.838       37972.059           0.011
    -4.96     6539.14      786.34        8.32         1073631.500             783.367       42251.805           0.011
    -4.28     7075.54      792.40        8.93         1218138.250             789.260       46896.211           0.011
    -3.60     7616.20      798.94        9.53         1369667.500             795.638       51908.039           0.012
    -2.91     8161.18      805.16       10.14         1528949.625             801.695       57290.215           0.011
    -2.23     8709.98      810.70       10.74         1696347.125             807.060       63045.508           0.010
    -1.55     9262.44      816.25       11.35         1870916.000             812.433       69176.477           0.010
    -0.87     9818.57      821.88       11.95         2052428.875             817.892       75685.617           0.010
    -0.19    10378.85      828.52       12.53         2239272.500             824.349       82575.609           0.012
     0.50    10943.26      834.40       13.12         2434372.000             829.994       89849.266           0.010
     1.18    11511.05      839.05       13.72         2638728.500             834.376       97509.156           0.008
     1.86    12081.79      843.62       14.32         2850023.250             838.688      105557.430           0.008
     2.54    12655.48      848.23       14.92         3067952.000             843.041      113996.109           0.008
     3.23    13232.46      854.07       15.49         3289524.250             848.638      122827.320           0.010
     3.91    13813.08      858.90       16.08         3520332.250             853.212      132053.422           0.008
     4.59    14396.69      863.61       16.67         3757976.000             857.663      141676.688           0.008
     5.27    14984.51      873.87       17.15         3985665.000             867.759      151699.547           0.017
     5.96    15605.85      942.61       16.56         4054949.000             936.430      162134.906           0.111
     6.64    16251.47      962.47       16.89         4278473.000             956.190      173002.469           0.031
     7.32    16908.68      976.08       17.32         4528126.000             969.637      184314.453           0.021
     8.00    17574.06      987.54       17.80         4791574.500             980.904      196077.625           0.017
     8.68    18247.61     1001.50       18.22         5054008.500             994.708      208297.547           0.021
     9.37    18931.93     1014.29       18.67         5328575.000            1007.434      220980.688           0.019
    10.05    19619.27     1014.29       19.34         5654889.500            1007.434      234131.734           0.000
    10.73    20306.61     1014.29       20.02         5988918.000            1007.434      247751.734          -0.000
    11.41    20993.94     1014.29       20.70         6330569.500            1007.434      261840.688           0.000
    12.10    21681.28     1014.29       21.38         6679761.500            1007.434      276398.562           0.000
    12.78    22368.61     1014.29       22.05         7036412.000            1007.434      291425.406           0.000
    13.46    23055.95     1014.29       22.73         7400446.000            1007.434      306921.188           0.000
    14.14    23743.29     1014.29       23.41         7771788.000            1007.434      322885.906          -0.000
    14.82    24430.62     1014.29       24.09         8150365.500            1007.434      339319.594           0.000
    15.51    25117.96     1014.29       24.76         8536112.000            1007.434      356222.188           0.000
    16.19    25805.29     1014.29       25.44         8928960.000            1007.434      373593.750           0.000
    16.87    26492.63     1014.29       26.12         9328849.000            1007.434      391434.250           0.000
    17.55    27179.97     1014.29       26.80         9735712.000            1007.434      409743.719           0.000
    18.24    27867.30     1014.29       27.47        10149495.000            1007.434      428522.094           0.000
    18.92    28554.64     1014.29       28.15        10570138.000            1007.434      447769.438           0.000
    19.60    29241.98     1014.29       28.83        10997586.000            1007.434      467485.719           0.000
    20.28    29929.31     1014.29       29.51        11431787.000            1007.434      487670.969          -0.000
    20.96    30616.65     1014.29       30.19        11872686.000            1007.434      508325.125           0.000
    21.65    31303.99     1014.29       30.86        12320233.000            1007.434      529448.250           0.000
    22.33    31991.32     1014.29       31.54        12774380.000            1007.434      551040.312           0.000
    23.01    32678.66     1014.29       32.22        13235078.000            1007.434      573101.312           0.000
    23.69    33366.00     1014.29       32.90        13702285.000            1007.434      595631.312           0.000
    24.38    34053.33     1014.29       33.57        14175952.000            1007.434      618630.188           0.000
    25.06    34740.67     1014.29       34.25        14656034.000            1007.434      642098.062           0.000
    25.74    35428.00     1014.29       34.93        15142490.000            1007.434      666034.812           0.000
    26.42    36115.34     1014.29       35.61        15635281.000            1007.434      690440.562          -0.000
    27.11    36802.68     1014.29       36.28        16134363.000            1007.434      715315.250           0.000
    27.79    37490.01     1014.29       36.96        16639699.000            1007.434      740658.875           0.000
    28.47    38177.35     1014.29       37.64        17151252.000            1007.434      766471.438           0.000
    29.15    38864.69     1014.29       38.32        17668978.000            1007.434      792752.938           0.000
    29.83    39552.02     1014.29       38.99        18192848.000            1007.434      819503.438          -0.000
    30.52    40239.36     1014.29       39.67        18722820.000            1007.434      846722.812           0.000
    31.20    40926.70     1014.29       40.35        19258862.000            1007.434      874411.188           0.000
    31.88    41614.03     1014.29       41.03        19800940.000            1007.434      902568.500           0.000
    32.56    42301.37     1014.29       41.71        20349024.000            1007.434      931194.812          -0.000
    33.25    42988.70     1014.29       42.38        20903072.000            1007.434      960289.938           0.000
    33.93    43676.04     1014.29       43.06        21463058.000            1007.434      989853.938           0.000
    34.61    44363.38     1014.29       43.74        22028952.000            1007.434     1019887.125           0.000
    35.29    45050.71     1014.29       44.42        22600722.000            1007.434     1050389.250           0.000
    35.97    45738.05     1014.29       45.09        23178338.000            1007.434     1081360.125          -0.000
    36.66    46425.38     1014.29       45.77        23761762.000            1007.434     1112799.875           0.000
    37.34    47112.72     1014.29       46.45        24350984.000            1007.434     1144708.875           0.000
    38.02    47800.06     1014.29       47.13        24945960.000            1007.434     1177086.750           0.000
    38.70    48487.39     1014.29       47.80        25546668.000            1007.434     1209933.375          -0.000
    39.39    49174.73     1014.29       48.48        26153080.000            1007.434     1243249.000           0.000
    40.07    49862.07     1014.29       49.16        26765168.000            1007.434     1277033.750           0.000
    40.75    50549.41     1014.29       49.84        27382910.000            1007.434     1311287.375           0.000
    41.43    51236.74     1014.29       50.52        28006272.000            1007.434     1346009.875           0.000
    42.12    51924.07     1014.29       51.19        28635238.000            1007.434     1381201.250          -0.000
    42.80    52611.41     1014.29       51.87        29269780.000            1007.434     1416861.750           0.000
    43.48    53298.75     1014.29       52.55        29909870.000            1007.434     1452991.250           0.000
