 Elev(m)    dbdxp(-)    dbdxc(-)      I2p     I2c
  -13.5200005       0.00000000       0.00000000       0.00000000       0.00000000    
  -12.9600000     -0.342050463      -2.07768790E-02  -2.68167965E-02  -1.62890973E-03
  -12.3900003     -0.457396716      -5.26141599E-02 -0.144084811      -1.06987664E-02
  -11.8199997     -0.559825957      -8.89377818E-02 -0.406018555      -3.68256830E-02
  -11.2500000     -0.654301047     -0.101253949     -0.845738113      -8.93576369E-02
  -10.6800003     -0.863132060     -0.118928298      -1.50301158     -0.174595460    
  -10.1099997     -0.810930192     -0.323183894      -2.41474843     -0.312373877    
  -9.53999996     -0.580916166     -0.456735820      -3.57153869     -0.547197402    
  -8.97999954     -0.488590151     -0.320872307      -4.90292025     -0.901084542    
  -8.40999985     -0.448822141     -0.189665690      -6.41691494      -1.36336994    
  -7.84000015     -0.439284801     -0.135232106      -8.07665539      -1.89258313    
  -7.26999998     -0.439025253      -9.14635211E-02  -9.87736988      -2.46595120    
  -6.69999981     -0.335862070     -0.105083607      -11.8101559      -3.07313657    
  -6.13000011     -0.327389508     -0.122246407      -13.8578596      -3.71410370    
  -5.57000017     -0.118693650     -0.270057440      -15.9575233      -4.39271784    
  -5.00000000      -1.26047945E-02 -0.187031209      -18.1405735      -5.15059233    
  -4.42999983       9.49868709E-02 -0.176305950      -20.3278255      -5.97406769    
  -3.85999990      0.127909169      -5.90770766E-02  -22.4909134      -6.84550047    
  -3.28999996      0.199137732     -0.174139425      -24.6102600      -7.75432968    
  -2.72000003      0.126132175     -0.143382579      -26.6775513      -8.70699024    
  -2.15000010      0.127038613     -0.130210385      -28.6985817      -9.70688343    
  -1.59000003      0.126915827     -0.114722587      -30.6440468      -10.7302637    
  -1.01999998      0.127420142      -9.74750221E-02  -32.5840492      -11.8081007    
 -0.449999988      0.127294511      -8.18569735E-02  -34.4834290      -12.9172268    
  0.119999997      0.124967344      -4.56406474E-02  -36.3423500      -14.0509109    
  0.689999998      0.124528073       6.05091602E-02  -38.1612244      -15.1937828    
   1.25999999      0.123906836      0.115045644      -39.9403610      -16.3216839    
   1.82000005      0.122164130      0.118101910      -41.6491776      -17.3975124    
   2.39000010      0.117124200      0.119770870      -43.3501091      -18.4552975    
   2.96000004      0.110212736      0.120290458      -45.0137901      -19.4749489    
   3.52999997      0.110153034      0.115210377      -46.6417313      -20.4566422    
   4.09999990      0.114538133      0.110183775      -48.2341652      -21.4015408    
   4.67000008      0.125403956      0.104328558      -49.7895432      -22.3113213    
   5.23000002      0.134706557      0.102159373      -51.2780991      -23.1718388    
   5.80000019       6.91228136E-02  0.112792052      -52.7565002      -24.0143929    
   6.36999989     -0.104684673      0.124687649      -54.2211342      -24.8208752    
   6.94000006     -0.246058524       9.96308848E-02  -55.7161598      -25.5904865    
   7.51000023     -0.295133412      -4.19450179E-02  -57.2820930      -26.3373604    
   8.07999992     -0.175007135     -0.294657171      -58.9288254      -27.1059399    
   8.64999962      -7.43166283E-02 -0.314343840      -60.6332855      -27.9495964    
   9.21000004      -4.76246662E-02 -0.164608493      -62.3372917      -28.8645878    
   9.77999973       2.38050483E-02  -9.53943357E-02  -64.0833282      -29.8545208    
   10.3500004       3.23335826E-02   1.10923890E-02  -65.8268967      -30.8721771    
   10.9200001       3.56206745E-02   2.72371452E-02  -67.5605698      -31.8936729    
   11.4899998       4.11311537E-02   3.31122614E-02  -69.2827148      -32.9073219    
   12.0600004       4.40095365E-02   3.62959355E-02  -70.9919586      -33.9106331    
   12.6199999       4.34103347E-02   3.92670780E-02  -72.6575623      -34.8848801    
   13.1899996       4.24045511E-02   4.13948596E-02  -74.3392029      -35.8641701    
   13.7600002       4.54929769E-02   4.07114252E-02  -76.0069885      -36.8304749    
   14.3299999       3.72544490E-02   4.15210277E-02  -77.6611481      -37.7836609    
   14.8999996       5.38036525E-02   3.55556384E-02  -79.3014526      -38.7241325    
   15.4700003       5.38036525E-02   5.38032949E-02  -80.9259262      -39.6513367    
   16.0400009       5.38036525E-02   5.38032949E-02  -82.5332260      -40.5628510    
   16.6000004       5.38036525E-02   5.38032949E-02  -84.0952988      -41.4413490    
   17.1700001       5.38036525E-02   5.38032949E-02  -85.6682510      -42.3185120    
   17.7399998       5.38036525E-02   5.38032949E-02  -87.2240219      -43.1785011    
   18.3099995       5.38036525E-02   5.38032949E-02  -88.7626190      -44.0213165    
   18.8799992       5.38036525E-02   5.38032949E-02  -90.2840500      -44.8469582    
   19.4500008       5.38036525E-02   5.38032949E-02  -91.7883072      -45.6554298    
   20.0100002       5.38036525E-02   5.38032949E-02  -93.2491455      -46.4326935    
   20.5799999       5.38036525E-02   5.38032949E-02  -94.7190475      -47.2068138    
   21.1499996       5.38036525E-02   5.38032949E-02  -96.1717758      -47.9637604    
   21.7199993       5.38036525E-02   5.38032949E-02  -97.6073303      -48.7035294    
   22.2900009       5.38036525E-02   5.38032949E-02  -99.0257187      -49.4261284    
   22.8600006       5.38036525E-02   5.38032949E-02  -100.426926      -50.1315536    
   23.4300003       5.38036525E-02   5.38032949E-02  -101.810959      -50.8198051    
   23.9899998       5.38036525E-02   5.38032949E-02  -103.153694      -51.4789581    
   24.5599995       5.38036525E-02   5.38032949E-02  -104.503372      -52.1328583    
   25.1299992       5.38036525E-02   5.38032949E-02  -105.835884      -52.7695847    
   25.7000008       5.38036525E-02   5.38032949E-02  -107.151230      -53.3891411    
   26.2700005       5.38036525E-02   5.38032949E-02  -108.449387      -53.9915199    
   26.8400002       5.38036525E-02   5.38032949E-02  -109.730377      -54.5767288    
   27.3999996       5.38036525E-02   5.38032949E-02  -110.971870      -55.1346436    
   27.9699993       5.38036525E-02   5.38032949E-02  -112.218513      -55.6855011    
   28.5400009       5.38036525E-02   5.38032949E-02  -113.447983      -56.2191887    
   29.1100006       5.38036525E-02   5.38032949E-02  -114.660271      -56.7356987    
   29.6800003       5.38036525E-02   5.38032949E-02  -115.855392      -57.2350311    
   30.2500000       5.38036525E-02   5.38032949E-02  -117.033333      -57.7171936    
   30.8199997       5.38036525E-02   5.38032949E-02  -118.194099      -58.1821823    
   31.3799992       5.38036525E-02   5.38032949E-02  -119.317490      -58.6219902    
   31.9500008       5.38036525E-02   5.38032949E-02  -120.443909      -59.0526314    
   32.5200005       5.38036525E-02   5.38032949E-02  -121.553154      -59.4660950    
   33.0900002       5.38036525E-02   5.38032949E-02  -122.645233      -59.8623886    
   33.6599998       5.38036525E-02   5.38032949E-02  -123.720131      -60.2415047    
   34.2299995       5.38036525E-02   5.38032949E-02  -124.777855      -60.6034470    
   34.7900009       5.38036525E-02   5.38032949E-02  -125.800003      -60.9420204    
   35.3600006       5.38036525E-02   5.38032949E-02  -126.823380      -61.2696152    
   35.9300003       5.38036525E-02   5.38032949E-02  -127.829582      -61.5800400    
   36.5000000       5.38036525E-02   5.38032949E-02  -128.818604      -61.8732872    
   37.0699997       5.38036525E-02   5.38032949E-02  -129.790466      -62.1493568    
   37.6399994       5.38036525E-02   5.38032949E-02  -130.745148      -62.4082565    
   38.2099991       5.38036525E-02   5.38032949E-02  -131.682648      -62.6499825    
   38.7700005       5.38036525E-02   5.38032949E-02  -132.586685      -62.8704491    
   39.3400002       5.38036525E-02   5.38032949E-02  -133.489853      -63.0778236    
   39.9099998       5.38036525E-02   5.38032949E-02  -134.375824      -63.2680283    
   40.4799995       5.38036525E-02   5.38032949E-02  -135.244644      -63.4410553    
   41.0499992       5.38036525E-02   5.38032949E-02  -136.096268      -63.5969124    
   41.6199989       5.38036525E-02   5.38032949E-02  -136.930740      -63.7355919    
   42.1800003       5.38036525E-02   5.38032949E-02  -137.733536      -63.8548203    
   42.7500000       5.38036525E-02   5.38032949E-02  -138.533646      -63.9591522    
   43.3199997       5.38036525E-02   5.38032949E-02  -139.316589      -64.0463104    
