	RS=132.11* 
0	4.632959942
7.367016023	5.620512163
14.73707953	6.85190386
17.68144749	7.211567953
22.10409498	7.741919884
29.47111274	7.77849614
35.36594363	7.552944209
36.83812819	7.476744209
44.20818995	7.019544209
51.57521005	6.867144209
53.04738995	6.891528186
58.94222549	6.763512163
66.30924093	6.586728186
70.73188726	6.47090386
73.67625637	6.3246
81.04327646	5.998464093
88.41333823	5.55650386
95.78034902	5.135880116
101.3216201	5.010912163
103.1473691	4.971287837
106.0978309	4.849367953
110.5143799	4.767072105
117.8814	4.669535907
123.7762309	4.611624035
125.2514618	4.602480116
132.6184819	4.431791988
139.9854927	4.361688128
141.4576819	4.373880116
147.3525127	4.431791988
154.7225745	4.910328186
159.1421745	4.995671814
162.0895853	5.020055791
169.4566147	4.95909614
176.8236255	4.73049614
183.721251	-0.856487983
183.7395382	-0.868679971
187.7476471	-3.5814
190.6188765	-4.309872105
197.516502	-6.028944209
198.6686363	-6.306312163
204.4141274	-7.205471814
209.5865745	-8.293607721
211.3117529	-8.513064093
218.2093598	-9.427464093
220.5106147	-9.893807721
225.1069853	-10.61313591
231.4315853	-11.62812047
232.0076618	-11.70432047
238.9022363	-12.954
242.3525745	-13.37157567
245.7998618	-13.73428842
252.6974873	-14.15186409
253.2735637	-14.1732
259.5951127	-14.38656023
264.1975853	-14.76146409
266.4927382	-14.95653591
273.3903637	-15.86788842
275.1155235	-16.07515251
280.2879892	-16.73961544
286.0365127	-17.35226409
287.1856147	-17.48027953
294.0832402	-18.04416023
296.957502	-18.16912819
300.9808471	-18.32762433
307.8815235	-18.46478456
314.779149	-18.49526409
318.8024941	-18.5166
321.6737235	-18.53183977
328.571349	-18.60499228
329.720451	-18.62632819
335.4689745	-18.79092047
340.6444726	-18.96770386
342.3666	-19.03780772
349.2642255	-19.24812047
351.5654804	-19.29079228
356.161851	-19.3548
362.486451	-19.43404749
363.0594765	-19.44319228
369.957102	-19.5834
373.4043706	-19.65655135
376.8547274	-19.79980772
383.7554039	-20.04669498
384.3284294	-20.06803088
390.6530294	-20.2692
395.2494	-20.43988726
397.5506549	-20.57095135
404.4452294	-20.95804865
406.1703706	-21.07387181
411.3428549	-21.49144865
417.0913784	-21.97912819
418.2404804	-22.04008726
425.1381059	-22.42718456
428.0154	-22.56739228
432.0356941	-22.64359228
438.9333196	-22.71369498
447.1111274	-22.48204865
448.6533961	-22.42413591
455.288898	-22.1742
458.3734726	-22.07361544
463.4636549	-21.94864865
468.093549	-21.83892047
471.6414255	-21.79929498
477.8105745	-21.73224093
479.8161451	-21.72614363
487.5276	-21.78710502
487.9939529	-21.78710502
496.1717235	-21.78710502
497.2507274	-21.78100772
504.3434294	-21.68956912
506.9677529	-21.6408
512.5212	-21.49754363
516.6878294	-21.39391274
520.6989706	-21.25065637
526.4048549	-21.06777684
528.8737274	-20.96414363
536.1279451	-20.55266409
537.051498	-20.4978
545.2293059	-19.9644
545.8449706	-19.93087181
553.4040255	-19.48586409
555.5650471	-19.37003977
561.5817961	-19.08352819
565.2820726	-18.92503205
569.7565529	-18.79701544
575.002149	-18.66290386
577.9343235	-18.60499228
584.7222255	-18.50745637
586.1120941	-18.52879228
594.286851	-18.62937567
594.439251	-18.62937567
602.4615706	-18.98294363
604.1623784	-19.05
610.6393784	-19.13839228
613.8794039	-19.18106409
618.814098	-19.1262
623.5994804	-19.06523977
626.9919059	-18.92807953
633.3165059	-18.55622433
635.1696393	-18.32457567
643.0365451	-17.31873591
643.3443961	-17.27911158
651.5222039	-16.16049614
652.7566588	-15.98066409
659.6969607	-14.88338456
662.4736471	-14.52981544
667.8746941	-13.90802433
672.1937607	-13.42948842
676.052502	-13.02715251
681.9138	-12.46022433
684.2272588	-12.30477567
691.6338393	-11.78356795
692.4049922	-11.7348
700.5828	-11.13739228
701.350902	-11.07643205
708.7545059	-10.12240772
711.0678902	-9.851135907
716.9322393	-9.390887837
720.7910549	-9.104376256
725.1100471	-8.860535907
730.5080432	-8.580119884
733.2848039	-8.439912163
740.2281568	-8.104632047
741.4626117	-8.037576256
749.6372941	-7.61695193
749.9451451	-7.598664093
757.815102	-7.053071814
759.6683098	-6.92810386
765.9929098	-6.147816023
769.385298	-5.779007721
774.1675922	-5.285232047
779.1023607	-4.760975965
782.3454	-4.4958
788.8224	-3.861816023
790.5232078	-3.752088128
798.5424393	-3.322319884
798.6978902	-3.316224035
806.8726471	-3.029711872
808.2625529	-2.97789614
815.0504549	-2.66395193
817.9795412	-2.532888128
823.2252117	-2.237232047
827.7027059	-1.938528041
831.4029451	-1.59715193
837.4196941	-1.005839985
839.577702	-0.719327968
847.1398078	0.201168008
847.7555098	0.259080007
855.9332432	1.057656009
856.8567961	1.146047997
864.108	1.191768026
866.5769098	1.194816023
872.2858078	1.036320029
876.296949	0.902208012
880.4635412	0.905256009
888.638298	0.911352003
896.8161059	0.932687983
904.9907883	1.018031974
913.1655451	1.08813598
915.1742039	1.103375965
921.3433529	1.191768026
924.8911922	1.2192
929.5181098	1.487424035
934.6113059	1.98424807
937.6958432	2.401824035
943.3468471	3.154680116
943.5723961	3.185159942
944.3313451	3.285743919
945.873651	3.383280116
954.0484078	3.852672105
960.7935961	3.96544807
965.1705568	4.072127895
967.5358078	4.056888128
974.2779451	3.938016023
976.2957568	3.898391988
981.0232078	3.773424035
987.4179059	3.529583977
987.7653451	3.529583977
994.5075568	3.523488128
998.5400549	3.58444807
1001.249694	3.773424035
1007.994957	4.309872105
1009.662204	4.42569614
1014.737094	4.50189614
1020.787404	4.572
1021.479306	4.581143919
1028.224494	4.636008012
1031.909553	4.660391988
1034.966706	4.684775965
1041.711894	4.8006
1043.031702	4.8006
1048.454106	4.757927895
1054.1508	4.751832047
1055.196243	4.739640058
1061.941506	4.703064093
1065.279051	4.709159942
1068.683643	4.757927895
1075.425855	4.80669614
1076.398149	4.818888128
1082.167992	4.666488128
1087.520298	4.556759942
1088.910204	4.483608012
1095.655392	4.166616023
1098.642447	4.008119884
1102.397604	4.002024035
1109.142792	3.971543919
1109.767647	3.971543919
1115.885004	3.96544807
1120.889796	3.95935193
1122.627141	4.136135907
1129.372404	4.785359942
1132.011945	5.047487837
1136.114541	4.925567953
1142.856753	4.706111872
1143.137145	4.693919884
1149.601941	4.660391988
1154.259294	4.675632047
1156.344153	4.681727895
1163.08629	4.544567953
1165.381443	4.483608012
1169.828502	4.322064093
1176.503592	4.236719884
1176.57369	4.236719884
1183.315902	4.27329614
1187.628792	4.309872105
1190.058039	4.33730386
1196.803302	4.453127895
1198.750941	4.471416023
1203.545439	4.474464093
1209.870039	4.428743919
1210.287651	4.42569614
1217.032839	4.401311872
1220.992188	4.395216023
1223.775051	4.468367953
1230.520239	4.602480116
1232.117388	4.629911872
1237.262451	4.639056081
1243.239612	4.672583977
1244.004588	4.678680116
1250.7468	4.687824035
1254.361686	4.706111872
1257.489012	4.703064093
1264.2342	4.678680116
1265.48391	4.681727895
1270.976412	4.666488128
1276.60911	4.65429614
1277.7216	4.666488128
1284.463812	4.660391988
1287.731184	4.632959942
1291.206023	4.596383977
1297.951212	4.620767953
1298.853408	4.632959942
1304.693423	4.660391988
1309.975482	4.65124807
1311.435486	4.64210386
1318.180823	4.584191988
1321.100682	4.553711872
1324.922886	4.547616023
1331.668223	4.581143919
1332.222906	4.584191988
1338.410286	4.620767953
1343.342004	4.663440058
1345.152498	4.669535907
1351.89471	4.73049614
1354.464079	4.745735907
1358.636921	4.770119884
1365.38211	4.785359942
1365.589279	4.785359942
1376.711502	4.739640058
1378.86951	4.73049614
1385.611721	4.703064093
1387.833577	4.681727895
1392.353784	4.620767953
1398.958777	4.559808012
1399.099121	4.559808012
1405.841184	4.529327895
1410.081	4.453127895
1412.583396	4.428743919
1419.328584	4.383024035
1421.203223	4.447032047
1426.070796	4.596383977
1432.325298	4.64210386
1432.815984	4.64515193
1439.55522	4.596383977
1443.450498	4.608575965
1446.300408	4.629911872
1453.04262	4.712208012
1454.572721	4.72135193
1459.784682	4.703064093
1465.69182	4.700016023
1466.53002	4.696967953
1473.272082	4.626864093
1476.813894	4.614672105
1480.014294	4.623816023
1486.759482	4.593335907
1487.939094	4.593335907
1493.501694	4.572
1499.061318	4.49884807
1500.246882	4.471416023
1506.989094	4.376927895
1510.183392	4.312919884
1513.731306	4.19404807
1520.476494	3.971543919
1521.305616	3.938016023
1527.218706	3.767327895
1532.430816	3.666743919
1533.960918	3.642359942
1540.70298	3.51129614
1543.55289	3.456432047
1547.445192	3.43204807
1554.19038	3.374135907
1554.675114	3.371088128
1560.932592	3.395472105
1565.800314	3.419856081
1567.67778	3.43204807
1574.419992	3.486911872
1576.922388	3.493008012
1581.162204	3.483864093
1587.907392	3.395472105
1588.044612	3.398519884
1594.649604	3.489959942
1599.16371	3.648456081
1601.394792	3.745991988
1608.137004	3.88924807
1610.28891	3.916680116
1614.879216	4.03250386
1621.410984	4.160519884
1621.621279	4.160519884
1628.36349	4.047743919
1632.533208	4.047743919
1635.108679	4.023359942
1643.655282	4.008119884
1654.780482	3.870959942
1665.902706	3.846575965
1675.567902	3.88924807
1677.02478	3.895343919
1682.310114	3.855719884
1688.14998	3.904488128
1689.055302	3.919727895
1695.797514	4.172711872
1699.272204	4.248911872
1702.539577	4.309872105
1709.281788	4.34644807
1710.394279	4.34949614
1716.024	4.334256081
1721.516502	4.319016023
1722.769188	4.322064093
1729.5114	4.34644807
1732.641702	4.312919884
1736.256588	4.276343919
1742.9988	4.105656081
1743.7608	4.059935907
1749.741012	3.706367953
1754.883023	3.493008012
1756.4862	3.441191988
1763.228412	3.459480116
1766.005098	3.483864093
1769.9736	3.496056081
1776.715812	3.974591988
1777.130298	4.005072105
1783.458023	4.453127895
1788.252521	4.367783977
1790.200086	4.34035193
1796.942298	4.26110386
1799.374596	4.248911872
1803.687486	4.218432047
1810.429698	4.1148
1810.49682	4.11175193
1817.17191	3.755135907
1821.62202	3.5052
1823.917098	3.389375965
1832.744094	3.404616023
1843.866318	3.447288128
1854.991518	3.489959942
1866.113592	3.459480116
1877.23269	2.883408012
1888.354914	2.368295994
1899.480114	2.770632047
1910.602188	3.307080116
1921.724412	3.438143919
1932.846486	3.563111872
1943.971686	3.712464093
1955.09391	4.020311872
1966.215984	4.239767953
1972.266294	4.172711872
1977.341184	4.12089614
1979.008506	4.105656081
1985.750718	4.078224035
1988.463408	4.123943919
1992.495906	4.26110386
1999.238118	4.6482
1999.585482	4.6482
2005.983306	4.843272105
2010.70458	5.013960233
2012.725518	5.18464807
2019.46758	5.836919884
2021.82978	6.306312163
2026.212918	7.223760233
2032.952004	8.415528186
	
