86.66	RS=86.66   
0	2.74624807
9.06170386	2.569464093
18.12036023	2.523743919
27.18206409	2.529840058
36.24072047	2.453640058
42.63542549	2.380487983
45.30242549	2.350008012
54.36412819	2.3622
63.42278456	2.279904006
72.48448726	2.2098
81.5461946	2.164079971
90.60485098	2.164079971
99.66654902	2.06044807
108.7252054	2.017775965
117.7869127	1.987295994
126.8486201	1.914144064
135.9072765	1.8288
144.9689745	1.856232047
154.0306819	1.883663948
163.0893382	1.697736052
172.1510363	1.45084807
181.209702	1.258824035
190.2714	0.9906
199.333098	0.618743991
208.3917637	0.079247997
217.4534618	-0.027432001
226.5121274	-0.188976001
235.5738255	-1.871471959
244.6355235	-6.925055791
253.6941892	-11.14653591
262.7558873	-13.96593591
271.8175853	-16.59026409
280.876251	-19.07133591
289.937949	-21.36647953
298.9966147	-24.34132819
308.0583127	-27.33141544
317.1200294	-29.76981544
326.1786765	-32.27832047
335.2403745	-33.43351274
344.3020726	-34.75939228
353.3607196	-35.17392047
362.4224549	-35.14648726
371.4841529	-34.85387953
380.5428	-34.24427953
389.604498	-33.4518
398.6631451	-32.89706409
407.7248804	-32.41243088
416.7865784	-32.22650502
425.8452255	-32.01619228
434.9069235	-31.61385637
443.9686216	-30.9372
453.0273059	-30.50438456
462.0890039	-30.04413591
471.147651	-29.70275907
480.209349	-29.31261544
489.2710471	-29.01086409
498.3296941	-28.97428726
507.3914294	-29.05353591
516.4531274	-29.08096912
525.5117745	-28.96514363
534.5734726	-28.74873591
543.6321196	-28.50794363
552.6938549	-28.08427181
561.7555529	-27.45333591
570.8142	-26.83764093
579.875898	-26.36215135
588.9375961	-26.06649498
597.9962804	-25.93543088
607.0579784	-25.84704093
616.1196765	-25.8318
625.1783607	-25.94762316
634.2400588	-26.10612047
643.2987059	-26.19755907
652.3604039	-26.24937684
661.422102	-26.41092047
670.480749	-26.64561544
679.5424471	-26.70962316
688.6041451	-26.52369498
697.6627922	-26.289
706.7244902	-26.04515907
715.7861883	-25.80436912
724.8449098	-25.54833591
733.9066078	-25.26182316
742.9652549	-24.94787953
752.0269529	-24.66441544
761.088651	-24.36266409
770.147298	-24.06091274
779.2089961	-23.80487953
788.2706941	-23.65552819
797.3293412	-23.4696
806.3910393	-22.99106409
815.4528117	-22.2504
824.5114588	-21.58288726
833.5731568	-20.55266409
842.6348549	-19.34870386
851.693502	-17.84299228
860.7552	-16.71827953
869.816898	-16.05991158
878.8755451	-14.66087953
887.9372432	-13.33195251
896.9958902	-11.71041544
906.0575883	-9.14095193
910.4223451	-7.604760233
915.1193607	-5.94969614
924.1780078	-2.392679971
933.2397059	0.981456009
942.3014039	2.846832047
951.360051	3.008375965
960.421749	3.057143919
969.4834471	3.002280116
978.5420941	2.999232047
987.6037922	2.855975965
996.6654902	2.676143919
1005.724212	2.700527895
1014.78591	3.681983977
1023.847608	5.504687837
	
