   0.00000000       44.5437279    
   0.00000000       14.4536152    
   5.12978411       13.4813042    
   10.2595682       12.3291607    
   10.5948477       12.2651529    
   15.3863039       11.2135925    
   21.1866493       10.2900476    
   21.6529922       10.2412796    
   27.9166317       9.76883984    
   31.7814941       9.48232841    
   34.1802711       9.43660736    
   40.4439125       9.43660736    
   42.3763428       9.43051243    
   46.7075539       9.33297634    
   52.9711914       9.22629642    
   58.4789276       7.88212824    
   59.0854836       7.20547199    
   63.9866600       1.75259995    
   65.1418533       1.38684011    
   69.4944000      -3.96239981E-02
   69.6803284      -5.18160015E-02
   75.0051880     -0.393191993    
   77.3125153     -0.560832024    
   80.5129166     -0.344424009    
   86.0206528     -0.195071995    
   89.4831772      -7.92479962E-02
   91.5283966      -3.96239981E-02
   97.0391769       7.62000009E-02
   101.690422      0.192023993    
   102.546913      0.152400002    
   108.054649       9.14399978E-03
   113.214912     -0.137160003    
   113.900711     -0.158495992    
   118.372124     -0.155447990    
   123.535439     -0.182880014    
   126.107948     -0.277368009    
   128.692657     -0.384047985    
   133.852921     -0.777239978    
   138.260330      -1.20091200    
   139.013184      -1.28930402    
   144.173447      -1.84708798    
   149.333710      -2.23113608    
   150.412704      -2.30428791    
   154.490921      -2.78891993    
   159.651184      -3.36499190    
   162.565079      -3.69722414    
   165.000443      -4.04164791    
   170.349670      -4.80060005    
   174.720505      -5.41629601    
   175.698914      -5.59003210    
   181.048141      -6.51357603    
   186.397385      -7.43407202    
   186.866791      -7.51331997    
   191.746643      -8.50696754    
   197.095871      -9.60120010    
   199.022217      -9.98524761    
   202.445114      -10.6862888    
   207.791306      -11.7652798    
   211.174591      -12.4571753    
   213.143585      -12.6949205    
   218.492844      -13.3990078    
   224.003616      -14.1366243    
   231.647995      -14.0482321    
   236.244385      -13.4294882    
   239.292389      -13.0088644    
   246.936752      -12.2346716    
   248.485153      -12.1676159    
   254.581146      -11.8993921    
   260.722870      -11.5824003    
   262.222473      -11.5031528    
   269.866882      -11.0337601    
   272.963623      -10.7320080    
   277.511261      -10.2930965    
   285.155640      -9.79627228    
   285.204407      -9.79322433    
   292.800018      -9.30249596    
   297.445160      -8.98550415    
   300.444427      -8.78433609    
   308.088776      -8.07110405    
   309.682892      -8.02233601    
   315.733185      -7.82726431    
   321.923676      -8.00100040    
   323.374481      -8.03757668    
   331.018890      -8.46734428    
   334.164429      -8.74471188    
   338.663269      -9.13485622    
   346.307678      -9.36955166    
   346.405212      -9.36955166    
   353.180908      -9.50061607    
   358.645966      -9.51280785    
   360.051117      -9.51585579    
   366.924316      -9.59205532    
   370.883698      -9.62253571    
   373.797577      -9.65606403    
   381.527313      -9.78407955    
   383.124451      -9.80236816    
   389.260071      -9.91209602    
   394.441681      -9.99134350    
   396.992859      -10.0309677    
   404.722565      -10.0766888    
   405.758911      -10.0797358    
   412.452301      -10.1010714    
   417.073059      -10.1254568    
   420.185120      -10.1315527    
   427.917877      -10.1528883    
   428.390289      -10.1528883    
   435.507385      -10.1102152    
   439.707520      -10.0980244    
   443.096893      -10.0949755    
   450.686432      -10.1163120    
   451.021698      -10.1193600    
   458.275940      -10.2077522    
   463.076538      -10.2473755    
   465.868500      -10.2930965    
   473.458008      -10.3784399    
   475.131378      -10.3753920    
   481.050598      -10.3601522    
   487.183167      -10.4150152    
   488.640137      -10.4119682    
   496.229645      -10.3083363    
   499.241089      -10.2382317    
   503.819153      -10.1010714    
   511.292847      -9.85723209    
   511.762238      -9.84503937    
   519.702332      -9.63472843    
   523.347717      -9.53414440    
   527.645386      -9.45489597    
   535.402527      -9.31773567    
   535.585449      -9.31468773    
   543.528503      -9.18667221    
   547.457397      -9.08304024    
   551.468567      -8.92759228    
   559.411621      -8.68070412    
   559.512207      -8.67765617    
   567.351685      -8.43076801    
   571.567017      -8.28751183    
   575.294739      -8.15340042    
   583.234802      -7.99185562    
   583.621887      -7.98271227    
   591.177917      -7.87908030    
   595.673706      -7.82116795    
   599.117920      -7.79983187    
   606.942139      -7.60476017    
   607.061035      -7.60171223    
   615.001038      -7.40663958    
   618.210571      -7.42492819    
   622.944153      -7.47979212    
   629.479065      -7.59256792    
   630.170959      -7.60476017    
   637.400818      -7.69619989    
   640.747498      -7.69010401    
   644.630615      -7.68096018    
   651.860474      -7.59561586    
   652.009827      -7.59256792    
   659.090393      -7.51941586    
   663.278381      -7.54379988    
   666.320251      -7.59866428    
   674.440125      -7.79373598    
   674.546814      -7.79678392    
   682.556946      -7.89736795    
   685.815247      -7.86688805    
   690.673767      -7.78154421    
   697.144653      -7.54379988    
   698.790588      -7.47369623    
   706.907410      -6.92505598    
   708.474060      -6.83361626    
   715.024170      -6.44042397    
   719.803528      -6.14171982    
   723.144104      -5.92836046    
   731.132874      -5.69976044    
   731.263916      -5.69671202    
   737.841553      -5.58698416    
   742.462280      -5.56260014    
   744.422180      -5.55040789    
   751.002808      -5.54126406    
   753.791748      -5.56260014    
   757.583435      -5.59003210    
   764.161072      -5.73328781    
   765.121155      -5.75157642    
   771.643860      -5.85825586    
   776.450562      -6.02589607    
   779.123657      -6.12648010    
   786.603455      -6.27888012    
   788.060425      -6.27888012    
   794.080200      -6.30021620    
   799.673340      -6.27888012    
   801.563049      -6.24840021    
   809.042847      -6.13257647    
   811.283081      -6.07161617    
   816.522583      -5.87349606    
   822.892944      -5.64794397    
   824.002380      -5.63575172    
   831.823608      -5.51383209    
   834.505798      -5.48944807    
   839.644775      -5.41324806    
   846.115662      -5.24865580    
   847.468933      -5.20903206    
   855.290161      -4.98043203    
   857.728577      -4.96214437    
   863.111328      -4.94690371    
   869.338318      -4.86155987    
   870.932434      -4.85546398    
   878.756714      -4.55371189    
   880.951233      -4.46836805    
   886.510803      -4.24586391    
   892.561096      -4.37692785    
   894.264893      -4.40740824    
   902.018982      -4.38302422    
   903.914917      -4.35254383    
   909.776184      -4.23672009    
   915.265686      -4.26415205    
   917.530273      -4.27329636    
   925.284424      -4.48055983    
   926.619446      -4.49884796    
   933.038513      -4.71220779    
   937.973267      -4.80060005    
   939.759338      -4.80060005    
   946.480225      -4.73049593    
   949.327087      -4.76097584    
   953.197998      -4.80364799    
   959.918884      -4.92251968    
   960.680847      -4.91642380    
   966.639648      -4.89813614    
   972.034668      -4.83412790    
   973.872620      -4.80364799    
   981.105530      -4.65734386    
   983.382385      -4.59028816    
   988.338379      -4.36168814    
   993.699768      -3.98678398    
   995.135376      -3.86181593    
   1001.93243      -3.04800010    
   1004.01123      -2.71881604    
   1008.73254      -1.96291196    
   1014.32874      -1.21920002    
   1015.52960      -1.06680000    
   1022.32971      0.307848006    
   1024.64001      0.826008022    
   1029.17249       1.91109598    
   1036.01526       3.23392797    
   1036.85950       3.36499190    
   1042.85486       4.15747213    
   1049.08203       4.82803202    
   1049.69763       4.89813614    
   1057.80225       5.35533571    
   1061.30139       5.60222387    
   1065.90698       6.03808784    
   1073.52087       6.59891987    
   1074.01465       6.60501623    
   1082.11621       6.53491211    
   1085.73425       6.69036007    
   1090.22388       6.93419981    
   1097.95667       7.38530397    
   1098.32849       7.40663958    
   1106.43005       7.86993599    
   1110.17615       7.95528030    
   1114.53784       8.05586433    
   1122.39551       7.90346432    
   1122.64246       7.90041590    
   1130.74707       7.89127159    
   1134.61499       7.97661591    
   1138.85168       8.09243965    
   1146.83435       8.43076801    
   1146.95630       8.43381596    
   1155.06396       8.75080776    
   1159.05383       8.80262375    
   1163.16553       8.85139275    
   1171.27319       9.01598358    
   1177.09497       9.21715164    
   1177.91785       9.24458408    
   1182.48987       9.25677586    
   1184.56860       9.22324848    
   1185.82434       9.20191193    
   1191.21631       9.12266445    
   1193.70959       9.15923977    
   1197.86401       9.01598358    
   1204.51172       8.68984795    
   1204.92615       8.66851234    
   1211.15942       8.43991184    
   1216.14282       8.29665565    
   1217.80701       8.24788761    
   1224.45471       8.27227211    
   1227.36560       8.24179268    
   1231.10242       8.09548759    
   1237.75012       7.74496794    
   1238.58228       7.69924784    
   1244.39783       7.62609625    
   1249.79895       7.47979212    
   1251.04553       7.51027203    
   1257.69324       7.82421589    
   1261.01868       7.95223188    
   1264.34387       8.10463238    
   1270.99158       8.08634377    
   1272.23523       8.09548759    
   1277.63928       8.07110405    
   1283.45496       8.21131229    
   1284.28699       8.21131229    
   1290.93164       8.27227211    
   1294.67151       8.33627987    
   1297.58240       8.37285614    
   1304.23010       8.60450363    
   1305.88818       8.68375206    
   1310.87769       8.98245621    
   1317.11084       9.13790417    
   1317.52539       9.17448044    
   1324.17310       9.83284760    
   1328.32751       10.3662472    
   1330.82080       10.8691683    
   1337.46851       12.4388885    
   1339.54724       13.1155434    
   1344.11914       14.1579599    
   1350.76392       14.7035522    
   1350.76392       44.5437279    
