	RS=145.39* 
0	8.930639767
8.058912163	8.549639767
10.47597567	8.253983977
16.11782433	7.0104
20.955	6.2484
24.17978456	5.922264093
31.43097684	5.48335193
32.23869498	5.471160233
40.29761005	5.391912163
41.90695367	5.32790386
48.35651814	5.135880116
52.38292819	5.132832047
56.41543088	5.114544209
62.865	5.2578
64.47434363	5.294376256
72.53325637	5.574792279
73.34097451	5.608319884
74.98384633	5.660135907
80.59216912	5.843016023
83.81694902	5.78815193
88.65108186	5.6388
94.29597451	5.498592279
96.71303628	5.358383977
104.771949	4.791456081
113.687349	3.102864093
114.0805436	2.980943919
121.8895181	0.792479971
122.602749	0.576071996
129.7015436	-0.896112017
131.5212	-1.310640058
137.5105181	-2.691383977
140.4366	-3.316224035
145.3194927	-4.130040058
149.355051	-4.858511872
153.1315181	-5.681471814
158.270451	-6.675119884
160.940502	-7.193280116
167.188902	-8.5344
169.545	-9.086087837
176.104302	-11.01547181
178.152549	-11.72260772
185.019702	-13.85925637
186.7570471	-14.29207181
193.935102	-15.63319228
195.3646147	-15.86179228
202.8535529	-17.39798456
203.9691127	-17.60524749
211.7689529	-18.63852047
212.5766618	-18.76043977
220.6843529	-19.72970502
221.1811598	-19.75408726
229.6027853	-20.22957684
229.7887274	-20.25091274
237.817149	-21.66518456
238.5181853	-21.77795907
245.8455892	-23.03068726
247.4366363	-23.23795135
253.8709598	-24.07005637
256.3520363	-24.46629498
261.8994	-25.13380772
265.2674363	-25.49347181
269.9278402	-25.85923088
274.1828363	-26.12440772
277.9532108	-26.31033591
283.1012873	-26.36824865
285.981651	-26.39263088
292.0166873	-26.39263088
293.9399745	-26.37739228
300.9320873	-26.51455135
301.8952471	-26.53588726
309.8505382	-26.80106409
317.3181196	-26.75534363
319.360302	-26.7462
324.5114294	-26.65475907
328.8700471	-26.58465637
331.704702	-26.50235907
338.3767784	-26.25547181
338.8949235	-26.24023088
346.0881961	-25.87752047
347.8865235	-25.79217684
353.2815059	-25.51175907
357.3963059	-25.31364093
361.422702	-25.09418456
366.906051	-24.88692047
369.563898	-24.765
376.4127451	-24.3078
377.7050941	-24.19807181
385.8432765	-23.34158456
385.9225274	-23.33244093
393.9875235	-22.27173591
395.4322726	-22.08885637
402.1257059	-21.32380772
404.9420549	-21.07082316
410.2699529	-20.65324865
414.448749	-20.32711274
418.408098	-20.05279228
423.9584941	-19.76932819
426.5492941	-19.66264865
433.4713274	-19.45843205
434.6905274	-19.42490386
442.8317235	-19.21763977
442.9780216	-19.21154363
450.9729196	-18.86407181
452.4878039	-18.79396795
459.1141529	-18.45563977
461.994498	-18.33067181
467.3924941	-18.05330386
471.5072941	-17.78203205
475.6647706	-17.49552047
481.0140255	-17.11756795
483.943149	-16.90116023
490.5237706	-16.35861544
492.2215274	-16.21536023
500.030502	-15.59661544
500.4999059	-15.56003977
508.869702	-14.87728842
509.543298	-14.82242433
517.242549	-14.20063205
519.0500294	-14.09090386
525.6123451	-13.70380772
528.5597745	-13.51787953
533.9821784	-13.18564749
538.0665059	-12.93876023
542.3580765	-12.69187181
547.576251	-12.40231158
550.7278726	-12.23162433
557.0890471	-11.91158456
559.1007196	-11.81709614
566.5957784	-11.39647181
566.9615235	-11.37513591
574.8223274	-10.86916795
576.1055235	-10.77163205
582.6861451	-10.19860772
585.6153059	-9.98829614
590.55	-9.653016023
595.125051	-9.3726
598.4108039	-9.21410386
604.6317451	-8.955023744
606.2746216	-8.906255791
613.717851	-8.726423744
614.1415274	-8.714232047
621.1610804	-8.52830386
623.6512726	-8.470392279
628.6012588	-8.372855791
633.1610549	-8.257032047
636.044451	-8.165592279
642.667749	-7.903464093
644.264898	-7.833360233
652.1774941	-7.552944209
652.4822941	-7.54075193
660.6996902	-7.23290386
661.6902902	-7.190232047
668.9171607	-6.909816023
671.1970588	-6.836664093
677.1376078	-6.7056
680.7068039	-6.611112163
685.3519529	-6.501383977
690.213498	-6.428232047
693.5724	-6.385560233
699.7262941	-6.300216023
701.7897961	-6.269735907
709.2329883	-6.1722
710.0071922	-6.163055791
718.2245883	-6.031992279
718.7428078	-6.02589614
726.6340471	-5.907023744
728.249502	-5.882639767
735.0404549	-5.769864093
737.762298	-5.71195193
743.4498393	-5.583935907
747.2689922	-5.48944807
751.8562471	-5.370576256
756.7788117	-5.209032047
760.2657059	-5.087112163
766.2855059	-4.940807721
768.6720393	-4.888992279
775.798302	-4.751832047
777.081498	-4.733543919
784.5857098	-4.6482
785.3049961	-4.639056081
792.0898471	-4.56590386
794.8147412	-4.538472105
799.5940588	-4.471416023
804.3245607	-4.370832047
807.0981961	-4.309872105
813.8343059	-4.163567953
815.721	-4.130040058
823.344051	-4.03250386
824.3438039	-4.026408012
832.8507451	-4.014216023
832.9666078	-4.014216023
841.5894117	-3.974591988
842.3635412	-3.974591988
850.2182432	-3.928872105
851.8703098	-3.919727895
858.8410471	-3.825240058
861.3800549	-3.800856081
867.463851	-3.73989614
870.886749	-3.703319884
876.0866549	-3.65150386
880.3995451	-3.596640058
884.7094588	-3.57835193
889.9062393	-3.480816023
893.3321883	-3.51129614
899.4160588	-3.624072105
901.9580432	-3.624072105
908.9227529	-3.617975965
910.5808471	-3.596640058
918.435549	-3.5814
919.203651	-3.57530386
927.8264549	-3.560064093
927.9452941	-3.560064093
936.4492588	-3.58749614
937.4519883	-3.5814
945.0719883	-3.6576
946.9618078	-3.648456081
953.6947922	-3.697224035
956.4715529	-3.718559942
961.7658902	-3.745991988
965.981298	-3.73075193
969.8340117	-3.593591988
973.985349	-3.450335907
975.4879922	-3.401567953
976.5669961	-3.34975193
983.3000549	-3.035808012
985.0007883	-2.944367953
990.0299883	-2.59689614
994.5075568	-2.334767953
996.7630471	-2.142744064
1004.017302	-1.560575965
1005.519945	-1.441704006
1013.523996	-0.576071996
1014.279894	-0.262128004
1023.036792	4.364735907
1028.209239	4.553711872
1033.381761	4.65124807
1038.554208	4.401311872
1043.726655	4.410456081
1048.899102	4.511040058
1054.068498	4.532375965
1059.240945	4.706111872
1061.307498	4.767072105
1064.413392	4.818888128
1069.585839	4.919471814
1074.758361	4.888992279
1079.930808	5.050535907
1085.103255	5.650992279
1090.275702	5.87349614
1095.445098	5.730239767
1097.133702	5.724144209
1099.578204	5.71804807
1100.617545	5.72109614
1105.789992	6.01370386
1110.962439	6.763512163
1116.134961	7.479792279
1121.307408	7.656576256
1126.479855	7.562087837
1131.652302	6.879335907
1136.821698	6.537960233
1137.861039	6.595871814
1141.994145	6.650735907
1147.166592	6.565392279
1152.339039	6.498335907
1157.511561	6.986016023
1162.684008	7.363967953
1167.856455	7.239
1173.028902	7.150607721
1176.131745	7.110983977
1178.198298	7.062216023
1183.370745	6.754367953
1188.543192	6.373367953
1193.715639	5.989319884
1198.888161	5.931407721
1204.060608	6.108192279
1209.233055	6.656832047
1214.405502	7.30910386
	
