 Elev(m)    dbdxp(-)    dbdxc(-)      I2p     I2c
  -16.1299992       0.00000000       0.00000000       0.00000000       0.00000000    
  -15.5900002      -6.43588677E-02  -6.21422753E-02  -4.69174422E-03  -4.53015510E-03
  -15.0400000      -6.23993464E-02  -6.54541180E-02  -2.34896615E-02  -2.30600126E-02
  -14.5000000     -0.100612260      -8.50216895E-02  -6.32379800E-02  -6.16935045E-02
  -13.9499998     -0.181826428     -0.162217289     -0.136415720     -0.130238935    
  -13.4099998     -0.265987098     -0.207215235     -0.261872560     -0.242821023    
  -12.8599997     -0.373149574     -0.207307369     -0.469495773     -0.415136963    
  -12.3199997     -0.296675861     -0.273126334     -0.769614220     -0.650111437    
  -11.7700005     -0.269416034     -0.270842493      -1.16629243     -0.964764297    
  -11.2299995     -0.279825062     -0.250479698      -1.63781750      -1.35207772    
  -10.6800003     -0.254317462     -0.234685734      -2.19779301      -1.82063913    
  -10.1400003     -0.283795029     -0.243181154      -2.82646322      -2.35152960    
  -9.59000015     -0.234662518     -0.318987608      -3.54452586      -2.96871543    
  -9.05000019     -0.236992270     -0.307405412      -4.32239866      -3.66207027    
  -8.50000000     -0.172223434     -0.330311000      -5.17952919      -4.46126461    
  -7.96000004     -0.149963111     -0.322786778      -6.07493639      -5.34087324    
  -7.40999985       2.87684202E-02 -0.468589306      -7.01968336      -6.34295464    
  -6.86999989       6.51768371E-02 -0.434381664      -7.94939995      -7.45138311    
  -6.32000017       9.26434845E-02 -0.372905225      -8.87785244      -8.70623398    
  -5.78000021       8.63203257E-02 -0.315598041      -9.76466370      -10.0483818    
  -5.23000002       3.61063369E-02 -0.269135177      -10.6456842      -11.5091343    
  -4.69000006      -4.49097455E-02 -0.122332886      -11.5022411      -13.0152664    
  -4.13999987      -7.07697794E-02  0.157980502      -12.3837471      -14.5757589    
  -3.59999990      -6.38693720E-02  0.174726129      -13.2676268      -16.0809784    
  -3.04999995      -4.67776991E-02  0.207314864      -14.1859379      -17.5615158    
  -2.50999999      -2.88239159E-02  0.197605982      -15.1012764      -18.9572601    
  -1.96000004      -1.35284048E-02  0.183844075      -16.0422668      -20.3209801    
  -1.41999996       2.47610291E-03  0.169479996      -16.9700966      -21.6058331    
 -0.870000005       2.03654747E-02  0.149115607      -17.9142647      -22.8650188    
 -0.330000013       6.30501583E-02  0.106050290      -18.8334904      -24.0590630    
  0.219999999       7.20031410E-02   9.36849937E-02  -19.7536983      -25.2417107    
  0.769999981       7.41588771E-02   8.34133253E-02  -20.6530437      -26.3963490    
   1.30999994       7.04898387E-02   7.30317384E-02  -21.5146408      -27.5054436    
   1.86000001       7.63359740E-02   6.31494671E-02  -22.3707504      -28.6135330    
   2.40000010       7.37442672E-02   6.15888126E-02  -23.1894569      -29.6822739    
   2.95000005       7.01554790E-02   5.06465808E-02  -24.0016880      -30.7533627    
   3.49000001       7.09368810E-02   6.00719750E-02  -24.7781868      -31.7885761    
   4.03999996       8.12451392E-02   7.68039227E-02  -25.5474949      -32.8247604    
   4.57999992      0.119617589       5.09203710E-02  -26.2768764      -33.8226318    
   5.13000011      0.125934899       5.42123094E-02  -26.9869499      -34.8218384    
   5.67000008      0.133753523       7.21920729E-02  -27.6469574      -35.7858582    
   6.21999979       9.68808532E-02   9.70022976E-02  -28.2830906      -36.7460098    
   6.76000023      -4.52022925E-02  0.101514228      -28.8867722      -37.6616745    
   7.30999994      -1.94506366E-02  -1.44793680E-02  -29.5025082      -38.5732079    
   7.84999990      0.131943226      -5.68087846E-02  -30.1036472      -39.4669075    
   8.39999962      0.139050692       7.26240501E-02  -30.6878090      -40.3812981    
   8.93999958      0.142291605      0.143234566      -31.2207279      -41.2621536    
   9.48999977      0.143343106      0.142185524      -31.7218018      -42.1224861    
   10.0299997      0.136425018      0.140863150      -32.1721687      -42.9253540    
   10.5799999      0.143739104      0.134637460      -32.5896797      -43.7019920    
   11.1199999      0.167089835      0.130420387      -32.9561462      -44.4247398    
   11.6700001      0.167089835      0.159132227      -33.2819595      -45.1200790    
   12.2100000      0.167089835      0.167089522      -33.5526810      -45.7575035    
   12.7600002      0.167089835      0.167089522      -33.7792397      -46.3581467    
   13.3000002      0.167089835      0.167089522      -33.9525146      -46.8987045    
   13.8500004      0.167089835      0.167089522      -34.0798225      -47.4001007    
   14.3900003      0.167089835      0.167089522      -34.1556511      -47.8432121    
   14.9399996      0.167089835      0.167089522      -34.1837082      -48.2453537    
   15.4799995      0.167089835      0.167089522      -34.1620903      -48.5910187    
   16.0300007      0.167089835      0.167089522      -34.0908966      -48.8939133    
   16.5699997      0.167089835      0.167089522      -33.9718285      -49.1421318    
   17.1200008      0.167089835      0.167089522      -33.8013840      -49.3457718    
   17.6599998      0.167089835      0.167089522      -33.5848732      -49.4965439    
   18.2099991      0.167089835      0.167089522      -33.3151779      -49.6009331    
   18.7500000      0.167089835      0.167089522      -33.0012169      -49.6542587    
   19.2999992      0.167089835      0.167089522      -32.6322708      -49.6593971    
   19.8400002      0.167089835      0.167089522      -32.2208672      -49.6152763    
   20.3899994      0.167089835      0.167089522      -31.7526684      -49.5211678    
   20.9300003      0.167089835      0.167089522      -31.2438164      -49.3796005    
   21.4799995      0.167089835      0.167089522      -30.6763668      -49.1862373    
   22.0200005      0.167089835      0.167089522      -30.0700665      -48.9472237    
   22.5699997      0.167089835      0.167089522      -29.4033680      -48.6546097    
   23.1100006      0.167089835      0.167089522      -28.6996212      -48.3181496    
   23.6599998      0.167089835      0.167089522      -27.9336700      -47.9262848    
   24.2000008      0.167089835      0.167089522      -27.1324768      -47.4923782    
   24.7500000      0.167089835      0.167089522      -26.2672749      -47.0012627    
   25.2900009      0.167089835      0.167089522      -25.3686352      -46.4699097    
   25.8400002      0.167089835      0.167089522      -24.4041824      -45.8795433    
   26.3899994      0.167089835      0.167089522      -23.3901043      -45.2395515    
   26.9300003      0.167089835      0.167089522      -22.3452950      -44.5620270    
   27.4799995      0.167089835      0.167089522      -21.2319641      -43.8227844    
   28.0200005      0.167089835      0.167089522      -20.0897083      -43.0478134    
   28.5699997      0.167089835      0.167089522      -18.8771286      -42.2093201    
   29.1100006      0.167089835      0.167089522      -17.6374245      -41.3369026    
   29.6599998      0.167089835      0.167089522      -16.3255920      -40.3991585    
   30.2000008      0.167089835      0.167089522      -14.9884424      -39.4292984    
   30.7500000      0.167089835      0.167089522      -13.5773602      -38.3923035    
   31.2900009      0.167089835      0.167089522      -12.1427631      -37.3249931    
   31.8400002      0.167089835      0.167089522      -10.6324291      -36.1887474    
   32.3800011      0.167089835      0.167089522      -9.10038471      -35.0239906    
   32.9300003      0.167089835      0.167089522      -7.49080038      -33.7884941    
   33.4700012      0.167089835      0.167089522      -5.86131001      -32.5262909    
   34.0200005      0.167089835      0.167089522      -4.15247393      -31.1915417    
   34.5600014      0.167089835      0.167089522      -2.42553663      -29.8318920    
   35.1100006      0.167089835      0.167089522     -0.617449999      -28.3978939    
   35.6500015      0.167089835      0.167089522       1.20693421      -26.9407978    
   36.2000008      0.167089835      0.167089522       3.11427212      -25.4075489    
   36.7400017      0.167089835      0.167089522       5.03610277      -23.8530064    
   37.2900009      0.167089835      0.167089522       7.04269171      -22.2205048    
   37.8300018      0.167089835      0.167089522       9.06196976      -20.5685158    
   38.3800011      0.167089835      0.167089522       11.1678095      -18.8367653    
