 Elev(m)    Area(m2)     Peri(m)      Radi(m)   Conv(m3/s)    topWidth(m)    newI1(m3)    dPdA(1/m)
   -28.75        0.00        0.00         NaN                 NaN               0.000           0.000             NaN
   -28.04       11.41       27.87        0.41             251.843              27.825           4.098           2.441
   -27.32       44.86       72.54        0.62            1302.464              72.463          24.300           1.336
   -26.60      110.58      106.38        1.04            4538.825             106.272          80.102           0.515
   -25.88      194.08      126.05        1.54           10352.070             125.879         189.475           0.235
   -25.16      291.27      144.61        2.01           18581.227             144.391         363.713           0.191
   -24.45      401.10      162.00        2.48           29362.609             161.715         612.266           0.158
   -23.73      523.39      179.36        2.92           42752.199             178.998         944.151           0.142
   -23.01      664.75      214.19        3.10           56574.590             213.771        1370.686           0.246
   -22.29      824.73      231.11        3.57           77037.305             230.603        1905.399           0.106
   -21.57      995.36      245.12        4.06          101338.414             244.529        2558.799           0.082
   -20.86     1176.45      261.44        4.50          128262.523             260.770        3338.466           0.090
   -20.14     1370.61      280.94        4.88          157703.812             280.194        4252.847           0.100
   -19.42     1578.90      301.31        5.24          190535.172             300.489        5311.702           0.098
   -18.70     1802.66      324.81        5.55          226028.391             323.924        6525.659           0.105
   -17.99     2046.52      354.29        5.78          263539.969             353.339        7907.489           0.121
   -17.27     2308.97      377.52        6.12          308886.312             376.503        9471.080           0.089
   -16.55     2585.21      393.36        6.57          362819.625             392.264       11228.055           0.057
   -15.83     2873.43      412.83        6.96          419002.031             411.643       13187.673           0.068
   -15.11     3178.68      438.30        7.25          476380.125             437.033       15360.336           0.083
   -14.40     3497.17      450.91        7.76          548104.562             449.528       17756.920           0.040
   -13.68     3824.57      464.04        8.24          624209.500             462.546       20385.379           0.040
   -12.96     4161.47      477.46        8.72          704986.562             475.857       23252.318           0.040
   -12.24     4508.75      493.92        9.13          787738.875             492.209       26364.871           0.047
   -11.52     4868.90      512.58        9.50          873512.812             510.760       29731.385           0.052
   -10.81     5241.18      528.34        9.92          967912.000             526.400       33360.832           0.042
   -10.09     5624.52      542.60       10.37         1069584.500             540.542       37261.551           0.037
    -9.37     6016.85      554.53       10.85         1179579.125             552.311       41440.730           0.030
    -8.65     6417.36      565.40       11.35         1296438.625             563.024       45904.527           0.027
    -7.93     6825.27      575.53       11.86         1419753.500             573.001       50658.539           0.025
    -7.22     7240.02      584.22       12.39         1550866.000             581.521       55707.887           0.021
    -6.50     7659.81      590.73       12.97         1691072.000             587.840       61056.828           0.016
    -5.78     8084.20      597.43       13.53         1836249.500             594.347       66708.820           0.016
    -5.06     8513.28      604.15       14.09         1986669.250             600.886       72667.211           0.016
    -4.34     8947.04      610.79       14.65         2142556.750             607.340       78935.352           0.015
    -3.63     9385.42      617.51       15.20         2303491.000             613.889       85516.586           0.015
    -2.91     9828.57      624.33       15.74         2469444.500             620.546       92414.281           0.015
    -2.19    10277.01      632.56       16.25         2636972.750             628.617       99632.055           0.018
    -1.47    10731.39      642.08       16.71         2806052.250             638.002      107173.930           0.021
    -0.75    11194.06      655.14       17.09         2970400.500             650.979      115045.031           0.028
    -0.04    11666.34      668.91       17.44         3138396.000             664.652      123251.766           0.029
     0.68    12150.47      689.17       17.63         3292297.000             684.853      131801.844           0.042
     1.40    12647.49      703.30       17.98         3472466.500             698.914      140704.141           0.028
     2.12    13153.90      716.42       18.36         3661901.750             711.942      149966.672           0.026
     2.84    13669.49      727.83       18.78         3863318.500             723.255      159596.094           0.022
     3.55    14192.05      737.38       19.25         4076991.000             732.698      169598.203           0.018
     4.27    14726.71      768.85       19.15         4217049.500             764.065      179979.844           0.059
     4.99    15320.54      907.92       16.87         4031666.500             902.956      190766.609           0.234
     5.71    16059.74     1128.80       14.23         3771767.750            1123.717      202031.922           0.299
     6.43    16887.49     1180.61       14.30         3980434.500            1175.426      213859.766           0.063
     7.14    17747.08     1207.31       14.70         4259821.000            1202.058      226293.344           0.031
     7.86    18610.14     1207.31       15.41         4610655.500            1202.058      239345.359           0.000
     8.58    19473.21     1207.31       16.13         4972509.000            1202.058      253017.031           0.000
     9.30    20336.27     1207.31       16.84         5345215.500            1202.058      267308.375           0.000
    10.02    21199.33     1207.31       17.56         5728620.000            1202.058      282219.375           0.000
    10.73    22062.39     1207.31       18.27         6122575.500            1202.058      297750.062           0.000
    11.45    22925.45     1207.31       18.99         6526942.000            1202.058      313900.406           0.000
    12.17    23788.51     1207.31       19.70         6941586.500            1202.058      330670.375           0.000
    12.89    24651.58     1207.31       20.42         7366384.000            1202.058      348060.062           0.000
    13.61    25514.64     1207.31       21.13         7801214.500            1202.058      366069.406           0.000
    14.32    26377.70     1207.31       21.85         8245963.500            1202.058      384698.438           0.000
    15.04    27240.76     1207.31       22.56         8700522.000            1202.058      403947.094          -0.000
    15.76    28103.82     1207.31       23.28         9164784.000            1202.058      423815.438           0.000
    16.48    28966.89     1207.31       23.99         9638650.000            1202.058      444303.438           0.000
    17.20    29829.95     1207.31       24.71        10122022.000            1202.058      465411.125           0.000
    17.91    30693.01     1207.31       25.42        10614813.000            1202.058      487138.469          -0.000
    18.63    31556.07     1207.31       26.14        11116927.000            1202.058      509485.500           0.000
    19.35    32419.13     1207.31       26.85        11628282.000            1202.058      532452.188           0.000
    20.07    33282.20     1207.31       27.57        12148792.000            1202.058      556038.562           0.000
    20.79    34145.26     1207.31       28.28        12678383.000            1202.058      580244.562          -0.000
    21.50    35008.32     1207.31       29.00        13216972.000            1202.058      605070.188           0.000
    22.22    35871.38     1207.31       29.71        13764485.000            1202.058      630515.500           0.000
    22.94    36734.44     1207.31       30.43        14320853.000            1202.058      656580.562           0.000
    23.66    37597.50     1207.31       31.14        14886008.000            1202.058      683265.250          -0.000
    24.38    38460.57     1207.31       31.86        15459876.000            1202.058      710569.562           0.000
    25.09    39323.63     1207.31       32.57        16042394.000            1202.058      738493.625           0.000
    25.81    40186.69     1207.31       33.29        16633498.000            1202.058      767037.312           0.000
    26.53    41049.75     1207.31       34.00        17233128.000            1202.058      796200.688          -0.000
    27.25    41912.82     1207.31       34.72        17841222.000            1202.058      825983.688           0.000
    27.97    42775.88     1207.31       35.43        18457722.000            1202.058      856386.375           0.000
    28.68    43638.94     1207.31       36.15        19082570.000            1202.058      887408.750           0.000
    29.40    44502.00     1207.31       36.86        19715710.000            1202.058      919050.688          -0.000
    30.12    45365.06     1207.31       37.58        20357090.000            1202.058      951312.375           0.000
    30.84    46228.12     1207.31       38.29        21006660.000            1202.058      984193.750           0.000
    31.56    47091.19     1207.31       39.00        21664362.000            1202.058     1017694.750           0.000
    32.27    47954.25     1207.31       39.72        22330154.000            1202.058     1051815.500          -0.000
    32.99    48817.31     1207.31       40.43        23003978.000            1202.058     1086555.750           0.000
    33.71    49680.37     1207.31       41.15        23685792.000            1202.058     1121915.750           0.000
    34.43    50543.43     1207.31       41.86        24375550.000            1202.058     1157895.500           0.000
    35.15    51406.50     1207.31       42.58        25073208.000            1202.058     1194494.875          -0.000
    35.86    52269.56     1207.31       43.29        25778716.000            1202.058     1231713.875           0.000
    36.58    53132.62     1207.31       44.01        26492030.000            1202.058     1269552.625           0.000
    37.30    53995.68     1207.31       44.72        27213114.000            1202.058     1308010.875           0.000
    38.02    54858.74     1207.31       45.44        27941922.000            1202.058     1347089.000          -0.000
    38.74    55721.80     1207.31       46.15        28678416.000            1202.058     1386786.625           0.000
    39.45    56584.87     1207.31       46.87        29422552.000            1202.058     1427104.000           0.000
    40.17    57447.93     1207.31       47.58        30174296.000            1202.058     1468041.125           0.000
    40.89    58310.99     1207.31       48.30        30933608.000            1202.058     1509597.750          -0.000
    41.61    59174.05     1207.31       49.01        31700450.000            1202.058     1551774.125           0.000
    42.33    60037.12     1207.31       49.73        32474782.000            1202.058     1594570.250           0.000
    43.04    60900.18     1207.31       50.44        33256570.000            1202.058     1637985.875           0.000
