 Elev(m)    dbdxp(-)    dbdxc(-)      I2p     I2c
  -35.1599998       0.00000000       0.00000000       0.00000000       0.00000000    
  -34.3400002       6.53293496E-03   1.34780153E-03   1.09818554E-03   2.26565273E-04
  -33.5200005       1.08912112E-02  -8.49900674E-03   6.22355333E-03  -5.22420916E-04
  -32.7000008       5.32377744E-03  -1.06031336E-02   1.70036554E-02  -5.68459136E-03
  -31.8799992      -2.32598372E-02  -1.08114816E-02   2.74944771E-02  -1.76576432E-02
  -31.0699997     -0.229297310      -2.34584194E-02  -7.57577596E-03  -3.88013162E-02
  -30.2500000     -0.214443266      -3.38767283E-02 -0.159602419      -7.55337104E-02
  -29.4300003     -0.191592842      -4.88331914E-02 -0.454476416     -0.135807648    
  -28.6100006     -0.164154023      -6.55028373E-02 -0.877406061     -0.229204997    
  -27.7900009     -0.173902065      -4.03489880E-02  -1.41696382     -0.359615892    
  -26.9699993     -0.201422304      -1.83639079E-02  -2.07644224     -0.517690420    
  -26.1499996     -0.230070949      -2.30022445E-02  -2.87154508     -0.692587912    
  -25.3299999     -0.255425692      -2.84877978E-02  -3.82079387     -0.883094549    
  -24.5200005     -0.297099084      -7.30449799E-03  -4.93196201      -1.08584440    
  -23.7000008     -0.286674619      0.134099662      -6.24671412      -1.27572560    
  -22.8799992     -0.244612917      0.116898365      -7.74891043      -1.40210021    
  -22.0599995     -0.178531453       6.94716424E-02  -9.41154385      -1.45495284    
  -21.2399998     -0.149422869       4.63326350E-02  -11.2004366      -1.45701003    
  -20.4200001     -0.141124845       4.49068435E-02  -13.0932999      -1.42426324    
  -19.6000004     -0.133551121       4.56824712E-02  -15.0811768      -1.36095107    
  -18.7800007     -0.114157349       4.47822064E-02  -17.1568661      -1.26720369    
  -17.9699993      -9.76837650E-02   5.42034619E-02  -19.2839890      -1.14293826    
  -17.1499996      -8.50910544E-02   7.59434029E-02  -21.5032635     -0.978827119    
  -16.3299999      -6.59290105E-02   7.75617808E-02  -23.7786503     -0.767034173    
  -15.5100002      -5.44311330E-02   8.13387930E-02  -26.0996552     -0.502725840    
  -14.6899996      -4.48695160E-02   8.51565227E-02  -28.4575882     -0.183718145    
  -13.8699999      -3.35327759E-02   8.53590369E-02  -30.8453884      0.191940695    
  -13.0500002      -2.38076262E-02   8.52393657E-02  -33.2560081      0.624940753    
  -12.2399998      -8.61450937E-03   7.73771405E-02  -35.6522026       1.10832441    
  -11.4200001       6.76680496E-03   7.40215480E-02  -38.0836754       1.65012372    
  -10.6000004       2.05581300E-02   7.77186155E-02  -40.5108604       2.24288058    
  -9.77999973       2.91999504E-02   7.69726112E-02  -42.9250946       2.88714933    
  -8.96000004       3.77336852E-02   8.03522095E-02  -45.3197060       3.58386731    
  -8.14000034       4.58910279E-02   8.37735161E-02  -47.6890106       4.33462095    
  -7.32000017       5.37161678E-02   8.34769011E-02  -50.0275154       5.14107943    
  -6.50000000       5.99499978E-02   8.56346264E-02  -52.3301697       6.00408030    
  -5.69000006       8.23957250E-02   6.91350549E-02  -54.5619392       6.91065407    
  -4.86999989       9.84108150E-02   5.98748513E-02  -56.7672348       7.87580299    
  -4.05000019      0.111291610       5.34496792E-02  -58.9068832       8.88168716    
  -3.23000002      0.119827665       5.28587736E-02  -60.9724350       9.92449284    
  -2.41000009      0.120909177       5.91162704E-02  -62.9586639       11.0039911    
  -1.59000003      0.119550087       6.74570128E-02  -64.8640060       12.1235895    
 -0.769999981      0.108832642       7.29517937E-02  -66.6905365       13.2880678    
   5.00000007E-02   9.26788449E-02   7.60632455E-02  -68.4447937       14.5011978    
  0.860000014       8.48581716E-02   8.65360498E-02  -70.1143646       15.7516108    
   1.67999995     -0.368982047      0.105680302      -71.8228226       17.0767689    
   2.50000000      -6.41798750E-02 -0.211021125      -73.6518631       18.4165287    
   3.31999993     -0.108530067     -0.139126509      -75.5827484       19.6797218    
   4.13999987     -0.139324471     -0.142335951      -77.5843277       20.8367424    
   4.96000004     -0.141851306     -0.141573235      -79.6748428       21.8987236    
   5.78000021     -0.141236231     -0.142544836      -81.8602066       22.8652191    
   6.59000015     -0.142553121     -0.142544836      -84.1136322       23.7248268    
   7.40999985     -0.142553121     -0.142544836      -86.4899216       24.4997902    
   8.22999954     -0.142553121     -0.142544836      -88.9620590       25.1789074    
   9.05000019     -0.142553121     -0.142544836      -91.5300522       25.7621784    
   9.86999989     -0.142553121     -0.142544836      -94.1939011       26.2496014    
   10.6899996     -0.142553121     -0.142544836      -96.9535980       26.6411781    
   11.5100002     -0.142553121     -0.142544836      -99.8091507       26.9369068    
   12.3299999     -0.142553121     -0.142544836      -102.760551       27.1367893    
   13.1400003     -0.142553121     -0.142544836      -105.771233       27.2389698    
   13.9600000     -0.142553121     -0.142544836      -108.914345       27.2471581    
   14.7799997     -0.142553121     -0.142544836      -112.153305       27.1594982    
   15.6000004     -0.142553121     -0.142544836      -115.488121       26.9759922    
   16.4200001     -0.142553121     -0.142544836      -118.918785       26.6966381    
   17.2399998     -0.142553121     -0.142544836      -122.445305       26.3214378    
   18.0599995     -0.142553121     -0.142544836      -126.067680       25.8503895    
   18.8799992     -0.142553121     -0.142544836      -129.785904       25.2834949    
   19.6900005     -0.142553121     -0.142544836      -133.554062       24.6282501    
   20.5100002     -0.142553121     -0.142544836      -137.463989       23.8696613    
   21.3299999     -0.142553121     -0.142544836      -141.469772       23.0152245    
   22.1499996     -0.142553121     -0.142544836      -145.571411       22.0649414    
   22.9699993     -0.142553121     -0.142544836      -149.768890       21.0188122    
   23.7900009     -0.142553121     -0.142544836      -154.062241       19.8768330    
   24.6100006     -0.142553121     -0.142544836      -158.451431       18.6390076    
   25.4200001     -0.142553121     -0.142544836      -162.882370       17.3210163    
   26.2399998     -0.142553121     -0.142544836      -167.463272       15.8914976    
   27.0599995     -0.142553121     -0.142544836      -172.140015       14.3661327    
   27.8799992     -0.142553121     -0.142544836      -176.912628       12.7449198    
   28.7000008     -0.142553121     -0.142544836      -181.781082       11.0278559    
   29.5200005     -0.142553121     -0.142544836      -186.745392       9.21494961    
   30.3400002     -0.142553121     -0.142544836      -191.805557       7.30619574    
   31.1599998     -0.142553121     -0.142544836      -196.961578       5.30159473    
   31.9699993     -0.142553121     -0.142544836      -202.149979       3.22617793    
   32.7900009     -0.142553121     -0.142544836      -207.497711       1.02987790    
   33.6100006     -0.142553121     -0.142544836      -212.941284      -1.26226425    
   34.4300003     -0.142553121     -0.142544836      -218.480698      -3.65025353    
   35.2500000     -0.142553121     -0.142544836      -224.115982      -6.13408995    
   36.0699997     -0.142553121     -0.142544836      -229.847107      -8.71377277    
   36.8899994     -0.142553121     -0.142544836      -235.674088      -11.3893032    
   37.7000008     -0.142553121     -0.142544836      -241.525299      -14.1274738    
   38.5200005     -0.142553121     -0.142544836      -247.543976      -16.9946995    
   39.3400002     -0.142553121     -0.142544836      -253.658524      -19.9577694    
   40.1599998     -0.142553121     -0.142544836      -259.868927      -23.0166893    
   40.9799995     -0.142553121     -0.142544836      -266.175171      -26.1714554    
   41.7999992     -0.142553121     -0.142544836      -272.577271      -29.4220676    
   42.6199989     -0.142553121     -0.142544836      -279.075195      -32.7685280    
   43.4399986     -0.142553121     -0.142544836      -285.669006      -36.2108345    
   44.2500000     -0.142553121     -0.142544836      -292.277679      -39.7064323    
   45.0699997     -0.142553121     -0.142544836      -299.063202      -43.3404350    
   45.8899994     -0.142553121     -0.142544836      -305.944550      -47.0702820    
   46.7099991     -0.142553121     -0.142544836      -312.921783      -50.8959770    
