126.91	RS=126.91  
0	7.174992279
9.095232047	8.406383977
18.19351158	7.653528186
27.28874363	6.031992279
36.38397684	5.303519884
45.48225637	4.986528186
54.44642549	4.7244
54.57748726	4.72135193
63.67271814	1.456944064
72.771	-20.22043088
81.86623088	-19.94306409
90.96146177	-19.80285637
100.0597436	-19.9644
109.1549745	-20.65934363
118.2502054	-20.79650502
127.3484873	-20.49475135
136.4437181	-20.50389498
145.538949	-20.64410502
154.6372309	-20.82088726
163.7324618	-21.68347181
172.827702	-22.45461544
181.9259745	-23.05812047
191.0212147	-24.41143088
200.1164363	-25.7556
209.2147274	-26.19755907
218.309949	-26.47187953
227.4051892	-26.00858456
236.5034618	-25.66720772
245.598702	-24.92044865
254.6969745	-24.21940772
263.7922147	-23.85974363
272.8874363	-23.5458
281.9857274	-23.14346409
291.080949	-22.81123088
300.1761892	-22.58872819
309.2744618	-22.32050502
318.369702	-22.29916912
327.4649235	-22.14676912
336.5631961	-21.87244865
345.6584549	-21.35124093
354.7536765	-20.29358456
363.851949	-19.10791158
372.9471706	-18.97075251
382.0424294	-18.61108842
391.140702	-18.14474363
400.2359235	-17.55647953
409.3311451	-16.54149614
418.4294549	-15.39849614
427.5246765	-14.42618456
436.619898	-13.68856795
445.7181706	-13.00886409
454.8134294	-12.26515251
463.908651	-11.72565637
473.0069235	-11.09167181
482.1021451	-10.54912819
491.2004549	-10.33881544
500.2956765	-10.22603977
509.390898	-10.17422433
518.4891706	-10.12240772
527.5844294	-10.03096795
536.679651	-9.97610386
545.7779235	-9.902952512
554.8731451	-9.936479535
563.9684039	-10.05230386
573.0666765	-10.11326409
582.161898	-10.14679228
591.2571196	-10.09802433
600.3554294	-10.06754363
609.450651	-10.07059228
618.5458726	-10.06449614
627.6441451	-10.07668842
636.7394039	-10.0584
645.8345883	-10.00658456
654.932898	-9.973056372
664.0281568	-9.869424326
673.1233412	-9.726167953
682.221651	-9.44270386
691.3169098	-8.99464807
700.4120941	-8.22655193
709.5104039	-7.263383977
718.6055883	-5.952744209
727.703898	-4.434840058
736.7991568	-3.6576
745.8943412	-2.127504006
754.992651	-1.633728041
764.0879098	-1.103375965
773.1830941	-0.786383977
782.2814039	-0.798575965
791.3765883	-0.911352003
800.4718471	-0.743712017
806.1442078	0.536447997
809.5701568	1.310640058
818.6653412	5.071871814
827.7606	5.879592279
836.8589098	5.958839767
845.9540941	5.4864
855.0493529	5.379719884
864.1475883	5.4864
873.2428471	6.806183977
882.3381059	8.433816023
891.4363412	7.598664093
	
