   0.00000000       42.9130478    
   0.00000000       11.1983528    
   7.17194414       11.1099606    
   9.85113621       10.9880400    
   14.3408394       10.2077522    
   19.6992226       9.13790417    
   21.5127850       8.87577629    
   28.6816788       7.79983187    
   29.5473137       7.70229626    
   35.8536224       7.27557611    
   39.3984451       7.07745600    
   43.0225182       6.82751989    
   49.2465401       6.49223995    
   50.1944618       6.47395182    
   57.3664093       6.17220020    
   59.0976715       6.09904814    
   64.5353012       6.11428785    
   68.9488068       6.09600019    
   71.7042007       6.26973581    
   78.7938538       6.75131989    
   78.8761444       6.75436783    
   79.4400253       6.78484821    
   86.0480881       7.16279984    
   88.6449814       7.36091995    
   93.2200317       7.46455193    
   98.4961166       7.44626427    
   100.388924       7.40663958    
   107.560875       7.30910397    
   108.344208       7.29996014    
   114.729767       7.17499208    
   118.195343       7.09879208    
   121.901711       7.05611992    
   128.046478       6.94639206    
   129.070602       6.88848019    
   136.242554       6.46480751    
   137.894562       6.34288788    
   143.414490       5.48030376    
   147.742661       4.93471193    
   150.586441       5.00481606    
   157.593781       5.19683981    
   157.755341       5.21512842    
   165.104065       5.92531204    
   167.444931       6.15391207    
   172.449753       6.06856775    
   174.830246       6.05942392    
   177.293015       6.05028009    
   179.795425       6.01980019    
   187.141098       5.94055176    
   196.150986       5.44068003    
   196.245468       5.43153572    
   205.157837       4.05993605    
   205.343765       4.02945614    
   214.164673       2.01472807    
   214.445084       1.95681608    
   223.174561      -3.04799993E-03
   223.546417      -7.62000009E-02
   232.181396      -1.70992804    
   232.644699      -1.79222405    
   241.188232      -3.20344806    
   241.746033      -3.29184008    
   250.195068      -4.61162424    
   250.847351      -4.70915985    
   259.204956      -5.91311979    
   259.945648      -6.01065588    
   268.211823      -6.97382355    
   269.046967      -7.06221581    
   277.218658      -7.73277617    
   278.148285      -7.79983187    
   286.225494      -8.16559219    
   287.283142      -8.20521641    
   295.235382      -8.26312828    
   296.421051      -8.26922417    
   304.242218      -8.17778397    
   305.555908      -8.16559219    
   313.249054      -8.06805611    
   314.693787      -8.05281639    
   322.258942      -7.98880768    
   323.828674      -7.97661591    
   331.265778      -7.93089628    
   332.963531      -7.92175198    
   340.272614      -7.85774422    
   342.098389      -7.84250402    
   349.279480      -7.76630402    
   351.233215      -7.74496794    
   358.289337      -7.70229626    
   360.371124      -7.70229626    
   367.296204      -7.73887205    
   369.506012      -7.74801588    
   376.303009      -7.84555197    
   378.643890      -7.88517618    
   385.312927      -8.06196022    
   387.778748      -8.13206387    
   394.319733      -8.38504791    
   396.916656      -8.48563194    
   403.326599      -8.79652786    
   406.051483      -8.93673611    
   412.333466      -9.31163979    
   415.186371      -9.47623158    
   421.340271      -9.89685631    
   424.321228      -10.0797358    
   430.347137      -10.3967285    
   433.456085      -10.5521755    
   439.353943      -10.7441998    
   442.593964      -10.8234472    
   448.363861      -10.8569756    
   451.731903      -10.8783112    
   457.370697      -10.8051605    
   460.866760      -10.7624884    
   466.377533      -10.7228642    
   470.001587      -10.7015285    
   475.387421      -10.7289600    
   479.136444      -10.7563925    
   484.394257      -10.8356400    
   488.274353      -10.8874559    
   493.401093      -11.0032797    
   497.409241      -11.0886240    
   502.407928      -11.1953039    
   506.544067      -11.2745523    
   511.417816      -11.3141756    
   515.678894      -11.3507528    
   520.424683      -11.3324642    
   524.813782      -11.3202715    
   529.431519      -11.2867432    
   533.954712      -11.2684565    
   538.441406      -11.2715034    
   543.089600      -11.2989359    
   547.448242      -11.3720884    
   552.224426      -11.4665756    
   556.455078      -11.5519209    
   561.359314      -11.6372643    
   565.464966      -11.6921282    
   570.497192      -11.7469921    
   574.471802      -11.8323355    
   579.632080      -11.9542561    
   583.478638      -12.0639849    
   588.766907      -12.2377205    
   592.485474      -12.3383036    
   597.901794      -12.4937525    
   601.495361      -12.5943356    
   607.036621      -12.7558794    
   610.502197      -12.8808479    
   616.177551      -13.0728722    
   619.509033      -13.1886959    
   625.312439      -13.3929119    
   628.515930      -13.4995918    
   634.447327      -13.6916151    
   637.522766      -13.7617207    
   643.582153      -13.8653526    
   646.529541      -13.8744965    
   652.720032      -13.8562078    
   655.539429      -13.8562078    
   661.854919      -13.8744965    
   664.546326      -13.9202156    
   670.989746      -14.0726156    
   673.553162      -14.1701527    
   680.124573      -14.4505682    
   682.559998      -14.5877285    
   689.259521      -14.9504395    
   691.569824      -15.0388317    
   698.400452      -15.2430477    
   700.576721      -15.2735281    
   707.535278      -15.3741112    
   709.583557      -15.3863039    
   716.670166      -15.4594564    
   718.593445      -15.4746962    
   725.804993      -15.5447998    
   727.600220      -15.5691843    
   734.939819      -15.7093925    
   736.607117      -15.7520638    
   744.077759      -15.9989529    
   745.617004      -16.0721035    
   753.212585      -16.4439602    
   754.623840      -16.5232086    
   762.347412      -16.9560242    
   763.630737      -17.0291748    
   771.482361      -17.4802799    
   772.640564      -17.5473366    
   780.623291      -18.0472069    
   781.647400      -18.0868320    
   789.758179      -18.4312572    
   790.654236      -18.4647846    
   798.893005      -18.7604389    
   799.664185      -18.7848244    
   808.027832      -19.0439034    
   808.671021      -19.0621929    
   817.162720      -19.2877445    
   817.677795      -19.2968884    
   826.300598      -19.3883286    
   826.684631      -19.3913765    
   835.435425      -19.4645290    
   835.694580      -19.4645290    
   844.570312      -19.4828148    
   844.701416      -19.4828148    
   853.708191      -19.5163441    
   862.812622      -19.4645290    
   871.913940      -19.2938404    
   881.018311      -18.9463673    
   890.122681      -18.5044079    
   899.223999      -17.9039516    
   908.328430      -17.1297607    
   917.432739      -15.8221684    
   926.537170      -14.0512791    
   935.638428      -12.5760479    
   944.745911      -11.6646957    
   953.847168      -11.4421921    
   962.951599      -11.2105436    
   972.052917      -10.5521755    
   981.157288      -9.32383251    
   990.261658      -7.20242357    
   999.366028      -4.33730364    
   1008.46741      -1.20700800    
   1017.57178       1.99034405    
   1026.67615       2.51155186    
   1035.78052       3.68808007    
   1044.88184       7.22985601    
   1053.19983       7.76020765    
   1056.66846       7.74801588    
   1057.63159       7.74496794    
   1061.51477       7.54379988    
   1069.82971       7.77544785    
   1070.38440       7.73582363    
   1078.14160       7.09879208    
   1078.56836       7.03783226    
   1083.13123       6.40384817    
   1086.45959       5.94055176    
   1094.77454       5.67842388    
   1095.88098       5.63575172    
   1103.08643       5.28523207    
   1108.63074       5.54736042    
   1111.40137       5.72109604    
   1119.71936       6.43432808    
   1121.38062       6.39470387    
   1128.03430       6.27583218    
   1134.12720       6.15696001    
   1136.34619       6.13562393    
   1144.66113       6.15391207    
   1146.88013       6.08380795    
   1152.97607       5.85825586    
   1159.62683       5.03834438    
   1161.29102       4.84631968    
   1169.60596       4.82193613    
   1172.37659       4.86765623    
   1177.92090       4.88289595    
   1185.12939       5.13283205    
   1186.23596       5.16940784    
   1194.55078       5.66928005    
   1197.87622       5.68147182    
   1202.86572       5.77900791    
   1210.62598       6.12343216    
   1211.18066       6.16000795    
   1219.49561       6.83971214    
   1223.37573       7.55294418    
   1227.81055       8.39114380    
   1236.12561       10.5369358    
   1236.12561       42.9130478    
