   889.071899      -22.3091660    
   928.571716      -22.3091660    
 NaN NaN
   868.962891      -21.6303158    
   936.371765      -21.6303158    
 NaN NaN
   852.290039      -20.9514637    
   941.855103      -20.9514637    
 NaN NaN
   838.982422      -20.2726135    
   946.625916      -20.2726135    
 NaN NaN
   829.002930      -19.5937634    
   957.119080      -19.5937634    
 NaN NaN
   819.347229      -18.9149132    
   963.326416      -18.9149132    
 NaN NaN
   810.529358      -18.2360630    
   969.716003      -18.2360630    
 NaN NaN
   802.245483      -17.5572128    
   979.091248      -17.5572128    
 NaN NaN
   793.728394      -16.8783607    
   988.744934      -16.8783607    
 NaN NaN
   783.863037      -16.1995106    
   997.136169      -16.1995106    
 NaN NaN
   772.926758      -15.5206604    
   1004.67865      -15.5206604    
 NaN NaN
   761.637390      -14.8418102    
   1009.68164      -14.8418102    
 NaN NaN
   748.376282      -14.1629591    
   1013.62549      -14.1629591    
 NaN NaN
   314.675659      -13.4841089    
   332.472198      -13.4841089    
 NaN NaN
   723.849792      -13.4841089    
   1017.50543      -13.4841089    
 NaN NaN
   285.248566      -12.8052578    
   457.855255      -12.8052578    
 NaN NaN
   481.784546      -12.8052578    
   514.889404      -12.8052578    
 NaN NaN
   593.387085      -12.8052578    
   603.937988      -12.8052578    
 NaN NaN
   688.479187      -12.8052578    
   1020.82654      -12.8052578    
 NaN NaN
   269.705200      -12.1264076    
   1024.14685      -12.1264076    
 NaN NaN
   258.212952      -11.4475574    
   1027.53027      -11.4475574    
 NaN NaN
   249.602844      -10.7687063    
   1031.57788      -10.7687063    
 NaN NaN
   243.809509      -10.0898561    
   1035.40845      -10.0898561    
 NaN NaN
   239.930817      -9.41100502    
   1038.75732      -9.41100502    
 NaN NaN
   236.194168      -8.73215485    
   1042.04712      -8.73215485    
 NaN NaN
   233.382278      -8.05330467    
   1045.34229      -8.05330467    
 NaN NaN
   230.716797      -7.37445402    
   1048.63782      -7.37445402    
 NaN NaN
   228.051331      -6.69560337    
   1051.93909      -6.69560337    
 NaN NaN
   225.373611      -6.01675272    
   1055.25488      -6.01675272    
 NaN NaN
   222.580246      -5.33790207    
   1058.14856      -5.33790207    
 NaN NaN
   219.786896      -4.65905190    
   1060.87341      -4.65905190    
 NaN NaN
   216.960068      -3.98020124    
   1063.76794      -3.98020124    
 NaN NaN
   214.401840      -3.30135059    
   1066.66248      -3.30135059    
 NaN NaN
   211.843613      -2.62250018    
   1070.72168      -2.62250018    
 NaN NaN
   209.285858      -1.94364965    
   1074.70178      -1.94364965    
 NaN NaN
   206.879974      -1.26479912    
   1079.22559      -1.26479912    
 NaN NaN
   204.538376     -0.585948586    
   1084.31360     -0.585948586    
 NaN NaN
   202.196777       9.29019451E-02
   1089.96252       9.29019451E-02
 NaN NaN
   199.838791      0.771752477    
   1097.20935      0.771752477    
 NaN NaN
   197.006454       1.45060301    
   1109.64758       1.45060301    
 NaN NaN
   194.115387       2.12945366    
   1121.05505       2.12945366    
 NaN NaN
   191.224335       2.80830407    
   1130.19324       2.80830407    
 NaN NaN
   188.307831       3.48715448    
   1139.37646       3.48715448    
 NaN NaN
   185.299088       4.16600513    
   1151.91870       4.16600513    
 NaN NaN
   182.290359       4.84485579    
   1216.43079       4.84485579    
 NaN NaN
   178.066742       5.52370644    
   1221.51489       5.52370644    
 NaN NaN
   173.534927       6.20255661    
   1226.80164       6.20255661    
 NaN NaN
   99.9529800       6.88140726    
   108.486694       6.88140726    
 NaN NaN
   135.340042       6.88140726    
   1234.65784       6.88140726    
 NaN NaN
   1259.56519       6.88140726    
   1261.92981       6.88140726    
 NaN NaN
   88.9238663       7.56025791    
   1286.31396       7.56025791    
 NaN NaN
   19.3429565       8.23910809    
   53.8185883       8.23910809    
 NaN NaN
   63.8599701       8.23910809    
   1290.49158       8.23910809    
 NaN NaN
   15.7924137       8.91795921    
   1294.43298       8.91795921    
 NaN NaN
   12.9255257       9.59680939    
   1297.82654       9.59680939    
 NaN NaN
   10.0586376       10.2756596    
   1303.07617       10.2756596    
 NaN NaN
   2.14274241E-05   10.9545107    
   1307.92126       10.9545107    
 NaN NaN
   0.00000000       11.6333609    
   1307.92126       11.6333609    
 NaN NaN
   0.00000000       12.3122120    
   1307.92126       12.3122120    
 NaN NaN
   0.00000000       12.9910622    
   1307.92126       12.9910622    
 NaN NaN
   0.00000000       13.6699123    
   1307.92126       13.6699123    
 NaN NaN
   0.00000000       14.3487635    
   1307.92126       14.3487635    
 NaN NaN
   0.00000000       15.0276136    
   1307.92126       15.0276136    
 NaN NaN
   0.00000000       15.7064638    
   1307.92126       15.7064638    
 NaN NaN
   0.00000000       16.3853149    
   1307.92126       16.3853149    
 NaN NaN
   0.00000000       17.0641651    
   1307.92126       17.0641651    
 NaN NaN
   0.00000000       17.7430153    
   1307.92126       17.7430153    
 NaN NaN
   0.00000000       18.4218655    
   1307.92126       18.4218655    
 NaN NaN
   0.00000000       19.1007175    
   1307.92126       19.1007175    
 NaN NaN
   0.00000000       19.7795677    
   1307.92126       19.7795677    
 NaN NaN
   0.00000000       20.4584179    
   1307.92126       20.4584179    
 NaN NaN
   0.00000000       21.1372681    
   1307.92126       21.1372681    
 NaN NaN
   0.00000000       21.8161182    
   1307.92126       21.8161182    
 NaN NaN
   0.00000000       22.4949703    
   1307.92126       22.4949703    
 NaN NaN
   0.00000000       23.1738205    
   1307.92126       23.1738205    
 NaN NaN
   0.00000000       23.8526707    
   1307.92126       23.8526707    
 NaN NaN
   0.00000000       24.5315208    
   1307.92126       24.5315208    
 NaN NaN
   0.00000000       25.2103710    
   1307.92126       25.2103710    
 NaN NaN
   0.00000000       25.8892212    
   1307.92126       25.8892212    
 NaN NaN
   0.00000000       26.5680733    
   1307.92126       26.5680733    
 NaN NaN
   0.00000000       27.2469234    
   1307.92126       27.2469234    
 NaN NaN
   0.00000000       27.9257736    
   1307.92126       27.9257736    
 NaN NaN
   0.00000000       28.6046238    
   1307.92126       28.6046238    
 NaN NaN
   0.00000000       29.2834740    
   1307.92126       29.2834740    
 NaN NaN
   0.00000000       29.9623260    
   1307.92126       29.9623260    
 NaN NaN
   0.00000000       30.6411762    
   1307.92126       30.6411762    
 NaN NaN
   0.00000000       31.3200264    
   1307.92126       31.3200264    
 NaN NaN
   0.00000000       31.9988766    
   1307.92126       31.9988766    
 NaN NaN
   0.00000000       32.6777267    
   1307.92126       32.6777267    
 NaN NaN
   0.00000000       33.3565788    
   1307.92126       33.3565788    
 NaN NaN
   0.00000000       34.0354271    
   1307.92126       34.0354271    
 NaN NaN
   0.00000000       34.7142792    
   1307.92126       34.7142792    
 NaN NaN
   0.00000000       35.3931313    
   1307.92126       35.3931313    
 NaN NaN
   0.00000000       36.0719795    
   1307.92126       36.0719795    
 NaN NaN
   0.00000000       36.7508316    
   1307.92126       36.7508316    
 NaN NaN
   0.00000000       37.4296799    
   1307.92126       37.4296799    
 NaN NaN
   0.00000000       38.1085320    
   1307.92126       38.1085320    
 NaN NaN
   0.00000000       38.7873840    
   1307.92126       38.7873840    
 NaN NaN
   0.00000000       39.4662323    
   1307.92126       39.4662323    
 NaN NaN
   0.00000000       40.1450844    
   1307.92126       40.1450844    
 NaN NaN
   0.00000000       40.8239326    
   1307.92126       40.8239326    
 NaN NaN
   0.00000000       41.5027847    
   1307.92126       41.5027847    
 NaN NaN
   0.00000000       42.1816330    
   1307.92126       42.1816330    
 NaN NaN
   0.00000000       42.8604851    
   1307.92126       42.8604851    
 NaN NaN
   0.00000000       43.5393372    
   1307.92126       43.5393372    
 NaN NaN
   0.00000000       44.2181854    
   1307.92126       44.2181854    
 NaN NaN
   0.00000000       44.8970375    
   1307.92126       44.8970375    
 NaN NaN
