   850.299194      -30.5548573    
   875.453674      -30.5548573    
 NaN NaN
   841.579285      -29.7854214    
   887.771912      -29.7854214    
 NaN NaN
   834.136719      -29.0159836    
   925.492310      -29.0159836    
 NaN NaN
   826.855042      -28.2465477    
   948.271545      -28.2465477    
 NaN NaN
   818.671387      -27.4771099    
   957.428284      -27.4771099    
 NaN NaN
   809.176025      -26.7076721    
   964.706543      -26.7076721    
 NaN NaN
   797.219604      -25.9382362    
   969.891663      -25.9382362    
 NaN NaN
   777.364807      -25.1687984    
   974.982056      -25.1687984    
 NaN NaN
   748.436157      -24.3993607    
   979.750488      -24.3993607    
 NaN NaN
   737.430603      -23.6299248    
   984.621033      -23.6299248    
 NaN NaN
   726.363953      -22.8604870    
   989.081299      -22.8604870    
 NaN NaN
   714.177917      -22.0910492    
   993.231506      -22.0910492    
 NaN NaN
   699.974060      -21.3216133    
   998.372864      -21.3216133    
 NaN NaN
   683.694885      -20.5521755    
   1004.29187      -20.5521755    
 NaN NaN
   664.708130      -19.7827396    
   1009.21594      -19.7827396    
 NaN NaN
   648.905579      -19.0133018    
   1013.66296      -19.0133018    
 NaN NaN
   635.724792      -18.2438641    
   1017.04681      -18.2438641    
 NaN NaN
   626.680725      -17.4744282    
   1019.97595      -17.4744282    
 NaN NaN
   616.444031      -16.7049904    
   1022.65088      -16.7049904    
 NaN NaN
   606.732178      -15.9355536    
   1025.32581      -15.9355536    
 NaN NaN
   596.579834      -15.1661167    
   1027.95654      -15.1661167    
 NaN NaN
   589.404480      -14.3966789    
   1030.48059      -14.3966789    
 NaN NaN
   582.348145      -13.6272421    
   1033.00098      -13.6272421    
 NaN NaN
   574.608704      -12.8578053    
   1035.52136      -12.8578053    
 NaN NaN
   566.206421      -12.0883684    
   1037.92102      -12.0883684    
 NaN NaN
   555.998657      -11.3189316    
   1040.01477      -11.3189316    
 NaN NaN
   545.138245      -10.5494938    
   1042.10864      -10.5494938    
 NaN NaN
   535.981384      -9.78005695    
   1044.20239      -9.78005695    
 NaN NaN
   527.693604      -9.01062012    
   1046.21118      -9.01062012    
 NaN NaN
   519.660645      -8.24118233    
   1048.04211      -8.24118233    
 NaN NaN
   511.731720      -7.47174549    
   1049.87305      -7.47174549    
 NaN NaN
   504.088928      -6.70230865    
   1051.70398      -6.70230865    
 NaN NaN
   497.036591      -5.93287182    
   1053.53491      -5.93287182    
 NaN NaN
   490.391022      -5.16343451    
   1055.57288      -5.16343451    
 NaN NaN
   485.794525      -4.39399719    
   1057.70532      -4.39399719    
 NaN NaN
   481.409210      -3.62456036    
   1059.83459      -3.62456036    
 NaN NaN
   476.974213      -2.85512328    
   1061.96375      -2.85512328    
 NaN NaN
   472.586273      -2.08568621    
   1064.59583      -2.08568621    
 NaN NaN
   468.302155      -1.31624913    
   1067.84875      -1.31624913    
 NaN NaN
   464.059540     -0.546812057    
   1071.27161     -0.546812057    
 NaN NaN
   458.770020      0.222625017    
   1075.89258      0.222625017    
 NaN NaN
   452.469055      0.992062092    
   1081.10205      0.992062092    
 NaN NaN
   442.146271       1.76149917    
   1085.72583       1.76149917    
 NaN NaN
   426.788879       2.53093624    
   1090.64355       2.53093624    
 NaN NaN
   0.00000000       3.30037332    
   13.5283546       3.30037332    
 NaN NaN
   401.910370       3.30037332    
   1095.27368       3.30037332    
 NaN NaN
   0.00000000       4.06981039    
   18.9598866       4.06981039    
 NaN NaN
   31.6873112       4.06981039    
   67.5157166       4.06981039    
 NaN NaN
   379.141449       4.06981039    
   1100.65076       4.06981039    
 NaN NaN
   1131.68652       4.06981039    
   1142.69897       4.06981039    
 NaN NaN
   0.00000000       4.83924770    
   78.9128113       4.83924770    
 NaN NaN
   84.1128235       4.83924770    
   84.5875778       4.83924770    
 NaN NaN
   367.826569       4.83924770    
   1109.70874       4.83924770    
 NaN NaN
   1121.47546       4.83924770    
   1163.20410       4.83924770    
 NaN NaN
   1226.87683       4.83924770    
   1260.13953       4.83924770    
 NaN NaN
   0.00000000       5.60868454    
   153.684479       5.60868454    
 NaN NaN
   286.195953       5.60868454    
   314.951630       5.60868454    
 NaN NaN
   358.589752       5.60868454    
   1270.43652       5.60868454    
 NaN NaN
   0.00000000       6.37812138    
   224.492950       6.37812138    
 NaN NaN
   238.670731       6.37812138    
   1274.61804       6.37812138    
 NaN NaN
   0.00000000       7.14755869    
   1278.74268       7.14755869    
 NaN NaN
   0.00000000       7.91699600    
   1278.74268       7.91699600    
 NaN NaN
   0.00000000       8.68643284    
   1278.74268       8.68643284    
 NaN NaN
   0.00000000       9.45586967    
   1278.74268       9.45586967    
 NaN NaN
   0.00000000       10.2253075    
   1278.74268       10.2253075    
 NaN NaN
   0.00000000       10.9947443    
   1278.74268       10.9947443    
 NaN NaN
   0.00000000       11.7641811    
   1278.74268       11.7641811    
 NaN NaN
   0.00000000       12.5336180    
   1278.74268       12.5336180    
 NaN NaN
   0.00000000       13.3030548    
   1278.74268       13.3030548    
 NaN NaN
   0.00000000       14.0724926    
   1278.74268       14.0724926    
 NaN NaN
   0.00000000       14.8419294    
   1278.74268       14.8419294    
 NaN NaN
   0.00000000       15.6113663    
   1278.74268       15.6113663    
 NaN NaN
   0.00000000       16.3808041    
   1278.74268       16.3808041    
 NaN NaN
   0.00000000       17.1502399    
   1278.74268       17.1502399    
 NaN NaN
   0.00000000       17.9196777    
   1278.74268       17.9196777    
 NaN NaN
   0.00000000       18.6891155    
   1278.74268       18.6891155    
 NaN NaN
   0.00000000       19.4585514    
   1278.74268       19.4585514    
 NaN NaN
   0.00000000       20.2279892    
   1278.74268       20.2279892    
 NaN NaN
   0.00000000       20.9974251    
   1278.74268       20.9974251    
 NaN NaN
   0.00000000       21.7668629    
   1278.74268       21.7668629    
 NaN NaN
   0.00000000       22.5363007    
   1278.74268       22.5363007    
 NaN NaN
   0.00000000       23.3057365    
   1278.74268       23.3057365    
 NaN NaN
   0.00000000       24.0751743    
   1278.74268       24.0751743    
 NaN NaN
   0.00000000       24.8446121    
   1278.74268       24.8446121    
 NaN NaN
   0.00000000       25.6140480    
   1278.74268       25.6140480    
 NaN NaN
   0.00000000       26.3834858    
   1278.74268       26.3834858    
 NaN NaN
   0.00000000       27.1529236    
   1278.74268       27.1529236    
 NaN NaN
   0.00000000       27.9223595    
   1278.74268       27.9223595    
 NaN NaN
   0.00000000       28.6917973    
   1278.74268       28.6917973    
 NaN NaN
   0.00000000       29.4612331    
   1278.74268       29.4612331    
 NaN NaN
   0.00000000       30.2306709    
   1278.74268       30.2306709    
 NaN NaN
   0.00000000       31.0001087    
   1278.74268       31.0001087    
 NaN NaN
   0.00000000       31.7695446    
   1278.74268       31.7695446    
 NaN NaN
   0.00000000       32.5389824    
   1278.74268       32.5389824    
 NaN NaN
   0.00000000       33.3084183    
   1278.74268       33.3084183    
 NaN NaN
   0.00000000       34.0778580    
   1278.74268       34.0778580    
 NaN NaN
   0.00000000       34.8472939    
   1278.74268       34.8472939    
 NaN NaN
   0.00000000       35.6167297    
   1278.74268       35.6167297    
 NaN NaN
   0.00000000       36.3861694    
   1278.74268       36.3861694    
 NaN NaN
   0.00000000       37.1556053    
   1278.74268       37.1556053    
 NaN NaN
   0.00000000       37.9250412    
   1278.74268       37.9250412    
 NaN NaN
   0.00000000       38.6944771    
   1278.74268       38.6944771    
 NaN NaN
   0.00000000       39.4639168    
   1278.74268       39.4639168    
 NaN NaN
   0.00000000       40.2333527    
   1278.74268       40.2333527    
 NaN NaN
   0.00000000       41.0027885    
   1278.74268       41.0027885    
 NaN NaN
   0.00000000       41.7722282    
   1278.74268       41.7722282    
 NaN NaN
   0.00000000       42.5416641    
   1278.74268       42.5416641    
 NaN NaN
   0.00000000       43.3111000    
   1278.74268       43.3111000    
 NaN NaN
   0.00000000       44.0805397    
   1278.74268       44.0805397    
 NaN NaN
   0.00000000       44.8499756    
   1278.74268       44.8499756    
 NaN NaN
   0.00000000       45.6194115    
   1278.74268       45.6194115    
 NaN NaN
