   815.059326      -24.7946262    
   857.025574      -24.7946262    
 NaN NaN
   806.178345      -24.0317726    
   861.093201      -24.0317726    
 NaN NaN
   797.780029      -23.2689190    
   864.980164      -23.2689190    
 NaN NaN
   784.177795      -22.5060654    
   867.992249      -22.5060654    
 NaN NaN
   765.444275      -21.7432117    
   871.004333      -21.7432117    
 NaN NaN
   753.904480      -20.9803600    
   874.146118      -20.9803600    
 NaN NaN
   745.970215      -20.2175064    
   878.020081      -20.2175064    
 NaN NaN
   739.729431      -19.4546528    
   881.893982      -19.4546528    
 NaN NaN
   732.610779      -18.6917992    
   886.630249      -18.6917992    
 NaN NaN
   724.099426      -17.9289455    
   891.580566      -17.9289455    
 NaN NaN
   713.653259      -17.1660919    
   896.724976      -17.1660919    
 NaN NaN
   696.635498      -16.4032383    
   901.837402      -16.4032383    
 NaN NaN
   660.813477      -15.6403847    
   906.789307      -15.6403847    
 NaN NaN
   639.410156      -14.8775320    
   913.096680      -14.8775320    
 NaN NaN
   622.177246      -14.1146784    
   920.123596      -14.1146784    
 NaN NaN
   612.119873      -13.3518248    
   923.483276      -13.3518248    
 NaN NaN
   578.741760      -12.5889711    
   926.842957      -12.5889711    
 NaN NaN
   564.337219      -11.8261175    
   929.696960      -11.8261175    
 NaN NaN
   555.996521      -11.0632648    
   932.224304      -11.0632648    
 NaN NaN
   541.902954      -10.3004112    
   934.751648      -10.3004112    
 NaN NaN
   517.722534      -9.53755760    
   937.281433      -9.53755760    
 NaN NaN
   483.451019      -8.77470398    
   940.135986      -8.77470398    
 NaN NaN
   468.199005      -8.01185036    
   942.990479      -8.01185036    
 NaN NaN
   435.322784      -7.24899721    
   945.844971      -7.24899721    
 NaN NaN
   413.304810      -6.48614359    
   951.457397      -6.48614359    
 NaN NaN
   398.838226      -5.72329044    
   958.115051      -5.72329044    
 NaN NaN
   384.452972      -4.96043682    
   965.428406      -4.96043682    
 NaN NaN
   374.473663      -4.19758320    
   971.897461      -4.19758320    
 NaN NaN
   364.546997      -3.43473005    
   975.743469      -3.43473005    
 NaN NaN
   352.703125      -2.67187643    
   978.607727      -2.67187643    
 NaN NaN
   339.682037      -1.90902305    
   981.472046      -1.90902305    
 NaN NaN
   329.072235      -1.14616966    
   984.205750      -1.14616966    
 NaN NaN
   320.971558     -0.383316219    
   986.833008     -0.383316219    
 NaN NaN
   314.078033      0.379537225    
   989.460327      0.379537225    
 NaN NaN
   307.454620       1.14239073    
   992.165771       1.14239073    
 NaN NaN
   300.424133       1.90524411    
   995.690796       1.90524411    
 NaN NaN
   291.861938       2.66809750    
   999.215759       2.66809750    
 NaN NaN
   282.330536       3.43095112    
   1007.61951       3.43095112    
 NaN NaN
   266.790161       4.19380426    
   1020.78827       4.19380426    
 NaN NaN
   254.909180       4.95665789    
   1023.26440       4.95665789    
 NaN NaN
   221.344330       5.71951151    
   1025.73535       5.71951151    
 NaN NaN
   129.203430       6.48236465    
   168.439026       6.48236465    
 NaN NaN
   191.632172       6.48236465    
   1028.20630       6.48236465    
 NaN NaN
   112.946190       7.24521828    
   1032.37146       7.24521828    
 NaN NaN
   1072.27539       7.24521828    
   1122.61243       7.24521828    
 NaN NaN
   49.3239937       8.00807190    
   74.7292709       8.00807190    
 NaN NaN
   101.362999       8.00807190    
   1036.57275       8.00807190    
 NaN NaN
   1047.74536       8.00807190    
   1129.37866       8.00807190    
 NaN NaN
   25.9692497       8.77092552    
   1133.18652       8.77092552    
 NaN NaN
   21.4511642       9.53377819    
   1136.99438       9.53377819    
 NaN NaN
   17.4218407       10.2966318    
   1140.44775       10.2966318    
 NaN NaN
   14.6473198       11.0594854    
   1143.85266       11.0594854    
 NaN NaN
   11.8727999       11.8223391    
   1146.55396       11.8223391    
 NaN NaN
   0.00000000       12.5851927    
   9.09827995       12.5851927    
 NaN NaN
   9.09827995       12.5851927    
   1146.55396       12.5851927    
 NaN NaN
   0.00000000       13.3480453    
   1146.55396       13.3480453    
 NaN NaN
   0.00000000       14.1108990    
   1146.55396       14.1108990    
 NaN NaN
   0.00000000       14.8737526    
   1146.55396       14.8737526    
 NaN NaN
   0.00000000       15.6366062    
   1146.55396       15.6366062    
 NaN NaN
   0.00000000       16.3994598    
   1146.55396       16.3994598    
 NaN NaN
   0.00000000       17.1623135    
   1146.55396       17.1623135    
 NaN NaN
   0.00000000       17.9251671    
   1146.55396       17.9251671    
 NaN NaN
   0.00000000       18.6880207    
   1146.55396       18.6880207    
 NaN NaN
   0.00000000       19.4508724    
   1146.55396       19.4508724    
 NaN NaN
   0.00000000       20.2137260    
   1146.55396       20.2137260    
 NaN NaN
   0.00000000       20.9765797    
   1146.55396       20.9765797    
 NaN NaN
   0.00000000       21.7394333    
   1146.55396       21.7394333    
 NaN NaN
   0.00000000       22.5022869    
   1146.55396       22.5022869    
 NaN NaN
   0.00000000       23.2651405    
   1146.55396       23.2651405    
 NaN NaN
   0.00000000       24.0279942    
   1146.55396       24.0279942    
 NaN NaN
   0.00000000       24.7908478    
   1146.55396       24.7908478    
 NaN NaN
   0.00000000       25.5537014    
   1146.55396       25.5537014    
 NaN NaN
   0.00000000       26.3165550    
   1146.55396       26.3165550    
 NaN NaN
   0.00000000       27.0794086    
   1146.55396       27.0794086    
 NaN NaN
   0.00000000       27.8422604    
   1146.55396       27.8422604    
 NaN NaN
   0.00000000       28.6051140    
   1146.55396       28.6051140    
 NaN NaN
   0.00000000       29.3679676    
   1146.55396       29.3679676    
 NaN NaN
   0.00000000       30.1308212    
   1146.55396       30.1308212    
 NaN NaN
   0.00000000       30.8936749    
   1146.55396       30.8936749    
 NaN NaN
   0.00000000       31.6565285    
   1146.55396       31.6565285    
 NaN NaN
   0.00000000       32.4193802    
   1146.55396       32.4193802    
 NaN NaN
   0.00000000       33.1822357    
   1146.55396       33.1822357    
 NaN NaN
   0.00000000       33.9450874    
   1146.55396       33.9450874    
 NaN NaN
   0.00000000       34.7079430    
   1146.55396       34.7079430    
 NaN NaN
   0.00000000       35.4707947    
   1146.55396       35.4707947    
 NaN NaN
   0.00000000       36.2336502    
   1146.55396       36.2336502    
 NaN NaN
   0.00000000       36.9965019    
   1146.55396       36.9965019    
 NaN NaN
   0.00000000       37.7593575    
   1146.55396       37.7593575    
 NaN NaN
   0.00000000       38.5222092    
   1146.55396       38.5222092    
 NaN NaN
   0.00000000       39.2850647    
   1146.55396       39.2850647    
 NaN NaN
   0.00000000       40.0479164    
   1146.55396       40.0479164    
 NaN NaN
   0.00000000       40.8107681    
   1146.55396       40.8107681    
 NaN NaN
   0.00000000       41.5736237    
   1146.55396       41.5736237    
 NaN NaN
   0.00000000       42.3364754    
   1146.55396       42.3364754    
 NaN NaN
   0.00000000       43.0993309    
   1146.55396       43.0993309    
 NaN NaN
   0.00000000       43.8621826    
   1146.55396       43.8621826    
 NaN NaN
   0.00000000       44.6250381    
   1146.55396       44.6250381    
 NaN NaN
   0.00000000       45.3878899    
   1146.55396       45.3878899    
 NaN NaN
   0.00000000       46.1507454    
   1146.55396       46.1507454    
 NaN NaN
   0.00000000       46.9135971    
   1146.55396       46.9135971    
 NaN NaN
   0.00000000       47.6764526    
   1146.55396       47.6764526    
 NaN NaN
   0.00000000       48.4393044    
   1146.55396       48.4393044    
 NaN NaN
   0.00000000       49.2021561    
   1146.55396       49.2021561    
 NaN NaN
   0.00000000       49.9650116    
   1146.55396       49.9650116    
 NaN NaN
   0.00000000       50.7278633    
   1146.55396       50.7278633    
 NaN NaN
