 Elev(m)    dbdxp(-)    dbdxc(-)      I2p     I2c
  -17.3899994       0.00000000       0.00000000       0.00000000       0.00000000    
  -16.8199997      -2.23196279E-02  -2.12062243E-02  -1.81290985E-03  -1.72247377E-03
  -16.2399998      -5.46961129E-02  -2.98354253E-02  -1.17579391E-02  -9.37371422E-03
  -15.6599998      -6.61933124E-02  -4.88859415E-02  -3.79972979E-02  -2.77104154E-02
  -15.0799999      -8.74824077E-02  -5.60635142E-02  -8.68827254E-02  -6.11901246E-02
  -14.5000000     -0.318104059      -4.62106913E-02 -0.181632161     -0.111800671    
  -13.9200001     -0.548689902      -6.70153573E-02 -0.380886555     -0.180206701    
  -13.3400002     -0.297290027     -0.378391653     -0.721731246     -0.294310331    
  -12.7600002     -0.164243385     -0.226705700      -1.17118967     -0.495010555    
  -12.1800003       3.53929540E-03   4.49180491E-02  -1.67250478     -0.761349976    
  -11.6000004      0.135334074       3.28063667E-02  -2.17605090      -1.03666008    
  -11.0200005       9.67571661E-02   4.68624867E-02  -2.64906979      -1.29896438    
  -10.4399996      -8.28592852E-03   6.03393912E-02  -3.09539032      -1.54586351    
  -9.85999966      -7.04327300E-02   6.16209991E-02  -3.54066586      -1.77384293    
  -9.27999973     -0.104502901       5.76022938E-02  -4.00676870      -1.98188472    
  -8.69999981     -0.128973886       5.17754555E-02  -4.50654364      -2.17101860    
  -8.11999989     -0.161629379       4.58721966E-02  -5.04955196      -2.34302497    
  -7.53999996     -0.195514500       3.69264930E-02  -5.64600182      -2.50009656    
  -6.96000004     -0.202901855       3.24740522E-02  -6.30484009      -2.64456964    
  -6.38000011     -0.188845918       6.10491596E-02  -7.02899456      -2.77561140    
  -5.80000019     -0.103423238      -3.01043293E-03  -7.80982494      -2.89407611    
  -5.21999979      -9.26837921E-02  -2.36348026E-02  -8.63115692      -3.00982547    
  -4.63999987      -9.03147906E-02  -3.55445445E-02  -9.48384094      -3.13262200    
  -4.05999994      -8.95692408E-02  -4.50347550E-02  -10.3665209      -3.26693892    
  -3.48000002     -0.110432059      -5.25512174E-02  -11.2805700      -3.41595697    
  -2.90000010     -0.124085911      -6.43687099E-02  -12.2304821      -3.58267641    
  -2.31999993     -0.110110171      -7.89874941E-02  -13.2191353      -3.77086997    
  -1.74000001      -9.72996950E-02  -8.62169638E-02  -14.2443247      -3.98453474    
  -1.15999997      -8.49959552E-02  -7.84064829E-02  -15.3017588      -4.22546101    
 -0.579999983      -7.76434913E-02  -6.64289519E-02  -16.3877296      -4.49199200    
  -0.00000000      -7.43404850E-02  -6.57082200E-02  -17.4997196      -4.78143263    
  0.569999993      -6.70951977E-02  -7.09220320E-02  -18.6165829      -5.08789873    
   1.14999998      -2.11107936E-02 -0.116140746      -19.7718945      -5.42622805    
   1.73000002      -1.53864576E-02 -0.120306186      -20.9375877      -5.79949045    
   2.30999994      -1.54164881E-02 -0.121266633      -22.1088505      -6.21225357    
   2.89000010      -5.29126637E-02 -0.124953024      -23.2882538      -6.66532612    
   3.47000003      -8.10950324E-02 -0.142369330      -24.4842854      -7.16081285    
   4.05000019      -7.00007975E-02 -0.145779520      -25.7038574      -7.70217943    
   4.63000011      -2.08827779E-02 -0.159617871      -26.9435139      -8.29257774    
   5.21000004      -2.78691179E-03 -0.129659548      -28.1927338      -8.93214989    
   5.78999996      -5.59953833E-03  -2.10264567E-02  -29.4446259      -9.60828114    
   6.36999989      -8.05929676E-02  -4.19511320E-03  -30.7042236      -10.2991304    
   6.94999981     -0.168130010     -0.137374535      -31.9912701      -11.0035992    
   7.53000021      -9.52272192E-02 -0.114834867      -33.3206215      -11.7404575    
   8.10999966      -6.21198304E-02  -7.33264610E-02  -34.6848907      -12.5138016    
   8.68999958      -2.60320362E-02  -6.84751719E-02  -36.0695496      -13.3144836    
   9.27000046      -2.66801231E-02  -2.83273105E-02  -37.4659081      -14.1349525    
   9.85000038      -2.75831986E-02  -2.58781072E-02  -38.8711014      -14.9679613    
   10.4300003      -2.62920614E-02  -2.91127805E-02  -40.2852325      -15.8099937    
   11.0100002      -2.24592946E-02  -2.81485654E-02  -41.7078514      -16.6613007    
   11.5900002      -7.83133414E-03  -2.38619205E-02  -43.1370316      -17.5216465    
   12.1700001      -7.83133414E-03  -7.82809686E-03  -44.5700302      -18.3889389    
   12.7500000      -7.83133414E-03  -7.82809686E-03  -46.0056152      -19.2601681    
   13.3299999      -7.83133414E-03  -7.82809686E-03  -47.4437943      -20.1339836    
   13.9099998      -7.83133414E-03  -7.82809686E-03  -48.8845596      -21.0103893    
   14.4899998      -7.83133414E-03  -7.82809686E-03  -50.3279152      -21.8893814    
   15.0699997      -7.83133414E-03  -7.82809686E-03  -51.7738571      -22.7709618    
   15.6499996      -7.83133414E-03  -7.82809686E-03  -53.2223892      -23.6551304    
   16.2299995      -7.83133414E-03  -7.82809686E-03  -54.6735115      -24.5418854    
   16.8099995      -7.83133414E-03  -7.82809686E-03  -56.1272240      -25.4312305    
   17.3899994      -7.83133414E-03  -7.82809686E-03  -57.5835228      -26.3231621    
   17.9599991      -7.83133414E-03  -7.82809686E-03  -59.0172806      -27.2022820    
   18.5400009      -7.83133414E-03  -7.82809686E-03  -60.4787636      -28.0993938    
   19.1200008      -7.83133414E-03  -7.82809686E-03  -61.9428291      -28.9990902    
   19.7000008      -7.83133414E-03  -7.82809686E-03  -63.4094849      -29.9013729    
   20.2800007      -7.83133414E-03  -7.82809686E-03  -64.8787308      -30.8062458    
   20.8600006      -7.83133414E-03  -7.82809686E-03  -66.3505630      -31.7137051    
   21.4400005      -7.83133414E-03  -7.82809686E-03  -67.8249893      -32.6237526    
   22.0200005      -7.83133414E-03  -7.82809686E-03  -69.3020020      -33.5363884    
   22.6000004      -7.83133414E-03  -7.82809686E-03  -70.7816010      -34.4516144    
   23.1800003      -7.83133414E-03  -7.82809686E-03  -72.2637863      -35.3694267    
   23.7600002      -7.83133414E-03  -7.82809686E-03  -73.7485657      -36.2898254    
   24.3400002      -7.83133414E-03  -7.82809686E-03  -75.2359390      -37.2128143    
   24.9200001      -7.83133414E-03  -7.82809686E-03  -76.7258911      -38.1383896    
   25.5000000      -7.83133414E-03  -7.82809686E-03  -78.2184372      -39.0665550    
   26.0799999      -7.83133414E-03  -7.82809686E-03  -79.7135773      -39.9973068    
   26.6599998      -7.83133414E-03  -7.82809686E-03  -81.2113037      -40.9306450    
   27.2399998      -7.83133414E-03  -7.82809686E-03  -82.7116165      -41.8665733    
   27.8199997      -7.83133414E-03  -7.82809686E-03  -84.2145157      -42.8050880    
   28.3999996      -7.83133414E-03  -7.82809686E-03  -85.7200089      -43.7461929    
   28.9799995      -7.83133414E-03  -7.82809686E-03  -87.2280884      -44.6898842    
   29.5599995      -7.83133414E-03  -7.82809686E-03  -88.7387619      -45.6361656    
   30.1399994      -7.83133414E-03  -7.82809686E-03  -90.2520142      -46.5850296    
   30.7199993      -7.83133414E-03  -7.82809686E-03  -91.7678680      -47.5364876    
   31.2999992      -7.83133414E-03  -7.82809686E-03  -93.2863007      -48.4905319    
   31.8799992      -7.83133414E-03  -7.82809686E-03  -94.8073273      -49.4471626    
   32.4599991      -7.83133414E-03  -7.82809686E-03  -96.3309402      -50.4063797    
   33.0400009      -7.83133414E-03  -7.82809686E-03  -97.8571472      -51.3681908    
   33.6199989      -7.83133414E-03  -7.82809686E-03  -99.3859406      -52.3325844    
   34.2000008      -7.83133414E-03  -7.82809686E-03  -100.917328      -53.2995720    
   34.7799988      -7.83133414E-03  -7.82809686E-03  -102.451294      -54.2691383    
   35.3499985      -7.83133414E-03  -7.82809686E-03  -103.961380      -55.2245598    
   35.9300003      -7.83133414E-03  -7.82809686E-03  -105.500534      -56.1993103    
   36.5099983      -7.83133414E-03  -7.82809686E-03  -107.042267      -57.1766396    
   37.0900002      -7.83133414E-03  -7.82809686E-03  -108.586601      -58.1565666    
   37.6699982      -7.83133414E-03  -7.82809686E-03  -110.133507      -59.1390762    
   38.2500000      -7.83133414E-03  -7.82809686E-03  -111.683022      -60.1241760    
   38.8300018      -7.83133414E-03  -7.82809686E-03  -113.235123      -61.1118698    
   39.4099998      -7.83133414E-03  -7.82809686E-03  -114.789795      -62.1021385    
   39.9900017      -7.83133414E-03  -7.82809686E-03  -116.347076      -63.0950050    
   40.5699997      -7.83133414E-03  -7.82809686E-03  -117.906929      -64.0904541    
