 Elev(m)    Area(m2)     Peri(m)      Radi(m)   Conv(m3/s)    topWidth(m)    newI1(m3)    dPdA(1/m)
   -15.33        0.00        0.00         NaN                 NaN               0.000           0.000             NaN
   -14.74       17.79       45.31        0.39             381.415              45.286           5.262           2.547
   -14.15       50.12       63.47        0.79            1712.802              63.407          25.353           0.562
   -13.56       92.24       79.02        1.17            4090.703              78.911          67.474           0.369
   -12.97      143.40       94.03        1.52            7599.135              93.877         137.192           0.294
   -12.38      204.21      113.91        1.79           12054.252             113.709         240.037           0.327
   -11.78      294.48      177.44        1.66           16511.193             177.211         387.582           0.704
   -11.19      404.02      192.41        2.10           26499.709             192.126         594.246           0.137
   -10.60      521.54      204.92        2.55           38887.699             204.577         868.090           0.106
   -10.01      645.72      215.61        2.99           53664.691             215.186        1213.448           0.086
    -9.42      776.25      226.66        3.42           70547.461             226.159        1634.166           0.085
    -8.83      936.07      327.79        2.86           75365.500             327.220        2140.790           0.633
    -8.23     1148.76      390.44        2.94           94348.391             389.815        2757.625           0.295
    -7.64     1386.37      414.40        3.35          124045.008             413.706        3507.691           0.101
    -7.05     1640.86      446.54        3.67          156292.859             445.794        4403.354           0.126
    -6.46     1920.94      502.75        3.82          187792.969             501.910        5457.182           0.201
    -5.87     2227.82      539.51        4.13          229365.719             538.530        6684.670           0.120
    -5.27     2583.41      638.41        4.05          262410.562             637.315        8108.166           0.278
    -4.68     2975.80      693.64        4.29          314274.781             692.433        9752.966           0.141
    -4.09     3417.57      838.70        4.07          348753.031             837.385       11644.568           0.328
    -3.50     3986.64     1017.39        3.92          396351.906            1015.955       13835.248           0.314
    -2.91     4592.83     1030.61        4.46          497505.969            1029.080       16373.651           0.022
    -2.32     5204.82     1041.27        5.00          608641.312            1039.650       19272.477           0.017
    -1.72     5823.61     1054.21        5.52          727938.812            1052.510       22535.449           0.021
    -1.13     6451.35     1071.56        6.02          854019.812            1069.779       26167.234           0.028
    -0.54     7088.08     1083.93        6.54          991457.562            1082.065       30173.137           0.019
     0.05     7731.22     1093.65        7.07         1139079.750            1091.701       34557.711           0.015
     0.64     8380.37     1104.72        7.59         1294182.750            1102.689       39324.637           0.017
     1.23     9035.90     1114.42        8.11         1458749.625            1112.293       44477.578           0.015
     1.83     9696.65     1123.49        8.63         1631989.125            1121.272       50019.965           0.014
     2.42    10363.76     1135.34        9.13         1810667.625            1133.039       55955.227           0.018
     3.01    11036.86     1144.31        9.64         2000347.500            1141.920       62287.016           0.013
     3.60    11719.02     1160.90       10.09         2189525.250            1158.388       69019.781           0.024
     4.19    12406.29     1167.04       10.63         2399238.750            1164.409       76157.719           0.009
     4.78    13097.06     1173.29       11.16         2616647.750            1170.546       83703.383           0.009
     5.38    13791.91     1180.81       11.68         2839968.000            1177.957       91659.000           0.011
     5.97    14491.02     1187.31       12.20         3072665.750            1184.334      100027.047           0.009
     6.56    15193.31     1192.70       12.74         3314819.750            1189.588      108809.734           0.008
     7.15    15898.97     1198.67       13.26         3563482.500            1195.437      118008.984           0.008
     7.74    16623.56     1281.95       12.97         3670159.500            1278.522      127631.406           0.115
     8.34    17407.98     1410.18       12.34         3719265.000            1406.449      137700.297           0.163
     8.93    18274.62     1516.09       12.05         3842888.250            1512.124      148257.688           0.122
     9.52    19177.71     1541.35       12.44         4118948.500            1537.264      159338.672           0.028
    10.11    20089.34     1548.49       12.97         4436744.500            1544.288      170956.594           0.008
    10.70    21005.72     1557.25       13.49         4761203.000            1552.957      183115.359           0.010
    11.29    21930.44     1570.59       13.96         5086630.500            1566.222      195818.859           0.014
    11.89    22857.97     1573.09       14.53         5444442.000            1568.651      209070.375           0.003
    12.48    23786.89     1575.49       15.10         5812266.000            1570.976      222871.156           0.003
    13.07    24717.19     1577.89       15.66         6189761.000            1573.301      237222.031           0.003
    13.66    25648.86     1580.29       16.23         6576815.500            1575.626      252123.797           0.003
    14.25    26583.30     1590.34       16.72         6951551.000            1585.640      267577.688           0.011
    14.84    27521.59     1590.34       17.31         7365281.000            1585.640      283585.688           0.000
    15.44    28459.87     1590.34       17.90         7788522.500            1585.640      300148.875           0.000
    16.03    29398.15     1590.34       18.49         8221171.000            1585.640      317267.281           0.000
    16.62    30336.44     1590.34       19.08         8663123.000            1585.640      334940.906           0.000
    17.21    31274.72     1590.34       19.67         9114287.000            1585.640      353169.781           0.000
    17.80    32213.01     1590.34       20.26         9574565.000            1585.640      371953.875           0.000
    18.39    33151.29     1590.34       20.85        10043868.000            1585.640      391293.156           0.000
    18.99    34089.57     1590.34       21.44        10522110.000            1585.640      411187.625           0.000
    19.58    35027.86     1590.34       22.03        11009211.000            1585.640      431637.375           0.000
    20.17    35966.14     1590.34       22.62        11505091.000            1585.640      452642.375           0.000
    20.76    36904.43     1590.34       23.21        12009670.000            1585.640      474202.500           0.000
    21.35    37842.71     1590.34       23.80        12522873.000            1585.640      496317.844           0.000
    21.95    38781.00     1590.34       24.39        13044632.000            1585.640      518988.500           0.000
    22.54    39719.28     1590.34       24.98        13574876.000            1585.640      542214.375          -0.000
    23.13    40657.57     1590.34       25.57        14113537.000            1585.640      565995.375           0.000
    23.72    41595.85     1590.34       26.16        14660548.000            1585.640      590331.625          -0.000
    24.31    42534.13     1590.34       26.75        15215850.000            1585.640      615223.125           0.000
    24.90    43472.42     1590.34       27.34        15779381.000            1585.640      640669.875          -0.000
    25.50    44410.70     1590.34       27.93        16351075.000            1585.640      666671.750           0.000
    26.09    45348.98     1590.34       28.52        16930880.000            1585.640      693228.812          -0.000
    26.68    46287.27     1590.34       29.11        17518742.000            1585.640      720341.250           0.000
    27.27    47225.56     1590.34       29.70        18114600.000            1585.640      748008.875           0.000
    27.86    48163.84     1590.34       30.29        18718402.000            1585.640      776231.625           0.000
    28.45    49102.12     1590.34       30.88        19330098.000            1585.640      805009.625           0.000
    29.05    50040.41     1590.34       31.47        19949638.000            1585.640      834342.875           0.000
    29.64    50978.70     1590.34       32.06        20576970.000            1585.640      864231.375           0.000
    30.23    51916.98     1590.34       32.65        21212046.000            1585.640      894675.000           0.000
    30.82    52855.26     1590.34       33.24        21854820.000            1585.640      925673.875           0.000
    31.41    53793.55     1590.34       33.83        22505252.000            1585.640      957228.000           0.000
    32.00    54731.83     1590.34       34.42        23163288.000            1585.640      989337.438           0.000
    32.60    55670.11     1590.34       35.01        23828884.000            1585.640     1022001.812           0.000
    33.19    56608.40     1590.34       35.60        24502008.000            1585.640     1055221.625           0.000
    33.78    57546.68     1590.34       36.19        25182610.000            1585.640     1088996.625           0.000
    34.37    58484.97     1590.34       36.78        25870650.000            1585.640     1123326.875           0.000
    34.96    59423.25     1590.34       37.37        26566088.000            1585.640     1158212.375          -0.000
    35.56    60361.54     1590.34       37.96        27268882.000            1585.640     1193652.875           0.000
    36.15    61299.82     1590.34       38.55        27979006.000            1585.640     1229648.875          -0.000
    36.74    62238.11     1590.34       39.14        28696404.000            1585.640     1266200.000           0.000
    37.33    63176.39     1590.34       39.73        29421054.000            1585.640     1303306.125          -0.000
    37.92    64114.67     1590.34       40.32        30152914.000            1585.640     1340967.625           0.000
    38.51    65052.96     1590.34       40.91        30891950.000            1585.640     1379184.500          -0.000
    39.11    65991.24     1590.34       41.50        31638126.000            1585.640     1417956.500           0.000
    39.70    66929.53     1590.34       42.09        32391412.000            1585.640     1457283.750           0.000
    40.29    67867.81     1590.34       42.68        33151766.000            1585.640     1497166.000           0.000
    40.88    68806.09     1590.34       43.27        33919160.000            1585.640     1537603.625           0.000
    41.47    69744.38     1590.34       43.86        34693568.000            1585.640     1578596.500           0.000
    42.06    70682.66     1590.34       44.45        35474948.000            1585.640     1620144.375           0.000
    42.66    71620.95     1590.34       45.04        36263272.000            1585.640     1662247.750           0.000
    43.25    72559.23     1590.34       45.63        37058520.000            1585.640     1704906.375           0.000
    43.84    73497.52     1590.34       46.22        37860648.000            1585.640     1748120.125           0.000
