 Elev(m)    dbdxp(-)    dbdxc(-)      I2p     I2c
  -26.2099991       0.00000000       0.00000000       0.00000000       0.00000000    
  -25.5100002       8.76865089E-02  -5.52646182E-02   1.07415626E-02  -6.76989369E-03
  -24.8199997       5.10710627E-02  -2.48074327E-02   4.89155836E-02  -2.99250819E-02
  -24.1200008       5.01732007E-02  -3.12236268E-02  0.116796583      -6.99462369E-02
  -23.4200001       9.03761238E-02  -5.18014245E-02  0.214297414     -0.127001837    
  -22.7299995       4.93143648E-02  -1.81184057E-02  0.344488740     -0.201832786    
  -22.0300007       1.56132597E-02  -2.49628909E-02  0.501384258     -0.291466534    
  -21.3400002       1.19421920E-02  -3.09524592E-02  0.667254329     -0.391871691    
  -20.6399994       8.61721020E-03  -2.76912302E-02  0.841373503     -0.507666230    
  -19.9500008       1.19493911E-02  -1.49836438E-02   1.01800668     -0.634115100    
  -19.2500000       7.26624206E-02  -1.51821328E-02   1.21004808     -0.771244109    
  -18.5599995       4.89706136E-02   8.35364759E-02   1.42446291     -0.901683271    
  -17.8600006      0.100081787       7.00558946E-02   1.67492771      -1.00694549    
  -17.1700001       4.78377752E-02  0.237406328       1.95793307      -1.05449390    
  -16.4699993       3.55892666E-02  0.432674319       2.27311730     -0.983528554    
  -15.7700005       7.03804120E-02  0.635440826       2.61150193     -0.699634850    
  -15.0799999      0.197424278      0.517381549       2.99065495     -0.149601057    
  -14.3800001      0.162471682      0.456742078       3.45172048      0.666907549    
  -13.6899996      0.222275481      0.328043550       3.99678850       1.68551409    
  -12.9899998      0.305292428      0.191246793       4.66083097       2.87723780    
  -12.3000002      0.330441713       9.63314921E-02   5.45696783       4.14986897    
  -11.6000004      0.293279856       5.86084872E-02   6.41779709       5.49464226    
  -10.9099998      0.256755739       5.13535887E-02   7.50759506       6.85238504    
  -10.2100000      0.200698972       4.73771431E-02   8.73562717       8.25517368    
  -9.51000023      0.166281357       4.89060618E-02   10.0646524       9.68185139    
  -8.81999969      0.136110723       5.08196391E-02   11.4560480       11.1119919    
  -8.11999989      0.114109531       4.55605388E-02   12.9347668       12.5867043    
  -7.42999983       9.02978331E-02   4.35833260E-02   14.4476137       14.0629072    
  -6.73000002       6.85873777E-02   5.12707569E-02   16.0265274       15.5828848    
  -6.03999996       5.64104542E-02   6.44233525E-02   17.6173820       17.1067753    
  -5.34000015       5.10434583E-02   8.03640857E-02   19.2595463       18.6844559    
  -4.65000010       4.45661657E-02  0.102453433       20.9029388       20.2794743    
  -3.95000005       3.53652611E-02  0.173159748       22.5914822       21.9534435    
  -3.25999999       3.90577763E-02  0.197264493       24.2746716       23.6821556    
  -2.55999994       4.54800576E-02  0.188922301       26.0015965       25.5279484    
  -1.86000001       5.03565483E-02  0.182221949       27.7506161       27.4665146    
  -1.16999996       5.35518005E-02  0.177088916       29.4989510       29.4662170    
 -0.469999999       4.86240797E-02  0.181099311       31.2976856       31.5821571    
  0.219999999       3.99331450E-02  0.185444251       33.0939102       33.7560234    
  0.920000017       3.64088304E-02  0.174540982       34.9362068       36.0497398    
   1.61000001       5.08113094E-02  0.144103587       36.7720909       38.3931961    
   2.30999994       7.48227909E-02  0.125421792       38.6605034       40.8420944    
   3.00000000       7.23301321E-02  0.180170998       40.5551300       43.3259926    
   3.70000005       7.51524419E-02  0.245986715       42.5130501       45.9349861    
   4.38999987      0.158266217      0.265133381       44.4894028       48.6207771    
   5.09000015      0.257263124      0.144818753       46.5734787       51.4574203    
   5.78999996      0.160979107       3.35829183E-02   48.7596893       54.3661346    
   6.48000002      -5.49623631E-02   4.13750000E-02   50.9781609       57.2640190    
   7.17999983     -0.192884386       3.77104767E-02   53.2112198       60.2226372    
   7.86999989     -0.251731306       1.59209352E-02   55.3279839       63.1551132    
   8.56999969     -0.267078251      -1.86947305E-02   57.3582001       66.1362228    
   9.26000023     -0.267078251      -1.86947305E-02   59.2313309       69.0698242    
   9.96000004     -0.267078251      -1.86947305E-02   61.0016899       72.0368576    
   10.6499996     -0.267078251      -1.86947305E-02   62.6168213       74.9524002    
   11.3500004     -0.267078251      -1.86947305E-02   64.1254425       77.9011078    
   12.0500002     -0.267078251      -1.86947305E-02   65.5031967       80.8406525    
   12.7399998     -0.267078251      -1.86947305E-02   66.7313309       83.7291107    
   13.4399996     -0.267078251      -1.86947305E-02   67.8473511       86.6503372    
   14.1300001     -0.267078251      -1.86947305E-02   68.8174896       89.5207367    
   14.8299999     -0.267078251      -1.86947305E-02   69.6717758       92.4236450    
   15.5200005     -0.267078251      -1.86947305E-02   70.3839188       95.2759857    
   16.2199993     -0.267078251      -1.86947305E-02   70.9764633       98.1605682    
   16.9099998     -0.267078251      -1.86947305E-02   71.4306107       100.994850    
   17.6100006     -0.267078251      -1.86947305E-02   71.7614136       103.861115    
   18.2999992     -0.267078251      -1.86947305E-02   71.9575653       106.677330    
   19.0000000     -0.267078251      -1.86947305E-02   72.0266342       109.525276    
   19.7000008     -0.267078251      -1.86947305E-02   71.9648438       112.364059    
   20.3899994     -0.267078251      -1.86947305E-02   71.7739944       115.153191    
   21.0900002     -0.267078251      -1.86947305E-02   71.4504623       117.973656    
   21.7800007     -0.267078251      -1.86947305E-02   71.0016174       120.744728    
   22.4799995     -0.267078251      -1.86947305E-02   70.4163513       123.546867    
   23.1700001     -0.267078251      -1.86947305E-02   69.7095108       126.299881    
   23.8700008     -0.267078251      -1.86947305E-02   68.8625031       129.083710    
   24.5599995     -0.267078251      -1.86947305E-02   67.8976669       131.818665    
   25.2600002     -0.267078251      -1.86947305E-02   66.7889252       134.584152    
   25.9599991     -0.267078251      -1.86947305E-02   65.5493164       137.340500    
   26.6499996     -0.267078251      -1.86947305E-02   64.1974792       140.048370    
   27.3500004     -0.267078251      -1.86947305E-02   62.6961365       142.786377    
   28.0400009     -0.267078251      -1.86947305E-02   61.0863037       145.476196    
   28.7399998     -0.267078251      -1.86947305E-02   59.3232231       148.195892    
   29.4300003     -0.267078251      -1.86947305E-02   57.4553947       150.867645    
   30.1299992     -0.267078251      -1.86947305E-02   55.4305801       153.569016    
   30.8199997     -0.267078251      -1.86947305E-02   53.3047523       156.222702    
   31.5200005     -0.267078251      -1.86947305E-02   51.0181961       158.905762    
   32.2099991     -0.267078251      -1.86947305E-02   48.6343765       161.541382    
   32.9099998     -0.267078251      -1.86947305E-02   46.0860863       164.206131    
   33.6100006     -0.267078251      -1.86947305E-02   43.4069252       166.861694    
   34.2999992     -0.267078251      -1.86947305E-02   40.6361122       169.470245    
   35.0000000     -0.267078251      -1.86947305E-02   37.6952133       172.107498    
   35.6899986     -0.267078251      -1.86947305E-02   34.6664047       174.697968    
   36.3899994     -0.267078251      -1.86947305E-02   31.4637680       177.316910    
   37.0800018     -0.267078251      -1.86947305E-02   28.1769447       179.889343    
   37.7799988     -0.267078251      -1.86947305E-02   24.7125912       182.489944    
   38.4700012     -0.267078251      -1.86947305E-02   21.1677704       185.044312    
   39.1699982     -0.267078251      -1.86947305E-02   17.4416828       187.626602    
   39.8699989     -0.267078251      -1.86947305E-02   13.5847063       190.199722    
   40.5600014     -0.267078251      -1.86947305E-02   9.65288639       192.727020    
   41.2599983     -0.267078251      -1.86947305E-02   5.53419638       195.281815    
   41.9500008     -0.267078251      -1.86947305E-02   1.34437919       197.791046    
   42.6500015     -0.267078251      -1.86947305E-02  -3.03606987       200.327530    
   43.3400002     -0.267078251      -1.86947305E-02  -7.48386097       202.818680    
