 Elev(m)    dbdxp(-)    dbdxc(-)      I2p     I2c
  -27.4300003       0.00000000       0.00000000       0.00000000       0.00000000    
  -26.6399994      -5.52643696E-03  -9.19692870E-03  -8.62264307E-04  -1.43495412E-03
  -25.8400002      -8.73578619E-03  -8.43826402E-03  -4.83388733E-03  -7.09272129E-03
  -25.0499992      -5.89080667E-03  -4.87342617E-03  -1.32910721E-02  -1.75426658E-02
  -24.2600002      -1.17252101E-04  -2.64277961E-03  -2.49677598E-02  -3.12422588E-02
  -23.4699993      -5.55223814E-05  -5.19169727E-03  -3.76088433E-02  -4.73369807E-02
  -22.6800003      -3.33613274E-03  -1.55241438E-03  -5.08060344E-02  -6.57062903E-02
  -21.8899994       1.35150284E-03  -3.75574012E-03  -6.48420900E-02  -8.59560966E-02
  -21.1000004      -1.23674225E-04  -3.91328614E-03  -7.89961964E-02 -0.108230621    
  -20.3099995      -5.35854371E-03   2.45273625E-03  -9.38141271E-02 -0.131929651    
  -19.5200005       3.21677560E-03   1.62868516E-03 -0.109821558     -0.155219689    
  -18.7299995       1.23648029E-02   1.50625675E-03 -0.123732075     -0.177383855    
  -17.9400005       5.02562383E-03   2.24804436E-03 -0.132498100     -0.198473066    
  -17.1499996       2.62860348E-03   2.62130075E-03 -0.137356535     -0.218216836    
  -16.3500004      -2.83578690E-03   3.07669188E-03 -0.141099438     -0.236552089    
  -15.5600004       4.29788342E-04   4.69979271E-03 -0.145203665     -0.252544701    
  -14.7700005       6.70259353E-03   1.34884808E-02 -0.148570463     -0.264486134    
  -13.9799995      -3.05877859E-03   3.35047618E-02 -0.150255919     -0.266257644    
  -13.1899996      -4.93055955E-03   4.17238362E-02 -0.152619362     -0.248959437    
  -12.3999996       1.51901506E-03   4.42085303E-02 -0.156761646     -0.206516072    
  -11.6099997       2.94630323E-02   8.20097998E-02 -0.156602219     -0.130971834    
  -10.8199997       4.11719643E-02   8.93067122E-02 -0.140587986      -9.00467485E-03
  -10.0299997       5.04180193E-02   7.73294270E-02  -9.92625505E-02  0.165691614    
  -9.23999977       6.45685121E-02   6.87006712E-02  -2.57059839E-02  0.389171690    
  -8.44999981      0.135371685      -2.88699218E-03   9.69870985E-02  0.645704746    
  -7.65999985      0.150358051      -7.25034252E-03  0.295456946      0.910924673    
  -6.86000013      0.147850707      -1.73390489E-02  0.588112414       1.17406344    
  -6.07000017      0.103798121      -1.92760825E-02  0.963482976       1.42431569    
  -5.28000021       5.68119623E-02  -3.01274545E-02   1.40317631       1.66114676    
  -4.48999977       1.64700225E-02  -5.85292242E-02   1.87936294       1.87643719    
  -3.70000005       5.49647957E-03  -1.15410956E-02   2.37041020       2.06696200    
  -2.91000009      -2.81145591E-02   2.27637906E-02   2.86135602       2.24830532    
  -2.11999989      -7.75161162E-02   4.87553105E-02   3.33229208       2.44255829    
  -1.33000004     -0.120312043       8.81249532E-02   3.75588036       2.66932678    
 -0.540000021     -0.143423617      0.130128995       4.10745335       2.95150518    
  0.250000000      -1.67447771E-03   2.94604991E-02   4.39523792       3.29263687    
   1.03999996       1.94815043E-02   8.97317305E-02   4.66316223       3.67726517    
   1.83000004       3.90308835E-02  0.188911676       4.94299412       4.12396622    
   2.63000011       6.72449321E-02  0.289319336       5.25219440       4.69496346    
   3.42000008       7.50152320E-02  0.337280542       5.59651566       5.43213749    
   4.21000004       2.83142254E-02  0.343780667       5.97915459       6.37333918    
   5.00000000      0.420184970      -5.55091538E-02   6.44789267       7.46578121    
   5.78999996      0.539651930     -0.352716327       7.13636684       8.53950787    
   6.57999992       4.93232943E-02 -0.549523711       8.06649399       9.40876770    
   7.36999989       8.83924961E-02 -0.751265049       9.11000443       9.93430042    
   8.15999985       2.50441395E-02 -0.566110253       10.1927004       10.0513334    
   8.94999981      0.127993330     -0.424837947       11.3169727       9.80820942    
   9.73999977       2.94082630E-02 -0.306793183       12.4896812       9.29631996    
   10.5299997     -0.142090559     -0.316200852       13.6693678       8.57307529    
   11.3199997     -0.316871315     -0.326572478       14.7598629       7.65233898    
   12.1199999     -0.325755954     -0.332819849       15.6913795       6.51550722    
   12.9099998     -0.325755954     -0.325766951       16.4080811       5.18596220    
   13.6999998     -0.325755954     -0.325766951       16.9214783       3.65200543    
   14.4899998     -0.325755954     -0.325766951       17.2315693       1.91473734    
   15.2799997     -0.325755954     -0.325766951       17.3383579      -2.58422475E-02
   16.0699997     -0.325755954     -0.325766951       17.2418404      -2.16973329    
   16.8600006     -0.325755954     -0.325766951       16.9420185      -4.51693821    
   17.6499996     -0.325755954     -0.325766951       16.4388943      -7.06744909    
   18.4400005     -0.325755954     -0.325766951       15.7324629      -9.82127762    
   19.2299995     -0.325755954     -0.325766951       14.8227291      -12.7784100    
   20.0200005     -0.325755954     -0.325766951       13.7096882      -15.9388618    
   20.8099995     -0.325755954     -0.325766951       12.3933458      -19.3026180    
   21.6100006     -0.325755954     -0.325766951       10.8557463      -22.9135590    
   22.3999996     -0.325755954     -0.325766951       9.13279438      -26.6839371    
   23.1900005     -0.325755954     -0.325766951       7.20653486      -30.6576347    
   23.9799995     -0.325755954     -0.325766951       5.07697535      -34.8346329    
   24.7700005     -0.325755954     -0.325766951       2.74410629      -39.2149544    
   25.5599995     -0.325755954     -0.325766951      0.207938209      -43.7985764    
   26.3500004     -0.325755954     -0.325766951      -2.53154063      -48.5855217    
   27.1399994     -0.325755954     -0.325766951      -5.47431707      -53.5757675    
   27.9300003     -0.325755954     -0.325766951      -8.62040520      -58.7693329    
   28.7199993     -0.325755954     -0.325766951      -11.9697905      -64.1661987    
   29.5100002     -0.325755954     -0.325766951      -15.5224886      -69.7663956    
   30.2999992     -0.325755954     -0.325766951      -19.2784824      -75.5698776    
   31.1000004     -0.325755954     -0.325766951      -23.2866211      -81.6514435    
   31.8899994     -0.325755954     -0.325766951      -27.4492245      -87.8615570    
   32.6800003     -0.325755954     -0.325766951      -31.8151398      -94.2749939    
   33.4700012     -0.325755954     -0.325766951      -36.3843613      -100.891747    
   34.2599983     -0.325755954     -0.325766951      -41.1568680      -107.711769    
   35.0499992     -0.325755954     -0.325766951      -46.1326981      -114.735146    
   35.8400002     -0.325755954     -0.325766951      -51.3118324      -121.961830    
   36.6300011     -0.325755954     -0.325766951      -56.6942749      -129.391830    
   37.4199982     -0.325755954     -0.325766951      -62.2799911      -137.025101    
   38.2099991     -0.325755954     -0.325766951      -68.0690460      -144.861710    
   39.0000000     -0.325755954     -0.325766951      -74.0614014      -152.901642    
   39.7900009     -0.325755954     -0.325766951      -80.2570572      -161.144882    
   40.5900002     -0.325755954     -0.325766951      -86.7357178      -169.697052    
   41.3800011     -0.325755954     -0.325766951      -93.3379898      -178.346924    
   42.1699982     -0.325755954     -0.325766951      -100.143532      -187.200058    
   42.9599991     -0.325755954     -0.325766951      -107.152412      -196.256546    
   43.7500000     -0.325755954     -0.325766951      -114.364594      -205.516342    
   44.5400009     -0.325755954     -0.325766951      -121.780083      -214.979462    
   45.3300018     -0.325755954     -0.325766951      -129.398880      -224.645874    
   46.1199989     -0.325755954     -0.325766951      -137.220932      -234.515564    
   46.9099998     -0.325755954     -0.325766951      -145.246338      -244.588608    
   47.7000008     -0.325755954     -0.325766951      -153.475052      -254.864975    
   48.4900017     -0.325755954     -0.325766951      -161.907059      -265.344635    
   49.2900009     -0.325755954     -0.325766951      -170.650375      -276.161530    
   50.0800018     -0.325755954     -0.325766951      -179.488998      -287.047821    
   50.8699989     -0.325755954     -0.325766951      -188.530884      -298.137390    
   51.6599998     -0.325755954     -0.325766951      -197.776108      -309.430298    
