	RS=145.19* 
0	8.817864093
7.525512163	8.60450386
9.784079535	8.449055791
15.05102433	7.257287837
19.56815907	6.388607721
22.57958456	6.083807721
29.35224093	5.541264093
30.10509498	5.532119884
37.62755907	5.48335193
39.13327181	5.449823744
45.15307181	5.41324807
48.91735367	5.443728186
52.68163088	5.458967953
58.70143088	5.56869614
60.20714363	5.596128186
67.73265637	5.78510386
68.48551274	5.806439767
70.0217027	5.830823744
75.25816912	5.903976256
78.26654363	5.8674
82.78368186	5.705855791
88.05367646	5.535167953
90.31223628	5.34009614
97.83774902	4.639056081
106.6464765	2.801111872
107.0335691	2.694432047
114.754149	0.963168026
115.4582363	0.78333598
122.4716873	-0.682752003
124.2700054	-1.112520029
130.1892255	-2.535935907
133.0817745	-3.151632047
137.9067637	-4.066032047
141.8935436	-4.907280116
145.6242927	-5.760719884
150.7022618	-6.742176256
153.3418309	-7.254239767
159.5170726	-8.638032047
161.8488	-9.183623744
168.328851	-11.29283977
170.3527274	-12.00302433
177.1375598	-14.03908842
178.8566363	-14.49933591
185.9493382	-15.73377567
187.3605637	-15.95932819
194.764149	-17.66316023
195.8675235	-17.907
203.5728765	-18.96465637
204.371451	-19.08047953
212.3846363	-19.87295907
212.8753598	-19.90344093
221.1964147	-20.52827953
221.3792873	-20.54656912
229.3132402	-22.0218
230.0051235	-22.13152819
237.2471745	-23.33244093
238.8199529	-23.49398456
245.1780765	-24.14625637
247.6317127	-24.51506409
253.1150618	-25.22524865
256.4404402	-25.58795907
261.0490147	-26.02687181
265.2522	-26.32557684
268.979898	-26.56636912
274.0670108	-26.59989498
276.913851	-26.61513591
282.8757382	-26.56636912
284.7746363	-26.54198456
291.687498	-26.74924865
292.6384726	-26.78277684
300.4992765	-27.14853591
308.1162255	-27.08452819
310.2010471	-27.07233591
315.4557961	-27.00832819
319.8998039	-26.95955907
322.7923529	-26.91384093
329.6015745	-26.71267181
330.1288726	-26.69743088
337.4684804	-26.30119228
339.3002941	-26.20670502
344.805	-25.91409498
349.002102	-25.71292819
353.107749	-25.50566409
358.7038726	-25.35631274
361.4166	-25.27401544
368.4026294	-24.84424865
369.719349	-24.75280772
378.022098	-23.9268
378.101349	-23.91765637
386.327898	-22.81427953
387.8061706	-22.62835135
394.633698	-21.80539228
397.5049274	-21.56155135
402.939498	-21.12873591
407.2036471	-20.79650502
411.2422471	-20.4978
416.9024039	-20.22652819
419.5449961	-20.1168
426.6072255	-19.93087181
427.8538471	-19.89734363
436.1565961	-19.72970502
436.3059451	-19.72360772
444.4623961	-19.35784749
446.004702	-19.2786
452.7651451	-18.93112819
455.7064726	-18.80616023
461.2111784	-18.55927181
465.4082804	-18.27276023
469.6510726	-17.97710386
475.107	-17.58696023
478.0971059	-17.36750386
484.8087706	-16.78838456
486.540051	-16.63903205
494.5075274	-16.00809614
494.9829961	-15.96847181
503.523498	-15.25828842
504.209298	-15.19732819
512.064	-14.53896023
513.9111059	-14.43532819
520.604502	-14.06956795
523.6098255	-13.88973591
529.1419529	-13.56055251
533.3085451	-13.31976023
537.6855059	-13.07287181
543.007302	-12.79245637
546.2259706	-12.62481544
552.7121235	-12.32916023
554.7634216	-12.23772047
562.4108804	-11.79880772
562.7857784	-11.77442433
570.8050471	-11.26540772
572.1096	-11.15567953
578.8274039	-10.56436795
581.8144216	-10.36929614
586.8466726	-10.04620772
591.5131784	-9.796271814
594.8659784	-9.634728186
601.211898	-9.400032047
602.888298	-9.345167953
610.4808765	-9.180576256
610.9137059	-9.168383977
618.0734549	-8.973312163
620.6154765	-8.91844807
625.6659961	-8.817864093
630.3141961	-8.68070386
633.2586117	-8.586216023
640.0160039	-8.281416023
641.6406117	-8.208264093
649.7147607	-7.91870386
650.0255883	-7.906512163
658.4075883	-7.610855791
659.4164941	-7.571232047
666.7926393	-7.281671814
669.118302	-7.214616023
675.1746393	-7.074407721
678.8170588	-6.964680116
683.5566393	-6.833616023
688.5157412	-6.748271814
691.9416902	-6.696455791
698.217549	-6.586728186
700.3267412	-6.55015193
707.9193568	-6.434328186
708.7056902	-6.422135907
717.0907412	-6.272783977
717.6180393	-6.263639767
725.6709059	-6.129528186
727.3167961	-6.10209614
734.2448941	-5.974080116
737.0216549	-5.903976256
742.8250588	-5.754623744
746.7204117	-5.64489614
751.3990471	-5.510783977
756.4190941	-5.315712163
759.9792117	-5.17550386
766.120902	-5.02310386
768.5532	-4.965192279
775.8227098	-4.824983977
777.1332902	-4.80364807
784.786851	-4.706111872
785.5213922	-4.693919884
792.4404117	-4.581143919
795.2232	-4.538472105
800.096949	-4.456175965
804.9219568	-4.322064093
807.7505098	-4.242816023
814.6236902	-4.04469614
816.5469961	-3.995927895
824.3224471	-3.843527895
825.3466078	-3.828288128
834.0242549	-3.742943919
834.1430941	-3.73989614
842.9396549	-3.611880116
843.7259883	-3.605783977
851.7391922	-3.520440058
853.4247451	-3.49910386
860.5357529	-3.389375965
863.1265529	-3.361943919
869.3322393	-3.297935907
872.8253098	-3.255264093
878.1288	-3.19430386
882.5270432	-3.13029614
886.9253607	-3.081527895
892.228851	-2.910840058
895.7218471	-2.846832047
901.9276078	-2.81635193
904.5184078	-2.776727895
911.6262902	-2.67309614
913.3148941	-2.639567953
921.331149	-2.606040058
922.1114549	-2.602991988
930.9079412	-2.627375965
931.0299059	-2.627375965
939.7075529	-2.642616023
940.7285883	-2.633472105
948.5040393	-2.612135907
950.4273451	-2.569464093
957.3006	-2.450591988
960.1322039	-2.404871959
965.5302	-2.313432047
969.8309607	-2.182367953
973.762851	-2.002536052
977.9995412	-1.819655936
979.5296432	-1.7526
980.6300039	-1.697736052
987.4971568	-1.3716
989.234502	-1.267967953
994.3643098	-0.932687983
998.9332588	-0.697991988
1001.231388	-0.551687983
1008.631941	-0.134111999
1010.168145	-0.048767999
1018.333749	0.752856009
1019.101851	0.947927968
1028.035557	4.623816023
1035.177	4.757927895
1042.321494	4.751832047
1049.459961	4.224527895
1056.601404	4.081272105
1063.742847	4.078224035
1070.88429	3.95935193
1078.025808	4.066032047
1080.878694	4.096511872
1085.167251	4.123943919
1092.308694	4.181856081
1099.453188	4.047743919
1106.591655	4.200143919
1113.733098	5.007864093
1120.874541	5.25170386
1128.016059	4.943855791
1130.347749	4.910328186
1133.721906	4.852416023
1135.157502	4.834127895
1142.298945	5.148071814
1149.443439	6.150864093
1156.584957	7.104887837
1163.723349	7.24204807
1170.864792	6.979919884
1178.00631	5.827776256
1185.147753	5.196839767
1186.583349	5.25475193
1192.289196	5.4102
1199.430639	5.370576256
1206.575208	5.358383977
1213.716651	6.17829614
1220.855043	6.836664093
1227.996561	6.739128186
1235.138004	6.693407721
1239.426561	6.687312163
1242.279447	6.672071814
1249.42089	6.358128186
1256.565384	5.934455791
1263.706902	5.501639767
1270.84842	5.5626
1277.986812	5.967983977
1285.12818	6.94029614
1292.269698	8.061960233
	
