   310.942230      -23.2828789    
   352.281677      -23.2828789    
 NaN NaN
   303.785583      -22.5322781    
   365.687897      -22.5322781    
 NaN NaN
   298.336029      -21.7816792    
   374.843170      -21.7816792    
 NaN NaN
   294.071991      -21.0310783    
   386.455261      -21.0310783    
 NaN NaN
   290.530945      -20.2804775    
   394.859009      -20.2804775    
 NaN NaN
   287.403534      -19.5298767    
   403.027679      -19.5298767    
 NaN NaN
   284.380371      -18.7792759    
   416.514130      -18.7792759    
 NaN NaN
   281.357239      -18.0286751    
   438.533936      -18.0286751    
 NaN NaN
   278.371399      -17.2780762    
   462.620514      -17.2780762    
 NaN NaN
   275.343903      -16.5274754    
   474.343109      -16.5274754    
 NaN NaN
   272.302856      -15.7768745    
   483.185425      -15.7768745    
 NaN NaN
   269.524658      -15.0262737    
   491.149872      -15.0262737    
 NaN NaN
   266.847748      -14.2756739    
   498.664246      -14.2756739    
 NaN NaN
   264.100525      -13.5250731    
   505.888489      -13.5250731    
 NaN NaN
   260.633942      -12.7744732    
   513.449768      -12.7744732    
 NaN NaN
   257.087769      -12.0238724    
   520.629883      -12.0238724    
 NaN NaN
   253.652802      -11.2732716    
   527.820862      -11.2732716    
 NaN NaN
   250.123962      -10.5226717    
   536.677368      -10.5226717    
 NaN NaN
   246.511444      -9.77207088    
   549.802490      -9.77207088    
 NaN NaN
   242.818970      -9.02147102    
   562.571960      -9.02147102    
 NaN NaN
   238.882446      -8.27087021    
   574.255859      -8.27087021    
 NaN NaN
   233.998215      -7.52026939    
   589.193359      -7.52026939    
 NaN NaN
   228.971756      -6.76966906    
   602.896545      -6.76966906    
 NaN NaN
   223.709015      -6.01906872    
   617.799927      -6.01906872    
 NaN NaN
   218.299652      -5.26846838    
   644.665710      -5.26846838    
 NaN NaN
   213.252731      -4.51786804    
   661.596497      -4.51786804    
 NaN NaN
   209.484909      -3.76726723    
   681.172791      -3.76726723    
 NaN NaN
   206.496933      -3.01666689    
   709.585999      -3.01666689    
 NaN NaN
   203.383484      -2.26606655    
   765.079895      -2.26606655    
 NaN NaN
   882.030029      -2.26606655    
   957.343750      -2.26606655    
 NaN NaN
   199.960861      -1.51546597    
   968.470581      -1.51546597    
 NaN NaN
   196.695389     -0.764865518    
   976.529053     -0.764865518    
 NaN NaN
   193.317032      -1.42650604E-02
   982.087646      -1.42650604E-02
 NaN NaN
   189.836578      0.736335397    
   986.653137      0.736335397    
 NaN NaN
   186.306412       1.48693585    
   989.212646       1.48693585    
 NaN NaN
   184.060745       2.23753643    
   990.852356       2.23753643    
 NaN NaN
   181.815079       2.98813677    
   992.492126       2.98813677    
 NaN NaN
   179.913147       3.73873711    
   994.131836       3.73873711    
 NaN NaN
   178.073227       4.48933792    
   995.771545       4.48933792    
 NaN NaN
   1100.33020       4.48933792    
   1131.95129       4.48933792    
 NaN NaN
   176.233307       5.23993826    
   997.492859       5.23993826    
 NaN NaN
   1083.17773       5.23993826    
   1152.62073       5.23993826    
 NaN NaN
   174.393387       5.99053860    
   999.279663       5.99053860    
 NaN NaN
   1076.28760       5.99053860    
   1166.35840       5.99053860    
 NaN NaN
   172.465988       6.74113894    
   1001.06647       6.74113894    
 NaN NaN
   1067.01672       6.74113894    
   1176.17090       6.74113894    
 NaN NaN
   55.6709099       7.49173927    
   91.3816605       7.49173927    
 NaN NaN
   170.517624       7.49173927    
   1002.85321       7.49173927    
 NaN NaN
   1053.21729       7.49173927    
   1182.60950       7.49173927    
 NaN NaN
   44.5449104       8.24234009    
   96.4547043       8.24234009    
 NaN NaN
   168.569260       8.24234009    
   1004.64001       8.24234009    
 NaN NaN
   1033.43872       8.24234009    
   1190.59094       8.24234009    
 NaN NaN
   27.6749935       8.99294090    
   101.652771       8.99294090    
 NaN NaN
   108.072823       8.99294090    
   147.805801       8.99294090    
 NaN NaN
   166.620895       8.99294090    
   1198.79077       8.99294090    
 NaN NaN
   1214.82092       8.99294090    
   1241.62061       8.99294090    
 NaN NaN
   24.1986885       9.74354076    
   1246.60620       9.74354076    
 NaN NaN
   21.0117512       10.4941416    
   1252.13782       10.4941416    
 NaN NaN
   17.6484127       11.2447414    
   1257.76868       11.2447414    
 NaN NaN
   14.0342484       11.9953423    
   1258.75391       11.9953423    
 NaN NaN
   10.4310989       12.7459431    
   1258.75391       12.7459431    
 NaN NaN
   1.87925980E-05   13.4965429    
   1258.75391       13.4965429    
 NaN NaN
   0.00000000       14.2471437    
   1258.75391       14.2471437    
 NaN NaN
   0.00000000       14.9977436    
   1258.75391       14.9977436    
 NaN NaN
   0.00000000       15.7483444    
   1258.75391       15.7483444    
 NaN NaN
   0.00000000       16.4989452    
   1258.75391       16.4989452    
 NaN NaN
   0.00000000       17.2495461    
   1258.75391       17.2495461    
 NaN NaN
   0.00000000       18.0001450    
   1258.75391       18.0001450    
 NaN NaN
   0.00000000       18.7507458    
   1258.75391       18.7507458    
 NaN NaN
   0.00000000       19.5013466    
   1258.75391       19.5013466    
 NaN NaN
   0.00000000       20.2519474    
   1258.75391       20.2519474    
 NaN NaN
   0.00000000       21.0025482    
   1258.75391       21.0025482    
 NaN NaN
   0.00000000       21.7531490    
   1258.75391       21.7531490    
 NaN NaN
   0.00000000       22.5037479    
   1258.75391       22.5037479    
 NaN NaN
   0.00000000       23.2543488    
   1258.75391       23.2543488    
 NaN NaN
   0.00000000       24.0049496    
   1258.75391       24.0049496    
 NaN NaN
   0.00000000       24.7555504    
   1258.75391       24.7555504    
 NaN NaN
   0.00000000       25.5061512    
   1258.75391       25.5061512    
 NaN NaN
   0.00000000       26.2567501    
   1258.75391       26.2567501    
 NaN NaN
   0.00000000       27.0073509    
   1258.75391       27.0073509    
 NaN NaN
   0.00000000       27.7579517    
   1258.75391       27.7579517    
 NaN NaN
   0.00000000       28.5085526    
   1258.75391       28.5085526    
 NaN NaN
   0.00000000       29.2591534    
   1258.75391       29.2591534    
 NaN NaN
   0.00000000       30.0097542    
   1258.75391       30.0097542    
 NaN NaN
   0.00000000       30.7603531    
   1258.75391       30.7603531    
 NaN NaN
   0.00000000       31.5109539    
   1258.75391       31.5109539    
 NaN NaN
   0.00000000       32.2615547    
   1258.75391       32.2615547    
 NaN NaN
   0.00000000       33.0121536    
   1258.75391       33.0121536    
 NaN NaN
   0.00000000       33.7627563    
   1258.75391       33.7627563    
 NaN NaN
   0.00000000       34.5133553    
   1258.75391       34.5133553    
 NaN NaN
   0.00000000       35.2639580    
   1258.75391       35.2639580    
 NaN NaN
   0.00000000       36.0145569    
   1258.75391       36.0145569    
 NaN NaN
   0.00000000       36.7651558    
   1258.75391       36.7651558    
 NaN NaN
   0.00000000       37.5157585    
   1258.75391       37.5157585    
 NaN NaN
   0.00000000       38.2663574    
   1258.75391       38.2663574    
 NaN NaN
   0.00000000       39.0169601    
   1258.75391       39.0169601    
 NaN NaN
   0.00000000       39.7675591    
   1258.75391       39.7675591    
 NaN NaN
   0.00000000       40.5181580    
   1258.75391       40.5181580    
 NaN NaN
   0.00000000       41.2687607    
   1258.75391       41.2687607    
 NaN NaN
   0.00000000       42.0193596    
   1258.75391       42.0193596    
 NaN NaN
   0.00000000       42.7699623    
   1258.75391       42.7699623    
 NaN NaN
   0.00000000       43.5205612    
   1258.75391       43.5205612    
 NaN NaN
   0.00000000       44.2711601    
   1258.75391       44.2711601    
 NaN NaN
   0.00000000       45.0217628    
   1258.75391       45.0217628    
 NaN NaN
   0.00000000       45.7723618    
   1258.75391       45.7723618    
 NaN NaN
   0.00000000       46.5229645    
   1258.75391       46.5229645    
 NaN NaN
   0.00000000       47.2735634    
   1258.75391       47.2735634    
 NaN NaN
   0.00000000       48.0241623    
   1258.75391       48.0241623    
 NaN NaN
   0.00000000       48.7747650    
   1258.75391       48.7747650    
 NaN NaN
   0.00000000       49.5253639    
   1258.75391       49.5253639    
 NaN NaN
   0.00000000       50.2759666    
   1258.75391       50.2759666    
 NaN NaN
   0.00000000       51.0265656    
   1258.75391       51.0265656    
 NaN NaN
