 Elev(m)    Area(m2)     Peri(m)      Radi(m)   Conv(m3/s)    topWidth(m)    newI1(m3)    dPdA(1/m)
   -26.10        0.00        0.00         NaN                 NaN               0.000           0.000             NaN
   -25.40       33.15       76.95        0.43             756.360              76.923          11.605           2.321
   -24.70       99.86      112.92        0.88            3680.023             112.867          58.171           0.539
   -24.00      188.29      140.17        1.34            9169.234             140.078         159.049           0.308
   -23.30      296.01      167.53        1.77           17305.645             167.402         328.600           0.254
   -22.60      430.03      219.38        1.96           26941.338             219.226         582.783           0.387
   -21.90      591.17      239.48        2.47           43191.910             239.274         940.298           0.125
   -21.20      764.60      256.35        2.98           63371.609             256.088        1414.947           0.097
   -20.50      949.43      271.58        3.50           87478.344             271.244        2015.018           0.082
   -19.80     1144.59      286.67        3.99          115226.984             286.267        2748.120           0.077
   -19.10     1350.19      301.52        4.48          146726.750             301.048        3621.526           0.072
   -18.40     1565.88      315.17        4.97          182371.125             314.621        4642.422           0.063
   -17.70     1790.66      328.83        5.45          221700.453             328.195        5817.525           0.061
   -17.00     2026.04      344.98        5.87          263801.031             344.267        7153.723           0.069
   -16.30     2273.48      361.71        6.29          309719.406             360.919        8658.955           0.068
   -15.60     2531.57      378.02        6.70          359775.656             377.145       10341.168           0.063
   -14.90     2800.78      393.02        7.13          414869.312             392.060       12207.988           0.056
   -14.20     3082.06      413.56        7.45          470363.812             412.518       14267.531           0.073
   -13.50     3378.04      434.37        7.78          530391.438             433.247       16529.170           0.070
   -12.80     3689.04      456.26        8.09          594437.375             455.085       19003.307           0.070
   -12.10     4015.80      477.52        8.41          664278.250             476.287       21700.719           0.065
   -11.40     4353.62      490.08        8.88          746964.375             488.765       24630.797           0.037
   -10.70     4700.19      502.35        9.36          834794.438             500.956       27800.477           0.035
   -10.00     5054.94      513.84        9.84          928325.750             512.361       31215.684           0.032
    -9.30     5417.80      525.70       10.31         1026293.812             524.137       34882.125           0.033
    -8.60     5788.97      537.74       10.77         1128965.625             536.094       38805.535           0.032
    -7.90     6168.66      553.34       11.15         1231357.500             551.583       42991.824           0.041
    -7.20     6562.60      575.17       11.41         1330416.375             573.314       47448.953           0.055
    -6.50     6972.26      598.94       11.64         1432497.875             596.975       52187.418           0.058
    -5.80     7395.49      612.68       12.07         1556624.500             610.596       57217.469           0.032
    -5.10     7826.45      622.29       12.58         1693068.750             620.075       62546.570           0.022
    -4.40     8263.34      630.11       13.11         1838126.000             627.754       68179.492           0.018
    -3.70     8705.50      637.80       13.65         1988817.625             635.264       74120.172           0.017
    -3.00     9153.01      646.02       14.17         2143726.750             643.303       80372.312           0.018
    -2.30     9606.32      654.26       14.68         2304021.750             651.343       86939.828           0.018
    -1.60    10065.10      662.25       15.20         2470256.500             659.110       93826.656           0.017
    -0.90    10530.51      673.97       15.62         2632570.000             670.628      101037.039           0.025
    -0.20    11004.07      684.87       16.07         2802709.750             681.280      108576.148           0.023
     0.50    11484.43      694.87       16.53         2980625.000             690.976      116449.227           0.021
     1.20    11971.42      703.88       17.01         3166930.000             699.674      124660.961           0.018
     1.90    12463.77      710.49       17.54         3365913.750             705.963      133215.547           0.013
     2.60    12959.88      716.00       18.10         3573726.000             711.134      142116.203           0.011
     3.30    13459.37      720.65       18.68         3789829.000             715.437      151365.406           0.009
     4.00    13968.99      780.87       17.89         3821913.250             775.385      160967.891           0.118
     4.71    14620.72     1071.34       13.65         3339827.750            1065.516      170976.953           0.446
     5.41    15386.97     1125.70       13.67         3518569.250            1119.554      181482.438           0.071
     6.11    16196.23     1198.84       13.51         3674875.750            1192.383      192539.516           0.090
     6.81    17041.40     1227.45       13.88         3937610.500            1220.804      204175.781           0.034
     7.51    17903.16     1243.90       14.39         4237264.500            1237.103      216409.641           0.019
     8.21    18772.35     1251.84       15.00         4566232.000            1244.975      229249.484           0.009
     8.91    19651.67     1266.92       15.51         4889061.000            1260.016      242701.484           0.017
     9.61    20533.91     1266.92       16.21         5260325.500            1260.016      256770.172           0.000
    10.31    21416.16     1266.92       16.90         5642380.500            1260.016      271456.594           0.000
    11.01    22298.40     1266.92       17.60         6035076.000            1260.016      286760.781           0.000
    11.71    23180.65     1266.92       18.30         6438270.500            1260.016      302682.688           0.000
    12.41    24062.90     1266.92       18.99         6851826.500            1260.016      319222.344           0.000
    13.11    24945.14     1266.92       19.69         7275617.500            1260.016      336379.750           0.000
    13.81    25827.39     1266.92       20.39         7709519.500            1260.016      354154.844           0.000
    14.51    26709.63     1266.92       21.08         8153419.000            1260.016      372547.719           0.000
    15.21    27591.88     1266.92       21.78         8607202.000            1260.016      391558.312           0.000
    15.91    28474.13     1266.92       22.48         9070764.000            1260.016      411186.656           0.000
    16.61    29356.37     1266.92       23.17         9544001.000            1260.016      431432.719           0.000
    17.31    30238.62     1266.92       23.87        10026817.000            1260.016      452296.500           0.000
    18.01    31120.87     1266.92       24.56        10519117.000            1260.016      473778.062           0.000
    18.71    32003.11     1266.92       25.26        11020810.000            1260.016      495877.344           0.000
    19.41    32885.36     1266.92       25.96        11531808.000            1260.016      518594.312           0.000
    20.11    33767.61     1266.92       26.65        12052033.000            1260.016      541929.125           0.000
    20.81    34649.85     1266.92       27.35        12581393.000            1260.016      565881.562           0.000
    21.51    35532.10     1266.92       28.05        13119821.000            1260.016      590451.875           0.000
    22.21    36414.34     1266.92       28.74        13667232.000            1260.016      615639.812           0.000
    22.91    37296.59     1266.92       29.44        14223560.000            1260.016      641445.438           0.000
    23.61    38178.84     1266.92       30.14        14788734.000            1260.016      667868.938           0.000
    24.31    39061.08     1266.92       30.83        15362676.000            1260.016      694910.062           0.000
    25.01    39943.33     1266.92       31.53        15945333.000            1260.016      722569.062           0.000
    25.71    40825.57     1266.92       32.22        16536631.000            1260.016      750845.625           0.000
    26.41    41707.82     1266.92       32.92        17136506.000            1260.016      779740.000           0.000
    27.11    42590.07     1266.92       33.62        17744906.000            1260.016      809252.188           0.000
    27.81    43472.31     1266.92       34.31        18361762.000            1260.016      839382.000           0.000
    28.51    44354.56     1266.92       35.01        18987026.000            1260.016      870129.625           0.000
    29.21    45236.80     1266.92       35.71        19620636.000            1260.016      901494.938           0.000
    29.91    46119.05     1266.92       36.40        20262536.000            1260.016      933478.062           0.000
    30.61    47001.30     1266.92       37.10        20912676.000            1260.016      966078.812           0.000
    31.31    47883.54     1266.92       37.80        21571002.000            1260.016      999297.375           0.000
    32.01    48765.79     1266.92       38.49        22237464.000            1260.016     1033133.688           0.000
    32.71    49648.04     1266.92       39.19        22912016.000            1260.016     1067587.750           0.000
    33.41    50530.28     1266.92       39.88        23594602.000            1260.016     1102659.375           0.000
    34.11    51412.53     1266.92       40.58        24285188.000            1260.016     1138348.875           0.000
    34.81    52294.77     1266.92       41.28        24983714.000            1260.016     1174656.250           0.000
    35.51    53177.02     1266.92       41.97        25690140.000            1260.016     1211581.000           0.000
    36.21    54059.27     1266.92       42.67        26404428.000            1260.016     1249123.750           0.000
    36.91    54941.51     1266.92       43.37        27126528.000            1260.016     1287284.250           0.000
    37.61    55823.75     1266.92       44.06        27856396.000            1260.016     1326062.375           0.000
    38.31    56706.00     1266.92       44.76        28594000.000            1260.016     1365458.250           0.000
    39.01    57588.25     1266.92       45.46        29339294.000            1260.016     1405472.000           0.000
    39.71    58470.50     1266.92       46.15        30092238.000            1260.016     1446103.500           0.000
    40.41    59352.74     1266.92       46.85        30852794.000            1260.016     1487352.375           0.000
    41.11    60234.99     1266.92       47.54        31620924.000            1260.016     1529219.375           0.000
    41.82    61117.23     1266.92       48.24        32396592.000            1260.016     1571704.000           0.000
    42.52    61999.48     1266.92       48.94        33179762.000            1260.016     1614806.250           0.000
    43.22    62881.73     1266.92       49.63        33970396.000            1260.016     1658526.375           0.000
    43.92    63763.97     1266.92       50.33        34768460.000            1260.016     1702864.250           0.000
