 Elev(m)    Area(m2)     Peri(m)      Radi(m)   Conv(m3/s)    topWidth(m)    newI1(m3)    dPdA(1/m)
   -31.36        0.00        0.00         NaN                 NaN               0.000           0.000             NaN
   -30.59       14.45       29.81        0.48             356.627              29.758           5.586           2.063
   -29.81       45.20       53.32        0.85            1619.421              53.189          28.647           0.764
   -29.04      102.21       81.93        1.25            4738.041              81.695          85.637           0.502
   -28.27      171.00       98.83        1.73            9857.925              98.490         191.263           0.246
   -27.49      269.73      151.31        1.78           15862.359             150.873         361.652           0.532
   -26.72      397.86      177.21        2.25           27286.816             176.677         619.750           0.202
   -25.95      541.13      195.02        2.77           42741.078             194.372         982.773           0.124
   -25.18      699.36      215.41        3.25           61337.152             214.684        1462.357           0.129
   -24.40      873.00      232.87        3.75           84269.367             232.047        2070.243           0.101
   -23.63     1057.42      247.02        4.28          111508.859             246.046        2816.555           0.077
   -22.86     1254.56      269.43        4.66          139931.000             268.307        3710.385           0.114
   -22.08     1486.50      334.41        4.45          160750.062             333.147        4770.105           0.280
   -21.31     1752.85      354.38        4.95          203543.453             352.960        6022.464           0.075
   -20.54     2036.63      381.98        5.33          248630.109             380.392        7487.508           0.097
   -19.76     2342.41      411.23        5.70          298841.438             409.473        9180.479           0.096
   -18.99     2673.53      449.04        5.95          351301.188             447.115       11119.680           0.114
   -18.22     3033.90      482.72        6.28          413299.156             480.630       13326.223           0.093
   -17.44     3411.54      497.46        6.86          492575.781             495.205       15818.080           0.039
   -16.67     3800.37      514.93        7.38          576241.250             512.557       18606.260           0.045
   -15.90     4202.63      530.50        7.92          668042.312             528.009       21700.287           0.039
   -15.12     4617.05      546.51        8.45          766067.438             543.870       25110.047           0.039
   -14.35     5048.40      568.92        8.87          865531.438             566.073       28846.793           0.052
   -13.58     5490.60      579.12        9.48          983813.625             576.048       32921.258           0.023
   -12.80     5937.92      584.32       10.16         1114337.375             580.975       37339.613           0.012
   -12.03     6389.04      589.52       10.84         1251571.750             585.902       42105.324           0.012
   -11.26     6843.95      594.61       11.51         1395562.375             590.724       47221.305           0.011
   -10.48     7302.58      599.77       12.18         1545955.750             595.621       52690.473           0.011
    -9.71     7765.06      605.04       12.83         1702599.500             600.640       58515.742           0.011
    -8.94     8231.57      610.76       13.48         1864745.125             606.117       64700.180           0.012
    -8.16     8702.39      616.56       14.11         2033003.625             611.688       71246.984           0.012
    -7.39     9177.60      622.91       14.73         2206272.000             617.802       78159.539           0.013
    -6.62     9657.86      629.60       15.34         2384971.000             624.221       85441.477           0.014
    -5.84    10142.74      635.57       15.96         2571634.250             629.843       93096.555           0.012
    -5.07    10631.84      641.34       16.58         2764916.250             635.263      101128.180           0.012
    -4.30    11124.88      646.05       17.22         2967376.500             639.605      109539.516           0.010
    -3.53    11620.85      650.11       17.88         3177847.500             643.269      118333.195           0.008
    -2.75    12119.65      654.16       18.53         3394331.500             646.932      127511.469           0.008
    -1.98    12621.24      657.87       19.18         3618006.500             650.233      137076.500           0.007
    -1.21    13124.98      660.83       19.86         3850334.250             652.728      147030.203           0.006
    -0.43    13630.64      663.79       20.53         4088545.250             655.223      157374.141           0.006
     0.34    14138.23      666.74       21.20         4332582.500             657.719      168109.828           0.006
     1.11    14647.96      670.47       21.85         4578969.000             661.086      179238.812           0.007
     1.89    15162.05      691.89       21.91         4749335.500             682.164      190763.609           0.042
     2.66    15726.25      792.51       19.84         4610699.500             782.469      202705.281           0.178
     3.43    16347.76      828.35       19.74         4775468.000             818.136      215105.359           0.058
     4.21    16994.41      876.20       19.40         4907205.500             865.911      227995.719           0.074
     4.98    17680.61      927.51       19.06         5046722.500             917.079      241401.375           0.075
     5.75    18425.44     1003.53       18.36         5129432.000             992.854      255360.266           0.102
     6.53    19200.18     1017.94       18.86         5441958.500            1007.101      269906.656           0.019
     7.30    19982.56     1026.52       19.47         5784066.000            1015.551      285055.031           0.011
     8.07    20767.80     1026.52       20.23         6167828.000            1015.551      300809.438           0.000
     8.85    21553.04     1026.52       21.00         6561387.500            1015.551      317171.062           0.000
     9.62    22338.28     1026.52       21.76         6964625.000            1015.551      334139.781          -0.000
    10.39    23123.52     1026.52       22.53         7377425.000            1015.551      351715.719           0.000
    11.17    23908.76     1026.52       23.29         7799677.000            1015.551      369898.781           0.000
    11.94    24694.00     1026.52       24.06         8231277.500            1015.551      388689.000           0.000
    12.71    25479.25     1026.52       24.82         8672129.000            1015.551      408086.406           0.000
    13.49    26264.49     1026.52       25.59         9122131.000            1015.551      428090.969          -0.000
    14.26    27049.73     1026.52       26.35         9581195.000            1015.551      448702.688           0.000
    15.03    27834.97     1026.52       27.12        10049227.000            1015.551      469921.562           0.000
    15.81    28620.21     1026.52       27.88        10526147.000            1015.551      491747.625           0.000
    16.58    29405.45     1026.52       28.65        11011873.000            1015.551      514180.844           0.000
    17.35    30190.69     1026.52       29.41        11506322.000            1015.551      537221.188           0.000
    18.12    30975.93     1026.52       30.18        12009422.000            1015.551      560868.688          -0.000
    18.90    31761.17     1026.52       30.94        12521095.000            1015.551      585123.375           0.000
    19.67    32546.41     1026.52       31.71        13041273.000            1015.551      609985.188           0.000
    20.44    33331.66     1026.52       32.47        13569888.000            1015.551      635454.250           0.000
    21.22    34116.89     1026.52       33.24        14106868.000            1015.551      661530.438           0.000
    21.99    34902.14     1026.52       34.00        14652155.000            1015.551      688213.750          -0.000
    22.76    35687.38     1026.52       34.77        15205680.000            1015.551      715504.250           0.000
    23.54    36472.62     1026.52       35.53        15767388.000            1015.551      743401.938           0.000
    24.31    37257.86     1026.52       36.30        16337211.000            1015.551      771906.750           0.000
    25.08    38043.10     1026.52       37.06        16915102.000            1015.551      801018.688           0.000
    25.86    38828.34     1026.52       37.83        17500998.000            1015.551      830737.812          -0.000
    26.63    39613.58     1026.52       38.59        18094850.000            1015.551      861064.125           0.000
    27.40    40398.82     1026.52       39.36        18696600.000            1015.551      891997.625           0.000
    28.18    41184.07     1026.52       40.12        19306200.000            1015.551      923538.250           0.000
    28.95    41969.30     1026.52       40.88        19923596.000            1015.551      955686.000           0.000
    29.72    42754.55     1026.52       41.65        20548746.000            1015.551      988440.938          -0.000
    30.50    43539.79     1026.52       42.41        21181590.000            1015.551     1021803.062           0.000
    31.27    44325.03     1026.52       43.18        21822094.000            1015.551     1055772.375           0.000
    32.04    45110.27     1026.52       43.94        22470206.000            1015.551     1090348.750           0.000
    32.82    45895.51     1026.52       44.71        23125890.000            1015.551     1125532.500           0.000
    33.59    46680.75     1026.52       45.47        23789094.000            1015.551     1161323.125          -0.000
    34.36    47465.99     1026.52       46.24        24459772.000            1015.551     1197721.125           0.000
    35.14    48251.23     1026.52       47.00        25137888.000            1015.551     1234726.125           0.000
    35.91    49036.47     1026.52       47.77        25823402.000            1015.551     1272338.375           0.000
    36.68    49821.71     1026.52       48.53        26516278.000            1015.551     1310557.750           0.000
    37.46    50606.95     1026.52       49.30        27216466.000            1015.551     1349384.250           0.000
    38.23    51392.20     1026.52       50.06        27923944.000            1015.551     1388818.000          -0.000
    39.00    52177.44     1026.52       50.83        28638660.000            1015.551     1428858.875           0.000
    39.78    52962.68     1026.52       51.59        29360584.000            1015.551     1469507.000           0.000
    40.55    53747.92     1026.52       52.36        30089680.000            1015.551     1510762.250           0.000
    41.32    54533.16     1026.52       53.12        30825908.000            1015.551     1552624.625           0.000
    42.09    55318.40     1026.52       53.89        31569242.000            1015.551     1595094.125          -0.000
    42.87    56103.64     1026.52       54.65        32319642.000            1015.551     1638170.750           0.000
    43.64    56888.88     1026.52       55.42        33077074.000            1015.551     1681854.625           0.000
    44.41    57674.12     1026.52       56.18        33841512.000            1015.551     1726145.625           0.000
    45.19    58459.36     1026.52       56.95        34612920.000            1015.551     1771043.750           0.000
    45.96    59244.61     1026.52       57.71        35391272.000            1015.551     1816549.000          -0.000
