   281.954834      -14.8908815    
   323.507141      -14.8908815    
 NaN NaN
   274.823975      -14.3314514    
   332.661835      -14.3314514    
 NaN NaN
   268.463715      -13.7720222    
   343.183472      -13.7720222    
 NaN NaN
   262.038574      -13.2125921    
   356.636627      -13.2125921    
 NaN NaN
   256.874451      -12.6531620    
   370.052673      -12.6531620    
 NaN NaN
   252.085846      -12.0937319    
   400.489746      -12.0937319    
 NaN NaN
   247.925934      -11.5343018    
   415.227112      -11.5343018    
 NaN NaN
   243.758087      -10.9748726    
   428.633209      -10.9748726    
 NaN NaN
   236.037582      -10.4154425    
   443.455017      -10.4154425    
 NaN NaN
   229.498337      -9.85601234    
   521.562195      -9.85601234    
 NaN NaN
   225.722931      -9.29658222    
   552.264709      -9.29658222    
 NaN NaN
   221.943924      -8.73715210    
   582.159485      -8.73715210    
 NaN NaN
   215.972275      -8.17772198    
   616.963745      -8.17772198    
 NaN NaN
   209.300461      -7.61829233    
   664.357788      -7.61829233    
 NaN NaN
   200.830933      -7.05886269    
   705.367737      -7.05886269    
 NaN NaN
   192.364471      -6.49943256    
   745.686340      -6.49943256    
 NaN NaN
   182.207901      -5.94000244    
   794.564636      -5.94000244    
 NaN NaN
   171.327927      -5.38057280    
   850.124817      -5.38057280    
 NaN NaN
   164.681000      -4.82114267    
   977.296143      -4.82114267    
 NaN NaN
   1031.24792      -4.82114267    
   1143.44031      -4.82114267    
 NaN NaN
   159.854782      -4.26171303    
   1150.62793      -4.26171303    
 NaN NaN
   155.345566      -3.70228291    
   1155.77490      -3.70228291    
 NaN NaN
   151.137131      -3.14285278    
   1160.11621      -3.14285278    
 NaN NaN
   147.174988      -2.58342290    
   1163.94336      -2.58342290    
 NaN NaN
   143.451813      -2.02399302    
   1167.76355      -2.02399302    
 NaN NaN
   139.930664      -1.46456313    
   1170.74365      -1.46456313    
 NaN NaN
   136.417923     -0.905133128    
   1173.20422     -0.905133128    
 NaN NaN
   134.073624     -0.345703185    
   1175.66492     -0.345703185    
 NaN NaN
   131.799591      0.213726759    
   1177.54700      0.213726759    
 NaN NaN
   129.525558      0.773156703    
   1179.13818      0.773156703    
 NaN NaN
   127.340202       1.33258665    
   1180.72925       1.33258665    
 NaN NaN
   125.152977       1.89201665    
   1181.82092       1.89201665    
 NaN NaN
   122.895767       2.45144653    
   1182.78735       2.45144653    
 NaN NaN
   120.527740       3.01087642    
   1183.75378       3.01087642    
 NaN NaN
   118.099350       3.57030630    
   1184.72742       3.57030630    
 NaN NaN
   115.670967       4.12973642    
   1185.76611       4.12973642    
 NaN NaN
   112.607925       4.68916607    
   1186.80481       4.68916607    
 NaN NaN
   109.319504       5.24859619    
   1187.84351       5.24859619    
 NaN NaN
   106.349579       5.80802631    
   1188.88232       5.80802631    
 NaN NaN
   103.414490       6.36745596    
   1189.92102       6.36745596    
 NaN NaN
   53.4969215       6.92688608    
   62.3296890       6.92688608    
 NaN NaN
   99.4270630       6.92688608    
   1190.95972       6.92688608    
 NaN NaN
   1234.89392       6.92688608    
   1274.12012       6.92688608    
 NaN NaN
   35.0669365       7.48631620    
   71.3853378       7.48631620    
 NaN NaN
   93.1506348       7.48631620    
   1191.99841       7.48631620    
 NaN NaN
   1229.29797       7.48631620    
   1289.88684       7.48631620    
 NaN NaN
   25.7226601       8.04574585    
   1195.06116       8.04574585    
 NaN NaN
   1224.06897       8.04574585    
   1299.16003       8.04574585    
 NaN NaN
   22.0161877       8.60517597    
   1303.57153       8.60517597    
 NaN NaN
   18.5064449       9.16460609    
   1306.85413       9.16460609    
 NaN NaN
   16.2681484       9.72403622    
   1308.73975       9.72403622    
 NaN NaN
   14.1329937       10.2834654    
   1310.47571       10.2834654    
 NaN NaN
   11.9978352       10.8428955    
   1312.08350       10.8428955    
 NaN NaN
   9.86267662       11.4023256    
   1313.69116       11.4023256    
 NaN NaN
   2.80063844       11.9617558    
   1315.29895       11.9617558    
 NaN NaN
   0.00000000       12.5211859    
   1316.90674       12.5211859    
 NaN NaN
   0.00000000       13.0806150    
   1316.90674       13.0806150    
 NaN NaN
   0.00000000       13.6400452    
   1316.90674       13.6400452    
 NaN NaN
   0.00000000       14.1994753    
   1316.90674       14.1994753    
 NaN NaN
   0.00000000       14.7589054    
   1316.90674       14.7589054    
 NaN NaN
   0.00000000       15.3183355    
   1316.90674       15.3183355    
 NaN NaN
   0.00000000       15.8777657    
   1316.90674       15.8777657    
 NaN NaN
   0.00000000       16.4371948    
   1316.90674       16.4371948    
 NaN NaN
   0.00000000       16.9966259    
   1316.90674       16.9966259    
 NaN NaN
   0.00000000       17.5560551    
   1316.90674       17.5560551    
 NaN NaN
   0.00000000       18.1154842    
   1316.90674       18.1154842    
 NaN NaN
   0.00000000       18.6749153    
   1316.90674       18.6749153    
 NaN NaN
   0.00000000       19.2343445    
   1316.90674       19.2343445    
 NaN NaN
   0.00000000       19.7937756    
   1316.90674       19.7937756    
 NaN NaN
   0.00000000       20.3532047    
   1316.90674       20.3532047    
 NaN NaN
   0.00000000       20.9126339    
   1316.90674       20.9126339    
 NaN NaN
   0.00000000       21.4720650    
   1316.90674       21.4720650    
 NaN NaN
   0.00000000       22.0314941    
   1316.90674       22.0314941    
 NaN NaN
   0.00000000       22.5909252    
   1316.90674       22.5909252    
 NaN NaN
   0.00000000       23.1503544    
   1316.90674       23.1503544    
 NaN NaN
   0.00000000       23.7097836    
   1316.90674       23.7097836    
 NaN NaN
   0.00000000       24.2692146    
   1316.90674       24.2692146    
 NaN NaN
   0.00000000       24.8286438    
   1316.90674       24.8286438    
 NaN NaN
   0.00000000       25.3880749    
   1316.90674       25.3880749    
 NaN NaN
   0.00000000       25.9475040    
   1316.90674       25.9475040    
 NaN NaN
   0.00000000       26.5069332    
   1316.90674       26.5069332    
 NaN NaN
   0.00000000       27.0663643    
   1316.90674       27.0663643    
 NaN NaN
   0.00000000       27.6257935    
   1316.90674       27.6257935    
 NaN NaN
   0.00000000       28.1852245    
   1316.90674       28.1852245    
 NaN NaN
   0.00000000       28.7446537    
   1316.90674       28.7446537    
 NaN NaN
   0.00000000       29.3040848    
   1316.90674       29.3040848    
 NaN NaN
   0.00000000       29.8635139    
   1316.90674       29.8635139    
 NaN NaN
   0.00000000       30.4229431    
   1316.90674       30.4229431    
 NaN NaN
   0.00000000       30.9823742    
   1316.90674       30.9823742    
 NaN NaN
   0.00000000       31.5418034    
   1316.90674       31.5418034    
 NaN NaN
   0.00000000       32.1012344    
   1316.90674       32.1012344    
 NaN NaN
   0.00000000       32.6606636    
   1316.90674       32.6606636    
 NaN NaN
   0.00000000       33.2200928    
   1316.90674       33.2200928    
 NaN NaN
   0.00000000       33.7795219    
   1316.90674       33.7795219    
 NaN NaN
   0.00000000       34.3389549    
   1316.90674       34.3389549    
 NaN NaN
   0.00000000       34.8983841    
   1316.90674       34.8983841    
 NaN NaN
   0.00000000       35.4578133    
   1316.90674       35.4578133    
 NaN NaN
   0.00000000       36.0172424    
   1316.90674       36.0172424    
 NaN NaN
   0.00000000       36.5766716    
   1316.90674       36.5766716    
 NaN NaN
   0.00000000       37.1361046    
   1316.90674       37.1361046    
 NaN NaN
   0.00000000       37.6955338    
   1316.90674       37.6955338    
 NaN NaN
   0.00000000       38.2549629    
   1316.90674       38.2549629    
 NaN NaN
   0.00000000       38.8143921    
   1316.90674       38.8143921    
 NaN NaN
   0.00000000       39.3738213    
   1316.90674       39.3738213    
 NaN NaN
   0.00000000       39.9332542    
   1316.90674       39.9332542    
 NaN NaN
   0.00000000       40.4926834    
   1316.90674       40.4926834    
 NaN NaN
