 Elev(m)    Area(m2)     Peri(m)      Radi(m)   Conv(m3/s)    topWidth(m)    newI1(m3)    dPdA(1/m)
   -28.35        0.00        0.00         NaN                 NaN               0.000           0.000             NaN
   -27.57       15.25       37.59        0.41             334.234              37.543           5.925           2.465
   -26.80       65.62       83.37        0.79            2237.469              83.247          37.346           0.909
   -26.02      137.26      100.96        1.36            6738.080             100.758         116.176           0.246
   -25.24      222.59      119.36        1.86           13489.972             119.069         256.000           0.216
   -24.46      324.65      147.98        2.19           21925.102             147.647         468.635           0.281
   -23.69      452.04      178.14        2.54           33639.133             177.761         770.425           0.237
   -22.91      612.33      238.77        2.56           45890.395             238.321        1183.995           0.378
   -22.13      806.05      259.64        3.10           68613.977             259.054        1735.119           0.108
   -21.36     1014.51      277.26        3.66           96360.109             276.530        2442.512           0.085
   -20.58     1247.90      320.37        3.90          123573.578             319.490        3321.592           0.185
   -19.80     1502.29      336.45        4.47          162943.094             335.430        4390.204           0.063
   -19.02     1768.62      350.74        5.04          208030.031             349.574        5661.144           0.054
   -18.25     2045.17      363.60        5.62          258738.516             362.282        7143.026           0.046
   -17.47     2332.25      378.54        6.16          313527.875             377.080        8843.910           0.052
   -16.69     2632.29      398.00        6.61          370987.594             396.409       10772.924           0.065
   -15.92     2948.66      417.66        7.06          434063.875             415.930       12941.454           0.062
   -15.14     3277.10      430.74        7.61          507068.906             428.868       15360.528           0.040
   -14.36     3614.74      441.70        8.18          587178.312             439.682       18038.418           0.032
   -13.58     3960.28      451.76        8.77          673493.188             449.617       20981.758           0.029
   -12.81     4313.47      461.50        9.35          765582.500             459.229       24196.602           0.028
   -12.03     4673.85      470.66        9.93          863733.688             468.256       27688.703           0.025
   -11.25     5041.88      481.48       10.47          965296.188             478.955       31463.834           0.029
   -10.48     5418.94      494.90       10.95         1068821.625             492.226       35528.480           0.036
    -9.70     5805.93      506.37       11.47         1180868.375             503.522       39890.004           0.030
    -8.92     6201.13      516.49       12.01         1300578.125             513.465       44555.449           0.026
    -8.14     6604.26      527.51       12.52         1424341.250             524.310       49531.102           0.027
    -7.37     7024.46      561.07       12.52         1514968.625             557.722       54826.660           0.080
    -6.59     7463.10      574.26       13.00         1650127.750             570.783       60455.934           0.030
    -5.81     7911.19      585.89       13.50         1794391.500             582.273       66429.750           0.026
    -5.04     8367.90      596.41       14.03         1947111.625             592.642       72755.133           0.023
    -4.26     8830.92      602.95       14.65         2114542.500             598.989       79437.883           0.014
    -3.48     9298.87      609.49       15.26         2288060.250             605.336       86482.375           0.014
    -2.70     9771.58      615.36       15.88         2469346.000             610.996       93892.375           0.012
    -1.93    10248.45      620.89       16.51         2657543.250             616.305      101671.336           0.012
    -1.15    10729.46      626.44       17.13         2851703.750             621.630      109822.500           0.012
    -0.37    11214.62      632.04       17.74         3051673.000             627.010      118349.070           0.012
     0.40    11704.22      638.75       18.32         3253937.000             633.533      127254.391           0.014
     1.18    12199.63      646.85       18.86         3457544.250             641.475      136542.453           0.016
     1.96    12701.41      656.01       19.36         3663291.250             650.487      146217.969           0.018
     2.74    13211.18      667.08       19.80         3868213.000             661.439      156286.547           0.022
     3.51    13729.56      689.15       19.92         4035959.000             683.387      166754.609           0.043
     4.29    14272.10      712.24       20.04         4211673.500             706.403      177634.906           0.043
     5.07    14844.45      762.37       19.47         4297572.500             756.476      188948.406           0.088
     5.84    15445.72      795.46       19.42         4463367.500             789.480      200717.922           0.055
     6.62    16095.46      890.31       18.08         4434782.000             884.215      212973.531           0.146
     7.40    16817.07      955.53       17.60         4551439.500             949.312      225761.984           0.090
     8.18    17557.93      963.12       18.23         4864766.000             956.734      239118.719           0.010
     8.95    18304.05      970.19       18.87         5188809.500             963.630      253053.219           0.009
     9.73    19055.97      979.15       19.46         5514991.000             972.447      267569.781           0.012
    10.51    19816.44      990.39       20.01         5842063.000             983.577      282674.031           0.015
    11.28    20580.79      990.39       20.78         6222436.000             983.577      298370.719          -0.000
    12.06    21345.15      990.39       21.55         6612346.000             983.577      314661.438           0.000
    12.84    22109.51      990.39       22.32         7011677.000             983.577      331546.125           0.000
    13.61    22873.86      990.39       23.10         7420320.500             983.577      349024.812          -0.000
    14.39    23638.22      990.39       23.87         7838172.500             983.577      367097.531           0.000
    15.17    24402.57      990.39       24.64         8265128.000             983.577      385764.188           0.000
    15.95    25166.93      990.39       25.41         8701095.000             983.577      405024.875          -0.000
    16.72    25931.29      990.39       26.18         9145981.000             983.577      424879.562           0.000
    17.50    26695.64      990.39       26.95         9599697.000             983.577      445328.250           0.000
    18.28    27460.00      990.39       27.73        10062154.000             983.577      466370.875           0.000
    19.05    28224.35      990.39       28.50        10533278.000             983.577      488007.531          -0.000
    19.83    28988.71      990.39       29.27        11012983.000             983.577      510238.219           0.000
    20.61    29753.06      990.39       30.04        11501196.000             983.577      533062.812           0.000
    21.39    30517.42      990.39       30.81        11997845.000             983.577      556481.500          -0.000
    22.16    31281.78      990.39       31.59        12502856.000             983.577      580494.125           0.000
    22.94    32046.13      990.39       32.36        13016160.000             983.577      605100.750           0.000
    23.72    32810.49      990.39       33.13        13537694.000             983.577      630301.375          -0.000
    24.49    33574.84      990.39       33.90        14067391.000             983.577      656096.000           0.000
    25.27    34339.20      990.39       34.67        14605188.000             983.577      682484.562           0.000
    26.05    35103.55      990.39       35.44        15151026.000             983.577      709467.188          -0.000
    26.83    35867.91      990.39       36.22        15704846.000             983.577      737043.812           0.000
    27.60    36632.27      990.39       36.99        16266589.000             983.577      765214.438           0.000
    28.38    37396.62      990.39       37.76        16836202.000             983.577      793979.000           0.000
    29.16    38160.98      990.39       38.53        17413632.000             983.577      823337.625          -0.000
    29.93    38925.34      990.39       39.30        17998824.000             983.577      853290.250           0.000
    30.71    39689.69      990.39       40.07        18591724.000             983.577      883836.750           0.000
    31.49    40454.05      990.39       40.85        19192292.000             983.577      914977.375          -0.000
    32.27    41218.40      990.39       41.62        19800468.000             983.577      946711.938           0.000
    33.04    41982.76      990.39       42.39        20416210.000             983.577      979040.500           0.000
    33.82    42747.11      990.39       43.16        21039474.000             983.577     1011963.125          -0.000
    34.60    43511.47      990.39       43.93        21670210.000             983.577     1045479.500           0.000
    35.37    44275.82      990.39       44.71        22308376.000             983.577     1079590.125           0.000
    36.15    45040.18      990.39       45.48        22953930.000             983.577     1114294.625           0.000
    36.93    45804.54      990.39       46.25        23606832.000             983.577     1149593.250          -0.000
    37.71    46568.89      990.39       47.02        24267036.000             983.577     1185485.750           0.000
    38.48    47333.25      990.39       47.79        24934504.000             983.577     1221972.375           0.000
    39.26    48097.60      990.39       48.56        25609194.000             983.577     1259052.750          -0.000
    40.04    48861.96      990.39       49.34        26291074.000             983.577     1296727.250           0.000
    40.81    49626.31      990.39       50.11        26980098.000             983.577     1334995.750           0.000
    41.59    50390.67      990.39       50.88        27676244.000             983.577     1373858.375          -0.000
    42.37    51155.03      990.39       51.65        28379458.000             983.577     1413314.875           0.000
    43.15    51919.38      990.39       52.42        29089710.000             983.577     1453365.375           0.000
    43.92    52683.73      990.39       53.20        29806968.000             983.577     1494009.750           0.000
    44.70    53448.09      990.39       53.97        30531202.000             983.577     1535248.250           0.000
    45.48    54212.45      990.39       54.74        31262372.000             983.577     1577080.750           0.000
    46.25    54976.80      990.39       55.51        32000446.000             983.577     1619507.250           0.000
    47.03    55741.16      990.39       56.28        32745394.000             983.577     1662527.750          -0.000
    47.81    56505.52      990.39       57.05        33497186.000             983.577     1706142.250           0.000
    48.59    57269.88      990.39       57.83        34255788.000             983.577     1750350.750           0.000
    49.36    58034.23      990.39       58.60        35021160.000             983.577     1795153.000           0.000
