 Elev(m)    Area(m2)     Peri(m)      Radi(m)   Conv(m3/s)    topWidth(m)    newI1(m3)    dPdA(1/m)
   -24.00        0.00        0.00         NaN                 NaN               0.000           0.000             NaN
   -23.28       13.51       30.42        0.44             314.741              30.377           4.912           2.251
   -22.55       43.47       52.03        0.84            1542.642              51.934          25.625           0.721
   -21.82       86.98       67.73        1.28            4110.640              67.562          73.041           0.361
   -21.10      141.33       82.24        1.72            8110.882              81.980         156.027           0.267
   -20.37      206.00       95.84        2.15           13723.908              95.458         282.273           0.210
   -19.64      281.12      112.16        2.51           20749.260             111.670         459.328           0.217
   -18.91      368.06      129.77        2.84           29499.980             129.178         695.289           0.203
   -18.19      468.24      146.79        3.19           40587.211             146.094         999.264           0.170
   -17.46      580.92      164.30        3.54           53930.250             163.500        1380.608           0.155
   -16.73      705.05      180.33        3.91           69992.195             179.412        1848.024           0.129
   -16.01      840.13      192.71        4.36           89681.609             191.657        2409.655           0.092
   -15.28      984.05      206.05        4.78          111629.633             204.868        3072.696           0.093
   -14.55     1138.48      221.48        5.14          135638.312             220.182        3844.178           0.100
   -13.83     1305.19      240.44        5.43          161252.281             239.066        4732.388           0.114
   -13.10     1484.58      254.65        5.83          192354.922             253.178        5746.397           0.079
   -12.37     1673.04      266.74        6.27          227605.375             265.168        6894.112           0.064
   -11.64     1870.23      279.49        6.69          265645.156             277.832        8181.998           0.065
   -10.92     2076.68      291.64        7.12          307449.969             289.877        9616.596           0.059
   -10.19     2291.70      303.71        7.55          352651.406             301.846       11204.389           0.056
    -9.46     2517.40      323.45        7.78          395465.531             321.496       12952.369           0.087
    -8.74     2759.05      345.26        7.99          441129.188             343.224       14870.221           0.090
    -8.01     3015.88      364.95        8.26          493093.688             362.832       16969.260           0.077
    -7.28     3287.35      388.78        8.46          545759.438             386.579       19260.320           0.088
    -6.56     3576.17      410.12        8.72          606019.062             407.833       21755.029           0.074
    -5.83     3884.97      441.13        8.81          662719.062             438.774       24466.959           0.100
    -5.10     4212.69      465.90        9.04          731358.125             463.470       27410.250           0.076
    -4.38     4558.96      490.57        9.29          806067.062             488.057       30598.520           0.071
    -3.65     4921.11      511.07        9.63          890927.750             508.479       34044.277           0.057
    -2.92     5299.48      535.47        9.90          977146.812             532.789       37759.199           0.064
    -2.19     5698.36      568.24       10.03         1059962.625             565.473       41756.629           0.082
    -1.47     6122.62      604.80       10.12         1146075.250             601.967       46053.246           0.086
    -0.74     6580.15      669.96        9.82         1207130.875             667.054       50670.375           0.142
    -0.01     7090.34      729.67        9.72         1291484.625             726.692       55639.246           0.117
     0.71     7660.98      846.59        9.05         1330714.125             843.516       61000.969           0.205
     1.44     8300.65      937.90        8.85         1420611.750             934.685       66802.609           0.143
     2.17     9043.42     1083.55        8.35         1488383.375            1080.153       73106.727           0.196
     2.89     9835.62     1112.40        8.84         1682245.875            1108.662       79968.766           0.036
     3.62    10664.72     1171.75        9.10         1859595.250            1167.624       87420.102           0.072
     4.35    11548.97     1262.01        9.15         2021108.625            1257.543       95494.203           0.102
     5.07    12490.95     1334.29        9.36         2219316.000            1329.532      104232.094           0.077
     5.80    13513.23     1492.64        9.05         2347945.000            1487.627      113683.938           0.155
     6.53    14596.24     1497.28        9.75         2664365.500            1491.975      123901.000           0.004
     7.26    15701.35     1568.48       10.01         2917218.750            1562.821      134913.391           0.064
     7.98    16852.64     1614.77       10.44         3219341.500            1608.787      146745.922           0.040
     8.71    18036.39     1654.36       10.90         3547228.250            1648.060      159427.172           0.033
     9.44    19244.95     1677.34       11.47         3915975.000            1670.765      172977.969           0.019
    10.16    20465.99     1697.09       12.06         4305045.000            1690.237      187411.859           0.016
    10.89    21698.27     1705.60       12.72         4729874.500            1698.582      202737.469           0.007
    11.62    22935.47     1712.44       13.39         5174044.500            1705.255      218960.672           0.006
    12.34    24179.10     1724.77       14.02         5623068.000            1717.502      236085.594           0.010
    13.07    25427.64     1724.77       14.74         6115282.000            1717.502      254116.375           0.000
    13.80    26676.17     1724.77       15.47         6623878.000            1717.502      273054.750           0.000
    14.53    27924.71     1724.77       16.19         7148596.500            1717.502      292900.750           0.000
    15.25    29173.24     1724.77       16.91         7689196.500            1717.502      313654.375          -0.000
    15.98    30421.78     1724.77       17.64         8245444.000            1717.502      335315.625           0.000
    16.71    31670.31     1724.77       18.36         8817125.000            1717.502      357884.469           0.000
    17.43    32918.85     1724.77       19.09         9404032.000            1717.502      381360.938           0.000
    18.16    34167.38     1724.77       19.81        10005972.000            1717.502      405745.031           0.000
    18.89    35415.92     1724.77       20.53        10622757.000            1717.502      431036.750           0.000
    19.61    36664.45     1724.77       21.26        11254210.000            1717.502      457236.094          -0.000
    20.34    37912.99     1724.77       21.98        11900169.000            1717.502      484343.094           0.000
    21.07    39161.52     1724.77       22.71        12560464.000            1717.502      512357.688           0.000
    21.79    40410.06     1724.77       23.43        13234948.000            1717.502      541279.875           0.000
    22.52    41658.59     1724.77       24.15        13923467.000            1717.502      571109.688           0.000
    23.25    42907.12     1724.77       24.88        14625883.000            1717.502      601847.125           0.000
    23.98    44155.66     1724.77       25.60        15342062.000            1717.502      633492.188          -0.000
    24.70    45404.20     1724.77       26.32        16071870.000            1717.502      666044.812           0.000
    25.43    46652.73     1724.77       27.05        16815184.000            1717.502      699505.188           0.000
    26.16    47901.27     1724.77       27.77        17571876.000            1717.502      733873.125           0.000
    26.88    49149.80     1724.77       28.50        18341832.000            1717.502      769148.625           0.000
    27.61    50398.34     1724.77       29.22        19124940.000            1717.502      805331.812           0.000
    28.34    51646.87     1724.77       29.94        19921090.000            1717.502      842422.562           0.000
    29.06    52895.41     1724.77       30.67        20730178.000            1717.502      880420.938          -0.000
    29.79    54143.94     1724.77       31.39        21552096.000            1717.502      919326.938           0.000
    30.52    55392.48     1724.77       32.12        22386750.000            1717.502      959140.625           0.000
    31.25    56641.01     1724.77       32.84        23234038.000            1717.502      999861.812           0.000
    31.97    57889.55     1724.77       33.56        24093876.000            1717.502     1041490.812           0.000
    32.70    59138.08     1724.77       34.29        24966162.000            1717.502     1084027.250           0.000
    33.43    60386.61     1724.77       35.01        25850814.000            1717.502     1127471.250          -0.000
    34.15    61635.15     1724.77       35.74        26747744.000            1717.502     1171823.000           0.000
    34.88    62883.69     1724.77       36.46        27656874.000            1717.502     1217082.625           0.000
    35.61    64132.22     1724.77       37.18        28578114.000            1717.502     1263249.625           0.000
    36.33    65380.76     1724.77       37.91        29511392.000            1717.502     1310324.125           0.000
    37.06    66629.29     1724.77       38.63        30456620.000            1717.502     1358306.375           0.000
    37.79    67877.83     1724.77       39.35        31413742.000            1717.502     1407196.250          -0.000
    38.51    69126.36     1724.77       40.08        32382662.000            1717.502     1456993.625           0.000
    39.24    70374.90     1724.77       40.80        33363330.000            1717.502     1507698.750           0.000
    39.97    71623.43     1724.77       41.53        34355660.000            1717.502     1559311.375           0.000
    40.70    72871.96     1724.77       42.25        35359584.000            1717.502     1611831.750           0.000
    41.42    74120.50     1724.77       42.97        36375052.000            1717.502     1665259.625           0.000
    42.15    75369.03     1724.77       43.70        37401984.000            1717.502     1719595.125           0.000
    42.88    76617.57     1724.77       44.42        38440324.000            1717.502     1774838.375          -0.000
    43.60    77866.10     1724.77       45.15        39490000.000            1717.502     1830989.125           0.000
    44.33    79114.64     1724.77       45.87        40550964.000            1717.502     1888047.500           0.000
    45.06    80363.17     1724.77       46.59        41623144.000            1717.502     1946013.500           0.000
    45.78    81611.71     1724.77       47.32        42706492.000            1717.502     2004887.500           0.000
    46.51    82860.25     1724.77       48.04        43800944.000            1717.502     2064668.750           0.000
    47.24    84108.78     1724.77       48.77        44906444.000            1717.502     2125357.500          -0.000
    47.96    85357.31     1724.77       49.49        46022936.000            1717.502     2186954.000           0.000
    48.69    86605.85     1724.77       50.21        47150376.000            1717.502     2249458.250           0.000
