 Elev(m)    Area(m2)     Peri(m)      Radi(m)   Conv(m3/s)    topWidth(m)    newI1(m3)    dPdA(1/m)
   -19.84        0.00        0.00         NaN                 NaN               0.000           0.000             NaN
   -19.20       17.41       46.14        0.38             363.542              46.121           5.505           2.651
   -18.57       57.20       88.49        0.65            1710.747              88.431          29.102           1.064
   -17.94      122.52      115.62        1.06            5093.709             115.526          85.940           0.415
   -17.31      209.29      184.14        1.14            9117.083             184.015         190.877           0.790
   -16.67      338.64      221.27        1.53           17989.535             221.107         364.166           0.287
   -16.04      488.62      252.85        1.93           30323.234             252.662         625.797           0.211
   -15.41      663.03      301.49        2.20           44850.852             301.277         990.021           0.279
   -14.78      865.14      340.96        2.54           64377.273             340.716        1473.322           0.195
   -14.14     1088.76      366.45        2.97           90006.070             366.164        2091.265           0.114
   -13.51     1331.70      404.88        3.29          117810.523             404.562        2856.762           0.158
   -12.88     1596.11      432.76        3.69          152404.094             432.408        3782.711           0.105
   -12.25     1878.20      459.72        4.09          192000.797             459.327        4881.500           0.096
   -11.61     2178.84      490.82        4.44          235408.203             490.387        6164.582           0.103
   -10.98     2496.49      514.28        4.85          286291.562             513.812        7643.203           0.074
   -10.35     2828.91      535.35        5.28          343293.125             534.829        9327.419           0.063
    -9.72     3171.84      549.73        5.77          408144.938             549.137       11225.220           0.042
    -9.08     3523.58      563.68        6.25          478278.500             563.015       13342.717           0.040
    -8.45     3883.90      577.17        6.73          553736.625             576.427       15685.411           0.037
    -7.82     4252.86      591.19        7.19          633935.375             590.353       18258.742           0.038
    -7.19     4631.38      607.77        7.62          717383.625             606.842       21068.473           0.044
    -6.55     5020.88      625.91        8.02          804797.062             624.890       24121.100           0.047
    -5.92     5422.09      644.94        8.41          896722.000             643.840       27423.797           0.047
    -5.29     5835.43      664.88        8.78          993162.688             663.695       30984.104           0.048
    -4.66     6262.15      686.93        9.12         1093095.625             685.674       34810.090           0.052
    -4.02     6701.29      702.75        9.54         1205376.500             701.410       38909.914           0.036
    -3.39     7148.70      714.32       10.01         1327932.625             712.871       43290.117           0.026
    -2.76     7602.52      723.13       10.51         1459414.625             721.559       47955.348           0.019
    -2.13     8061.18      730.32       11.04         1598516.875             728.593       52909.160           0.016
    -1.49     8524.36      737.90       11.55         1742466.000             736.037       58154.512           0.016
    -0.86     8992.17      745.12       12.07         1892408.000             743.125       63694.297           0.015
    -0.23     9464.83      753.46       12.56         2045846.000             751.327       69531.516           0.018
     0.40     9942.56      761.50       13.06         2205183.500             759.223       75669.305           0.017
     1.04    10425.29      769.66       13.55         2369586.000             767.257       82110.852           0.017
     1.67    10913.06      777.27       14.04         2540520.000             774.745       88859.336           0.016
     2.30    11405.35      784.67       14.54         2717174.500             782.023       95917.766           0.015
     2.93    11902.80      793.59       15.00         2895647.750             790.853      103289.211           0.018
     3.57    12406.32      804.21       15.43         3075276.000             801.401      110977.227           0.021
     4.20    12916.33      813.39       15.88         3264076.000             810.483      118985.781           0.018
     4.83    13430.80      819.36       16.39         3466670.750             816.284      127318.328           0.012
     5.46    13949.54      828.19       16.84         3666391.250             824.956      135977.656           0.017
     6.10    14478.54      868.29       16.67         3779984.000             864.902      144968.328           0.076
     6.73    15050.30      955.37       15.75         3783164.750             951.783      154307.125           0.152
     7.36    15682.59     1055.40       14.86         3791507.500            1051.636      164026.734           0.158
     7.99    16368.45     1113.71       14.70         3928472.750            1109.796      174163.203           0.085
     8.63    17074.78     1126.47       15.16         4183181.750            1122.462      184739.984           0.018
     9.26    17787.11     1133.68       15.69         4459046.500            1129.558      195765.406           0.010
     9.89    18503.45     1139.74       16.23         4745452.500            1135.470      207242.688           0.008
    10.52    19223.40     1145.39       16.78         5040506.500            1140.970      219174.203           0.008
    11.16    19947.28     1152.72       17.30         5338076.500            1148.158      231562.328           0.010
    11.79    20677.84     1165.86       17.74         5625196.500            1161.248      244410.469           0.018
    12.42    21412.36     1165.86       18.37         5962153.000            1161.248      257721.922          -0.000
    13.05    22146.87     1165.86       19.00         6306904.500            1161.248      271498.000           0.000
    13.69    22881.38     1165.86       19.63         6659364.500            1161.248      285738.656           0.000
    14.32    23615.90     1165.86       20.26         7019450.000            1161.248      300443.906           0.000
    14.95    24350.41     1165.86       20.89         7387080.500            1161.248      315613.750           0.000
    15.58    25084.93     1165.86       21.52         7762180.500            1161.248      331248.219          -0.000
    16.22    25819.44     1165.86       22.15         8144673.500            1161.248      347347.250           0.000
    16.85    26553.96     1165.86       22.78         8534492.000            1161.248      363910.875           0.000
    17.48    27288.47     1165.86       23.41         8931566.000            1161.248      380939.094          -0.000
    18.11    28022.98     1165.86       24.04         9335828.000            1161.248      398431.906           0.000
    18.75    28757.50     1165.86       24.67         9747220.000            1161.248      416389.375           0.000
    19.38    29492.01     1165.86       25.30        10165676.000            1161.248      434811.375           0.000
    20.01    30226.53     1165.86       25.93        10591139.000            1161.248      453698.000           0.000
    20.64    30961.04     1165.86       26.56        11023551.000            1161.248      473049.188          -0.000
    21.28    31695.55     1165.86       27.19        11462856.000            1161.248      492865.000           0.000
    21.91    32430.07     1165.86       27.82        11909002.000            1161.248      513145.375           0.000
    22.54    33164.58     1165.86       28.45        12361934.000            1161.248      533890.375           0.000
    23.18    33899.09     1165.86       29.08        12821607.000            1161.248      555100.000           0.000
    23.81    34633.61     1165.86       29.71        13287968.000            1161.248      576774.188          -0.000
    24.44    35368.12     1165.86       30.34        13760967.000            1161.248      598912.938           0.000
    25.07    36102.64     1165.86       30.97        14240564.000            1161.248      621516.312           0.000
    25.71    36837.15     1165.86       31.60        14726706.000            1161.248      644584.250           0.000
    26.34    37571.66     1165.86       32.23        15219357.000            1161.248      668116.812           0.000
    26.97    38306.18     1165.86       32.86        15718474.000            1161.248      692114.062          -0.000
    27.60    39040.69     1165.86       33.49        16224007.000            1161.248      716575.812           0.000
    28.24    39775.21     1165.86       34.12        16735925.000            1161.248      741502.125           0.000
    28.87    40509.72     1165.86       34.75        17254184.000            1161.248      766893.062          -0.000
    29.50    41244.23     1165.86       35.38        17778742.000            1161.248      792748.625           0.000
    30.13    41978.75     1165.86       36.01        18309566.000            1161.248      819068.750           0.000
    30.77    42713.26     1165.86       36.64        18846622.000            1161.248      845853.500           0.000
    31.40    43447.78     1165.86       37.27        19389870.000            1161.248      873102.875           0.000
    32.03    44182.29     1165.86       37.90        19939276.000            1161.248      900816.688          -0.000
    32.66    44916.80     1165.86       38.53        20494802.000            1161.248      928995.312           0.000
    33.30    45651.32     1165.86       39.16        21056420.000            1161.248      957638.500           0.000
    33.93    46385.83     1165.86       39.79        21624092.000            1161.248      986746.125           0.000
    34.56    47120.35     1165.86       40.42        22197792.000            1161.248     1016318.500           0.000
    35.19    47854.86     1165.86       41.05        22777482.000            1161.248     1046355.312          -0.000
    35.83    48589.38     1165.86       41.68        23363136.000            1161.248     1076856.875           0.000
    36.46    49323.89     1165.86       42.31        23954720.000            1161.248     1107822.875           0.000
    37.09    50058.40     1165.86       42.94        24552210.000            1161.248     1139253.625           0.000
    37.72    50792.92     1165.86       43.57        25155572.000            1161.248     1171149.000           0.000
    38.36    51527.43     1165.86       44.20        25764782.000            1161.248     1203508.750          -0.000
    38.99    52261.95     1165.86       44.83        26379806.000            1161.248     1236333.375           0.000
    39.62    52996.46     1165.86       45.46        27000618.000            1161.248     1269622.250           0.000
    40.25    53730.97     1165.86       46.09        27627198.000            1161.248     1303376.000          -0.000
    40.89    54465.48     1165.86       46.72        28259506.000            1161.248     1337594.125           0.000
    41.52    55200.00     1165.86       47.35        28897534.000            1161.248     1372277.125           0.000
    42.15    55934.52     1165.86       47.98        29541244.000            1161.248     1407424.625           0.000
    42.78    56669.03     1165.86       48.61        30190610.000            1161.248     1443036.625           0.000
    43.42    57403.54     1165.86       49.24        30845618.000            1161.248     1479113.375          -0.000
