 Elev(m)    dbdxp(-)    dbdxc(-)      I2p     I2c
  -14.1400003       0.00000000       0.00000000       0.00000000       0.00000000    
  -13.5600004      -2.12208033E-02  -6.55073300E-03  -1.78466912E-03  -5.50916477E-04
  -12.9799995      -5.47609888E-02  -1.62155535E-02  -1.17440801E-02  -3.56739550E-03
  -12.4099998      -9.00473446E-02  -2.95312963E-02  -3.99900377E-02  -1.22608049E-02
  -11.8299999     -0.102439366      -4.98543009E-02  -9.68843922E-02  -3.15628722E-02
  -11.2500000     -0.136171699      -6.55385330E-02 -0.190034062      -6.72457963E-02
  -10.6800003     -0.354684651      -6.27982169E-02 -0.342579871     -0.122643821    
  -10.1000004     -0.439900935     -0.315753639     -0.605183363     -0.221453726    
  -9.52000046     -0.294000387     -0.332446456     -0.996332586     -0.406613439    
  -8.94999981     -0.172134608     -0.250631541      -1.48059726     -0.691191614    
  -8.36999989     -0.142822996     -0.168897271      -2.03835940      -1.06422102    
  -7.78999996     -0.101042621      -9.87601504E-02  -2.64311862      -1.49504268    
  -7.21000004      -7.36946762E-02  -7.79975057E-02  -3.28308225      -1.96323979    
  -6.63999987     -0.166434348      -2.17364412E-02  -3.94664907      -2.44636130    
  -6.05999994     -0.269307375       1.89660992E-02  -4.67834377      -2.94643188    
  -5.48000002     -0.161759421      -1.55348899E-02  -5.48293686      -3.44644690    
  -4.90999985     -0.180113703      0.188330904      -6.33803749      -3.92302537    
  -4.32999992      -5.07052727E-02  0.194720104      -7.25579786      -4.36147308    
  -3.75000000     -0.152751982      0.187629342      -8.21008110      -4.73555040    
  -3.18000007     -0.139092892      0.177983612      -9.18927193      -5.04082918    
  -2.59999990     -0.126102492      0.167818636      -10.2320576      -5.29217291    
  -2.01999998     -0.109328330      0.153950751      -11.3169451      -5.48737383    
  -1.45000005      -9.16461125E-02  0.140544176      -12.4194889      -5.62784815    
 -0.870000005      -7.60488510E-02  0.129494071      -13.5720835      -5.72374439    
 -0.289999992      -2.82864645E-02   8.49816501E-02  -14.7475567      -5.77889252    
  0.280000001      0.112869889      -5.31335436E-02  -15.9042721      -5.81268549    
  0.860000014      0.116353519      -5.28998673E-02  -17.0550156      -5.85335684    
   1.44000006      0.119059354      -5.18818237E-02  -18.1666813      -5.91175795    
   2.00999999      0.120203570      -4.94151711E-02  -19.2196026      -5.98633146    
   2.58999991      0.118061572      -4.56299856E-02  -20.2511902      -6.07857609    
   3.17000008      0.112099737      -3.89539711E-02  -21.2433815      -6.18592739    
   3.74000001      0.107151859      -3.15753371E-02  -22.1810036      -6.30435038    
   4.32000017      0.102808155      -1.94867589E-02  -23.0993042      -6.43497276    
   4.90000010      0.104238108      -2.12831283E-03  -23.9825325      -6.57170725    
   5.46999979      0.121264793       4.56937775E-03  -24.8144569      -6.70766544    
   6.05000019      0.103220247       4.44170050E-02  -25.6234646      -6.84168720    
   6.63000011       2.80451477E-02   5.35221733E-02  -26.4025536      -6.96335316    
   7.21000004     -0.197714001       8.14786479E-02  -27.1848736      -7.06542826    
   7.78000021     -0.357979149       6.75853491E-02  -28.0144615      -7.14204931    
   8.35999966     -0.190486223     -0.166809827      -28.9506416      -7.21604347    
   8.93999958     -0.131821409     -0.203901157      -29.9600563      -7.32955885    
   9.51000023       6.63709501E-03 -0.240256801      -30.9892330      -7.50911045    
   10.0900002       2.42524967E-02 -0.120435111      -32.0442123      -7.75884390    
   10.6700001       3.24963555E-02   1.29934237E-03  -33.0918198      -8.04893112    
   11.2399998       3.59600820E-02   3.59376930E-02  -34.1109161      -8.34073162    
   11.8199997       3.82893756E-02   4.06247079E-02  -35.1359901      -8.62813663    
   12.3999996       4.11446579E-02   3.88825387E-02  -36.1481438      -8.90241528    
   12.9700003       4.06147577E-02   3.88914235E-02  -37.1294022      -9.15885353    
   13.5500002       4.09442112E-02   3.77406366E-02  -38.1142654      -9.40691948    
   14.1300001       3.54156084E-02   3.80203351E-02  -39.0858421      -9.64216995    
   14.6999998       5.38032949E-02   3.53811346E-02  -40.0268555      -9.86092854    
   15.2799997       5.38032949E-02   5.38032949E-02  -40.9679565      -10.0699606    
   15.8599997       5.38032949E-02   5.38032949E-02  -41.8909569      -10.2624426    
   16.4300003       5.38032949E-02   5.38032949E-02  -42.7801018      -10.4336624    
   17.0100002       5.38032949E-02   5.38032949E-02  -43.6669044      -10.5899448    
   17.5900002       5.38032949E-02   5.38032949E-02  -44.5356064      -10.7281284    
   18.1599998       5.38032949E-02   5.38032949E-02  -45.3713875      -10.8459854    
   18.7399998       5.38032949E-02   5.38032949E-02  -46.2038918      -10.9479704    
   19.3199997       5.38032949E-02   5.38032949E-02  -47.0182991      -11.0318556    
   19.8899994       5.38032949E-02   5.38032949E-02  -47.8007164      -11.0963507    
   20.4699993       5.38032949E-02   5.38032949E-02  -48.5789223      -11.1440372    
   21.0499992       5.38032949E-02   5.38032949E-02  -49.3390312      -11.1736240    
   21.6299992       5.38032949E-02   5.38032949E-02  -50.0810356      -11.1851120    
   22.2000008       5.38032949E-02   5.38032949E-02  -50.7923088      -11.1784582    
   22.7800007       5.38032949E-02   5.38032949E-02  -51.4981194      -11.1537466    
   23.3600006       5.38032949E-02   5.38032949E-02  -52.1858253      -11.1109352    
   23.9300003       5.38032949E-02   5.38032949E-02  -52.8437347      -11.0509195    
   24.5100002       5.38032949E-02   5.38032949E-02  -53.4952431      -10.9719095    
   25.0900002       5.38032949E-02   5.38032949E-02  -54.1286545      -10.8748007    
   25.6599998       5.38032949E-02   5.38032949E-02  -54.7332001      -10.7614222    
   26.2399998       5.38032949E-02   5.38032949E-02  -55.3304138      -10.6281147    
   26.8199997       5.38032949E-02   5.38032949E-02  -55.9095230      -10.4767075    
   27.3899994       5.38032949E-02   5.38032949E-02  -56.4607086      -10.3099670    
   27.9699993       5.38032949E-02   5.38032949E-02  -57.0036240      -10.1223612    
   28.5499992       5.38032949E-02   5.38032949E-02  -57.5284348      -9.91665554    
   29.1200008       5.38032949E-02   5.38032949E-02  -58.0262604      -9.69655228    
   29.7000008       5.38032949E-02   5.38032949E-02  -58.5148735      -9.45464802    
   30.2800007       5.38032949E-02   5.38032949E-02  -58.9853897      -9.19464397    
   30.8500004       5.38032949E-02   5.38032949E-02  -59.4298515      -8.92117977    
   31.4300003       5.38032949E-02   5.38032949E-02  -59.8641663      -8.62497711    
   32.0099983       5.38032949E-02   5.38032949E-02  -60.2803841      -8.31067562    
   32.5800018       5.38032949E-02   5.38032949E-02  -60.6714821      -7.98384714    
   33.1599998       5.38032949E-02   5.38032949E-02  -61.0515022      -7.63334751    
   33.7400017       5.38032949E-02   5.38032949E-02  -61.4134216      -7.26474571    
   34.3100014       5.38032949E-02   5.38032949E-02  -61.7511559      -6.88455725    
   34.8899994       5.38032949E-02   5.38032949E-02  -62.0768776      -6.47975922    
   35.4700012       5.38032949E-02   5.38032949E-02  -62.3844986      -6.05685902    
   36.0499992       5.38032949E-02   5.38032949E-02  -62.6740189      -5.61586237    
   36.6199989       5.38032949E-02   5.38032949E-02  -62.9406052      -5.16452456    
   37.2000008       5.38032949E-02   5.38032949E-02  -63.1939278      -4.68732595    
   37.7799988       5.38032949E-02   5.38032949E-02  -63.4291496      -4.19203138    
   38.3499985       5.38032949E-02   5.38032949E-02  -63.6423759      -3.68733120    
   38.9300003       5.38032949E-02   5.38032949E-02  -63.8414001      -3.15583420    
   39.5099983       5.38032949E-02   5.38032949E-02  -64.0223236      -2.60624146    
   40.0800018       5.38032949E-02   5.38032949E-02  -64.1821899      -2.04817557    
   40.6599998       5.38032949E-02   5.38032949E-02  -64.3269119      -1.46238399    
   41.2400017       5.38032949E-02   5.38032949E-02  -64.4535370     -0.858489156    
   41.8100014       5.38032949E-02   5.38032949E-02  -64.5600357     -0.247064993    
   42.3899994       5.38032949E-02   5.38032949E-02  -64.6504669      0.393024713    
   42.9700012       5.38032949E-02   5.38032949E-02  -64.7227936       1.05121803    
   43.5400009       5.38032949E-02   5.38032949E-02  -64.7759323       1.71600425    
