 Elev(m)    Area(m2)     Peri(m)      Radi(m)   Conv(m3/s)    topWidth(m)    newI1(m3)    dPdA(1/m)
   -26.15        0.00        0.00         NaN                 NaN               0.000           0.000             NaN
   -25.43       23.98       75.78        0.32             445.517              75.700           8.565           3.160
   -24.72      110.44      147.44        0.75            3643.444             147.270          56.572           0.829
   -24.01      221.71      164.60        1.35           10815.957             164.333         175.192           0.154
   -23.29      347.44      187.52        1.85           20964.602             187.145         378.452           0.182
   -22.58      487.12      204.92        2.38           34704.984             204.437         676.499           0.125
   -21.86      639.71      224.42        2.85           51443.387             223.839        1078.928           0.128
   -21.15      810.66      259.99        3.12           69207.594             259.332        1596.904           0.208
   -20.43     1013.94      297.70        3.41           91811.188             296.959        2248.532           0.186
   -19.72     1231.36      312.27        3.94          122938.188             311.421        3050.409           0.067
   -19.01     1458.55      325.59        4.48          158542.984             324.639        4011.069           0.059
   -18.29     1695.90      340.62        4.98          197791.859             339.568        5137.629           0.063
   -17.58     1943.23      354.65        5.48          241581.875             353.487        6437.288           0.057
   -16.86     2201.01      369.28        5.96          289417.188             368.008        7917.337           0.057
   -16.15     2468.70      382.82        6.45          342120.250             381.435        9585.050           0.051
   -15.43     2747.42      400.69        6.86          396642.188             399.202       11447.905           0.064
   -14.72     3040.86      425.66        7.14          451175.719             424.081       13515.098           0.085
   -14.01     3352.33      451.55        7.42          510307.531             449.883       15798.324           0.083
   -13.29     3685.49      478.48        7.70          574964.188             476.667       18311.766           0.081
   -12.58     4029.16      487.63        8.26          658708.688             485.642       21066.932           0.027
   -11.86     4378.45      494.33        8.86          749748.375             492.161       24069.574           0.019
   -11.15     4732.22      500.77        9.45          846079.312             498.405       27323.309           0.018
   -10.43     5090.07      505.96       10.06          948835.312             503.380       30831.188           0.015
    -9.72     5451.28      510.83       10.67         1056916.000             508.027       34595.863           0.013
    -9.01     5815.81      515.70       11.28         1169889.125             512.675       38619.727           0.013
    -8.29     6183.65      520.55       11.88         1287730.500             517.302       42905.145           0.013
    -7.58     6554.79      525.39       12.48         1410378.000             521.915       47454.473           0.013
    -6.86     6929.23      530.24       13.07         1537748.750             526.540       52270.082           0.013
    -6.15     7307.23      535.75       13.64         1668560.375             531.856       57354.406           0.015
    -5.44     7688.98      541.14       14.21         1804275.875             537.053       62710.062           0.014
    -4.72     8074.43      546.53       14.77         1944639.875             542.250       68339.719           0.014
    -4.01     8463.58      551.81       15.34         2089883.750             547.340       74246.000           0.014
    -3.29     8856.95      558.98       15.84         2234959.500             554.345       80431.758           0.018
    -2.58     9255.49      566.45       16.34         2383887.000             561.655       86900.328           0.019
    -1.86     9660.05      576.08       16.77         2531448.500             571.149       93655.719           0.024
    -1.15    10071.12      584.74       17.22         2686660.000             579.671      100702.391           0.021
    -0.44    10488.13      593.14       17.68         2847406.250             587.939      108044.805           0.020
     0.28    10910.77      600.82       18.16         3015228.000             595.479      115687.078           0.018
     0.99    11338.94      609.26       18.61         3185283.500             603.783      123633.211           0.020
     1.71    11773.11      617.50       19.07         3360887.250             611.900      131887.312           0.019
     2.42    12213.15      626.19       19.50         3539732.250             620.465      140453.625           0.020
     3.14    12666.08      659.81       19.20         3632331.250             653.947      149338.844           0.074
     3.85    13221.96      854.88       15.47         3283091.250             848.816      158584.344           0.351
     4.56    13866.38     1006.00       13.78         3188596.000             999.610      168258.516           0.235
     5.28    14624.71     1151.06       12.71         3185226.000            1144.251      178433.656           0.191
     5.99    15525.16     1380.94       11.24         3116524.500            1373.631      189201.203           0.255
     6.71    16568.71     1510.48       10.97         3271888.250            1502.736      200663.031           0.124
     7.42    17650.84     1536.93       11.48         3593907.500            1528.695      212884.000           0.024
     8.14    18753.35     1562.33       12.00         3932568.000            1553.638      225885.172           0.023
     8.85    19868.83     1579.96       12.58         4297834.500            1570.872      239678.484           0.016
     9.56    21002.22     1612.36       13.03         4650795.500            1603.026      254274.922           0.029
    10.28    22147.21     1612.36       13.74         5081013.500            1603.026      269685.062           0.000
    10.99    23292.20     1612.36       14.45         5526321.000            1603.026      285913.031           0.000
    11.71    24437.19     1612.36       15.16         5986468.500            1603.026      302958.812           0.000
    12.42    25582.18     1612.36       15.87         6461221.500            1603.026      320822.469          -0.000
    13.14    26727.17     1612.36       16.58         6950354.000            1603.026      339503.906           0.000
    13.85    27872.16     1612.36       17.29         7453661.500            1603.026      359003.188           0.000
    14.56    29017.15     1612.36       18.00         7970947.000            1603.026      379320.344           0.000
    15.28    30162.14     1612.36       18.71         8502022.000            1603.026      400455.250          -0.000
    15.99    31307.13     1612.36       19.42         9046712.000            1603.026      422408.062           0.000
    16.71    32452.12     1612.36       20.13         9604847.000            1603.026      445178.688           0.000
    17.42    33597.11     1612.36       20.84        10176267.000            1603.026      468767.094          -0.000
    18.14    34742.11     1612.36       21.55        10760822.000            1603.026      493173.344           0.000
    18.85    35887.10     1612.36       22.26        11358364.000            1603.026      518397.500           0.000
    19.56    37032.09     1612.36       22.97        11968752.000            1603.026      544439.375           0.000
    20.28    38177.07     1612.36       23.68        12591853.000            1603.026      571299.125          -0.000
    20.99    39322.07     1612.36       24.39        13227541.000            1603.026      598976.750           0.000
    21.71    40467.06     1612.36       25.10        13875691.000            1603.026      627472.188           0.000
    22.42    41612.05     1612.36       25.81        14536183.000            1603.026      656785.438          -0.000
    23.14    42757.04     1612.36       26.52        15208905.000            1603.026      686916.562           0.000
    23.85    43902.03     1612.36       27.23        15893743.000            1603.026      717865.438           0.000
    24.56    45047.02     1612.36       27.94        16590596.000            1603.026      749632.125           0.000
    25.28    46192.01     1612.36       28.65        17299358.000            1603.026      782216.688          -0.000
    25.99    47337.00     1612.36       29.36        18019932.000            1603.026      815619.188           0.000
    26.71    48481.99     1612.36       30.07        18752216.000            1603.026      849839.375           0.000
    27.42    49626.98     1612.36       30.78        19496124.000            1603.026      884877.375          -0.000
    28.14    50771.97     1612.36       31.49        20251566.000            1603.026      920733.375           0.000
    28.85    51916.96     1612.36       32.20        21018448.000            1603.026      957407.062           0.000
    29.56    53061.95     1612.36       32.91        21796692.000            1603.026      994898.562           0.000
    30.28    54206.94     1612.36       33.62        22586214.000            1603.026     1033208.062          -0.000
    30.99    55351.93     1612.36       34.33        23386926.000            1603.026     1072335.250           0.000
    31.71    56496.92     1612.36       35.04        24198764.000            1603.026     1112280.250           0.000
    32.42    57641.91     1612.36       35.75        25021646.000            1603.026     1153043.125          -0.000
    33.14    58786.90     1612.36       36.46        25855494.000            1603.026     1194623.875           0.000
    33.85    59931.89     1612.36       37.17        26700242.000            1603.026     1237022.375           0.000
    34.56    61076.88     1612.36       37.88        27555822.000            1603.026     1280238.750           0.000
    35.28    62221.87     1612.36       38.59        28422158.000            1603.026     1324272.875          -0.000
    35.99    63366.87     1612.36       39.30        29299190.000            1603.026     1369125.125           0.000
    36.71    64511.86     1612.36       40.01        30186850.000            1603.026     1414794.875           0.000
    37.42    65656.84     1612.36       40.72        31085076.000            1603.026     1461282.500          -0.000
    38.14    66801.84     1612.36       41.43        31993804.000            1603.026     1508588.000           0.000
    38.85    67946.82     1612.36       42.14        32912974.000            1603.026     1556711.375           0.000
    39.56    69091.81     1612.36       42.85        33842536.000            1603.026     1605652.500           0.000
    40.28    70236.81     1612.36       43.56        34782428.000            1603.026     1655411.750           0.000
    40.99    71381.80     1612.36       44.27        35732580.000            1603.026     1705988.500           0.000
    41.71    72526.79     1612.36       44.98        36692952.000            1603.026     1757383.125           0.000
    42.42    73671.77     1612.36       45.69        37663484.000            1603.026     1809595.625          -0.000
    43.14    74816.77     1612.36       46.40        38644120.000            1603.026     1862625.875           0.000
    43.85    75961.76     1612.36       47.11        39634824.000            1603.026     1916474.000           0.000
    44.56    77106.74     1612.36       47.82        40635520.000            1603.026     1971140.000           0.000
    45.28    78251.74     1612.36       48.53        41646188.000            1603.026     2026624.000           0.000
