135.24	RS=135.24  
0	8.116823744
9.092183977	8.132064093
18.18436795	5.605271814
27.27350502	4.626864093
36.36568726	4.373880116
45.45787181	3.977640058
54.55005637	3.919727895
63.64224093	5.221223744
72.73137451	5.599176256
81.82356372	5.760719884
90.91574363	6.001512163
92.22028726	6.007607721
100.0079235	6.044183977
109.1001127	6.02589614
118.1922927	5.989319884
127.2814309	5.925312163
136.3736201	5.809487837
145.4658	5.501639767
154.5579799	5.081016023
163.6501598	4.953
172.739298	4.852416023
181.8314873	4.888992279
190.9236765	5.123687837
200.0158471	5.291328186
209.1080363	5.209032047
218.2002255	5.120639767
227.2893637	4.998719884
236.3815529	4.79450386
245.4737235	4.657343919
254.5659127	4.590288128
263.658102	4.572
272.7472402	4.56590386
281.8394108	4.617719884
290.9316	4.812791988
300.0237892	4.980432047
309.1159598	4.953
318.208149	4.788408012
327.2973059	4.745735907
336.3894765	4.94995193
345.4816471	5.227319884
354.5738549	5.202935907
363.6660255	4.898135907
372.7581961	4.64515193
381.8473529	4.319016023
390.9395235	4.090416023
400.0316941	3.782567953
409.123902	3.550919884
418.2160726	3.672840058
427.3082804	3.977640058
436.3974	4.288535907
445.4895706	4.474464093
454.5817784	4.41655193
463.673949	4.514088128
472.7661196	4.526280116
481.8583274	4.456175965
490.9474471	4.42569614
500.0396549	4.303775965
509.1318255	4.34035193
518.2239961	4.529327895
527.3162039	4.57504807
536.4083745	4.4958
545.5005451	4.230624035
554.589702	3.767327895
563.6818726	3.520440058
572.7740804	2.74624807
581.866251	1.301495994
590.9584216	0.6096
627.3240902	0.6096
636.416298	-5.806439767
645.5085059	-12.88694363
654.6006393	-14.43227953
663.6897961	-15.83436023
672.7820039	-16.80972047
681.8742117	-17.76679228
690.9663451	-18.64461544
700.0585529	-19.42185637
709.1507607	-20.15947181
718.2428941	-20.92756912
727.332051	-21.54326409
736.4242588	-21.98217684
745.5163922	-22.55215135
754.6086	-22.97277684
763.7008078	-23.22271274
772.7929412	-23.55799228
781.882098	-23.83840772
790.9743059	-23.9268
800.0664393	-24.03043088
809.1586471	-24.06395907
818.2508549	-24.00909498
827.3429883	-24.00909498
836.4351961	-23.77744865
845.5243529	-23.45131274
854.6165607	-23.10079228
863.7086941	-22.83561544
872.800902	-22.64664093
881.8931098	-22.48204865
890.9852432	-22.48509498
900.077451	-22.31745637
909.1666078	-22.00960772
918.2587412	-21.71090502
927.350949	-21.36647953
936.4431568	-21.19579228
945.5352902	-21.04034363
954.627498	-20.83307953
963.7197059	-20.55571274
972.8087883	-20.30882316
981.9009961	-20.14727953
990.9932039	-20.0406
1000.085412	-19.90039228
1009.177545	-19.65045637
1018.269753	-19.29688842
1027.361961	-18.85797567
1036.451043	-18.40687181
1045.543251	-17.98624749
1054.635459	-17.66011158
1063.727592	-17.48027953
1072.8198	-17.42541544
1081.912008	-17.44065637
1091.004141	-17.44675251
1100.096349	-17.33702433
1109.185506	-17.16023977
1118.277639	-16.98955251
1127.369847	-16.81886409
1136.462055	-16.65732047
1145.554188	-16.47443977
1154.646396	-16.24279228
1163.738604	-15.97761544
1172.830812	-15.65147953
1181.919894	-15.41373591
1191.012102	-15.28572047
1200.10431	-15.12417567
1209.196443	-14.97787181
1218.288651	-14.79499228
1227.380859	-14.41703977
1236.472992	-13.95069614
1245.5652	-13.49959228
1254.657408	-13.09420772
1263.74649	-12.75283205
1272.838698	-12.38402433
1281.930906	-11.92987181
1291.023114	-11.41171158
1300.115321	-10.76858456
1309.20738	-9.820656372
1318.299588	-6.952487837
1321.442094	-3.788664093
1327.38882	2.194559942
1336.480879	5.205983977
1345.573086	5.193792279
1354.665294	5.038344209
1363.757502	4.995671814
1372.84971	4.974335907
1381.941918	4.94690386
1391.033977	4.977383977
1400.123208	4.998719884
1409.215416	4.288535907
1418.307623	3.160775965
1427.399682	3.029711872
1436.49189	3.27050386
1445.584098	3.520440058
1454.676306	3.57530386
1463.768514	4.550664093
1472.857596	5.681471814
1481.949804	8.659367953
	
