   0.00000000       56.4644547    
   0.00000000       8.17778397    
   8.13511181       7.21766424    
   14.2372074       5.91616774    
   16.2702236       5.46811199    
   24.4053364       4.64515209    
   28.4713688       4.46836805    
   32.5404472       4.37083197    
   40.6755600       4.38302422    
   42.7085762       4.34035206    
   48.8106728       4.31292009    
   56.9457855       4.39216805    
   65.0808945       3.96849608    
   71.1860428       3.48995996    
   72.1918793       3.41375995    
   73.2160110       3.33451176    
   81.3511200       3.16077590    
   85.4201965       3.06324005    
   89.4862289       2.95960808    
   97.6213455       2.40182400    
   99.6574020       2.35915184    
   105.756454       2.23723197    
   113.891571       2.27990389    
   122.026680       2.29209590    
   128.128769       2.18541598    
   130.161789       2.14883995    
   138.296906       2.11531210    
   142.365982       2.07568789    
   146.432022       2.03606391    
   154.567123       2.16103196    
   156.603180       2.17322397    
   161.434280       2.13055182    
   162.702240       2.12140799    
   170.837357       1.25882399    
   179.658264     -0.786383986    
   180.051453     -0.853439987    
   188.485275      -2.37743998    
   189.265564      -2.50850391    
   197.306183      -4.06908035    
   198.479660      -4.36778402    
   206.127106      -6.82447195    
   207.693756      -7.36091995    
   214.948013      -9.28725624    
   216.907883      -9.76883984    
   223.768921      -11.7317524    
   226.121979      -12.3748798    
   232.592865      -14.6425924    
   235.336075      -15.5874720    
   241.413788      -17.4863758    
   244.547134      -18.4617367    
   250.234695      -19.9583054    
   253.764282      -20.9275684    
   259.055603      -22.1345768    
   262.975342      -23.1068878    
   267.882629      -24.1645432    
   272.192505      -25.1002789    
   276.703552      -25.7921772    
   281.406586      -26.4170151    
   285.524445      -26.7340069    
   290.617645      -27.0723362    
   294.345367      -27.3192234    
   299.834808      -27.5417290    
   303.166290      -27.7032719    
   309.045868      -27.8434792    
   311.990234      -27.9135838    
   318.263031      -28.0446491    
   320.811157      -28.0812225    
   327.474091      -28.2031441    
   329.632050      -28.2702007    
   336.688171      -28.5170879    
   338.452972      -28.6115761    
   345.905334      -29.0382957    
   347.273865      -29.1449776    
   355.116364      -29.7515278    
   356.100891      -29.8185844    
   364.333527      -30.3306484    
   364.921814      -30.3458881    
   373.544617      -30.5775356    
   373.742706      -30.5744877    
   382.563629      -30.5653439    
   382.758698      -30.5653439    
   391.384521      -30.5257206    
   391.972809      -30.5196228    
   400.208496      -30.3519840    
   401.186890      -30.3245506    
   409.029388      -29.9984150    
   410.404053      -29.9344082    
   417.850342      -29.6113205    
   419.615082      -29.5351200    
   426.671234      -29.4528236    
   428.829224      -29.4192944    
   435.495209      -29.4314880    
   438.043335      -29.4345360    
   444.319153      -29.4497776    
   447.257416      -29.4741592    
   453.140076      -29.4894009    
   456.468475      -29.5107365    
   461.960968      -29.6113205    
   465.685608      -29.6783772    
   470.781891      -29.9100227    
   474.896698      -30.0837593    
   479.605865      -30.4007511    
   484.113861      -30.7207928    
   488.426758      -31.0652161    
   493.327942      -31.4858418    
   497.247681      -31.9979057    
   502.539001      -32.7111359    
   506.068573      -33.1469994    
   511.756134      -33.8449936    
   514.892578      -34.1284561    
   520.967224      -34.6770935    
   523.716492      -35.0093269    
   530.184326      -35.8261909    
   532.537415      -36.1066093    
   539.395447      -36.9905281    
   541.358337      -37.1977921    
   548.609497      -37.9628410    
   550.179260      -38.0512314    
   557.823608      -38.4779510    
   559.000122      -38.5084305    
   567.037720      -38.7309341    
   567.824097      -38.7461777    
   576.254883      -38.9260063    
   576.645020      -38.9351501    
   585.465942      -39.1088867    
   594.137512      -38.9473419    
   596.231506      -38.8802872    
   602.802917      -38.6547356    
   606.990906      -38.3865128    
   611.474548      -38.0847588    
   617.753418      -37.3471451    
   620.143005      -37.0636787    
   628.512878      -35.8139992    
   628.811523      -35.7713280    
   637.480042      -34.2229424    
   639.275391      -33.7444077    
   646.151611      -31.8485508    
   650.037781      -30.6720238    
   654.820190      -29.1541214    
   660.797241      -27.4838161    
   663.488647      -26.7522945    
   671.559753      -24.5638313    
   672.157166      -24.3870487    
   680.825623      -22.5887280    
   682.319214      -22.3113594    
   689.497192      -20.6623917    
   693.084717      -19.8668633    
   698.162720      -18.8122559    
   703.847168      -17.5747681    
   706.834229      -17.0383205    
   714.606628      -15.4777441    
   715.505798      -15.3009605    
   724.171265      -13.3868151    
   725.369141      -13.1765041    
   732.842834      -11.8780565    
   736.128601      -11.2836962    
   741.511353      -10.2687120    
   746.891052      -9.24458408    
   750.179871      -8.67156029    
   757.650513      -7.42188025    
   758.848328      -7.22376013    
   767.519958      -5.88568783    
   768.413025      -5.78510380    
   776.185425      -4.91337633    
   779.175537      -4.67258406    
   784.856934      -4.15137577    
   789.937927      -3.72160792    
   793.525452      -3.45643210    
   800.700439      -2.90474391    
   802.194031      -2.79196787    
   810.865540      -2.04825592    
   811.462952      -2.01777601    
   819.531006      -1.60020006    
   822.222412      -1.52095199    
   828.202515      -1.33502400    
   832.984863      -1.20396006    
   836.871033      -1.10947204    
   843.744324     -0.954024017    
   845.539612     -0.938784003    
   854.211182     -0.874775946    
   854.506775     -0.868680000    
   862.879639     -0.792479992    
   865.266235     -0.557784021    
   871.548157       7.92479962E-02
   876.028748      0.588263988    
   880.216736       1.13080800    
   886.791199       1.85927999    
   888.888245       2.23418403    
   897.553711       3.56615996    
   901.586182       3.96239996    
   905.618713       4.13918400    
   909.651184       4.31596804    
   913.284485       4.47446394    
   913.683716       4.48360825    
   917.716187       4.56285620    
   921.748779       4.64515209    
   925.781250       4.72744799    
   929.005981       4.78840780    
   929.813782       4.79450369    
   933.846252       4.00202417    
   937.878723       4.01726389    
   944.736755       4.05079222    
   960.464417       3.95935202    
   965.069946       3.92582393    
   970.138794       3.88619995    
   974.171326       4.24586391    
   976.189026       4.46227217    
   978.203796       4.67258406    
   982.236328       4.82803202    
   986.268799       4.89508772    
   990.301331       4.97738409    
   991.916748       4.98652840    
   994.333801       5.04748774    
   998.366272       5.06882381    
   1002.39880       5.07187176    
   1006.18744       5.12368774    
   1006.43127       5.12673569    
   1007.64136       5.13587999    
   1010.46381       5.17550373    
   1014.49628       5.18464804    
   1018.52881       5.25170374    
   1022.56134       5.25475216    
   1023.36908       5.24865580    
   1026.59387       5.31266403    
   1030.62634       5.34009600    
   1034.65881       5.55650377    
   1038.69141       5.67232800    
   1039.09375       5.68756819    
   1042.72388       5.94969606    
   1046.75635       6.53796005    
   1050.79187       7.24204826    
   1054.82434       7.38225555    
   1054.82434       56.4644547    
