 Elev(m)    dbdxp(-)    dbdxc(-)      I2p     I2c
  -23.9300003       0.00000000       0.00000000       0.00000000       0.00000000    
  -23.1800003      -7.17775058E-03  -3.01595172E-03  -1.00937113E-03  -4.24118218E-04
  -22.4300003      -1.69246420E-02  -5.39991912E-03  -6.41751243E-03  -2.45583639E-03
  -21.6800003      -1.92759298E-02  -1.21042719E-02  -2.03057583E-02  -8.13256297E-03
  -20.9300003      -4.35627475E-02  -1.64560396E-02  -4.81213965E-02  -2.02871114E-02
  -20.1800003     -0.112237856      -2.89513394E-02 -0.106683187      -4.28433642E-02
  -19.4300003      -2.25250628E-02  -9.40495953E-02 -0.206105471      -8.90820399E-02
  -18.6800003      -2.00041402E-02  -3.94978039E-02 -0.330459446     -0.171397820    
  -17.9300003      -2.58710608E-02  -2.29764637E-02 -0.467245311     -0.281279147    
  -17.1800003      -3.13273706E-02  -2.16617920E-02 -0.618525922     -0.406223178    
  -16.4300003      -3.96952219E-02  -2.49742586E-02 -0.787837565     -0.544002652    
  -15.6899996      -4.74715494E-02  -3.09343543E-02 -0.977004111     -0.694278121    
  -14.9399996      -5.25536165E-02  -3.69316302E-02  -1.19488502     -0.863883734    
  -14.1899996      -5.53579964E-02  -4.48243245E-02  -1.44200706      -1.05452991    
  -13.4399996      -6.54698685E-02  -5.18728010E-02  -1.72129560      -1.27027106    
  -12.6899996      -7.69149363E-02  -6.31495640E-02  -2.03759837      -1.51578534    
  -11.9399996      -8.11105818E-02  -7.23821521E-02  -2.39614630      -1.79653370    
  -11.1899996      -6.62606806E-02  -8.88802931E-02  -2.79764080      -2.11901879    
  -10.4399996      -6.47264943E-02  -8.95868540E-02  -3.23827934      -2.48927832    
  -9.68999958      -8.49384740E-02  -7.52220526E-02  -3.71838474      -2.90781116    
  -8.93999958     -0.105213463      -7.07425028E-02  -4.24627686      -3.37004638    
  -8.18999958      -9.50239450E-02  -9.36978385E-02  -4.82906723      -3.87593222    
  -7.44000006     -0.107218713      -8.92594010E-02  -5.46845627      -4.43067074    
  -6.69999981     -0.225588873      -9.15089101E-02  -6.17418289      -5.02881908    
  -5.94999981     -0.522934556     -0.100536205      -7.04087543      -5.68713331    
  -5.19999981     -0.673929393     -0.106016517      -8.18113899      -6.40150070    
  -4.44999981     -0.463591367     -0.303416729      -9.64967442      -7.20249128    
  -3.70000005      -3.93603519E-02 -0.685254157      -11.3489008      -8.20008945    
  -2.95000005      -3.30688730E-02 -0.557979167      -13.1290417      -9.51154995    
  -2.20000005      -2.67211124E-02 -0.265109390      -14.9277754      -11.1135864    
  -1.45000005      -2.22071800E-02  -1.55663537E-02  -16.7417965      -12.8708401    
 -0.699999988      -1.76938958E-02  -1.22042587E-02  -18.5683117      -14.6714697    
   5.00000007E-02  -1.46686593E-02  -6.69223955E-03  -20.4049873      -16.4786606    
  0.800000012      -7.61847803E-03  -1.42095136E-02  -22.2493477      -18.2914486    
   1.54999995       5.81741380E-03  -3.43258046E-02  -24.0970955      -20.1140022    
   2.29999995      -2.03882763E-03  -4.08232622E-02  -25.9445667      -21.9539471    
   3.03999996      -2.93830559E-02  -4.46289331E-02  -27.7712975      -23.7918053    
   3.78999996      -4.21072803E-02  -4.82018664E-02  -29.6371269      -25.6794052    
   4.53999996      -5.67949153E-02  -4.46013585E-02  -31.5269184      -27.5931129    
   5.28999996       1.04476335E-02  -5.20156473E-02  -33.4371338      -29.5334549    
   6.03999996     -0.234506369      -8.27005655E-02  -35.3853760      -31.5063305    
   6.78999996     -0.301443845     -0.169080615      -37.4404984      -33.5335579    
   7.53999996     -0.358100414     -0.249034405      -39.6637306      -35.6549873    
   8.28999996     -0.304971695     -0.256952941      -42.0729599      -37.9063683    
   9.03999996      -6.98910281E-02 -0.355423540      -44.6281471      -40.3150215    
   9.78999996      -5.05773909E-02 -0.237869278      -47.2529907      -42.8932190    
   10.5400000      -4.56359386E-02 -0.117929578      -49.9083061      -45.6048851    
   11.2900000      -3.18284817E-02  -5.36783673E-02  -52.5880432      -48.3907166    
   12.0299997      -2.91829184E-02  -4.12511043E-02  -55.2513809      -51.1765633    
   12.7799997      -4.72853594E-02  -3.23980749E-02  -57.9699249      -54.0235825    
   13.5299997      -1.65146496E-02  -4.91255112E-02  -60.7081947      -56.8924217    
   14.2799997      -1.65146496E-02  -2.42031906E-02  -63.4600792      -59.7830391    
   15.0299997      -1.65146496E-02  -1.65146496E-02  -66.2212524      -62.6896935    
   15.7799997      -1.65146496E-02  -1.65146496E-02  -68.9917221      -65.6067200    
   16.5300007      -1.65146496E-02  -1.65146496E-02  -71.7714767      -68.5330429    
   17.2800007      -1.65146496E-02  -1.65146496E-02  -74.5605240      -71.4686432    
   18.0300007      -1.65146496E-02  -1.65146496E-02  -77.3588562      -74.4135361    
   18.7800007      -1.65146496E-02  -1.65146496E-02  -80.1664810      -77.3677216    
   19.5300007      -1.65146496E-02  -1.65146496E-02  -82.9833908      -80.3311920    
   20.2800007      -1.65146496E-02  -1.65146496E-02  -85.8095932      -83.3039551    
   21.0300007      -1.65146496E-02  -1.65146496E-02  -88.6450882      -86.2860107    
   21.7700005      -1.65146496E-02  -1.65146496E-02  -91.4519958      -89.2375259    
   22.5200005      -1.65146496E-02  -1.65146496E-02  -94.3060684      -92.2381592    
   23.2700005      -1.65146496E-02  -1.65146496E-02  -97.1694260      -95.2480774    
   24.0200005      -1.65146496E-02  -1.65146496E-02  -100.042076      -98.2672882    
   24.7700005      -1.65146496E-02  -1.65146496E-02  -102.924019      -101.295792    
   25.5200005      -1.65146496E-02  -1.65146496E-02  -105.815247      -104.333580    
   26.2700005      -1.65146496E-02  -1.65146496E-02  -108.715759      -107.380653    
   27.0200005      -1.65146496E-02  -1.65146496E-02  -111.625572      -110.437027    
   27.7700005      -1.65146496E-02  -1.65146496E-02  -114.544662      -113.502678    
   28.5200005      -1.65146496E-02  -1.65146496E-02  -117.473053      -116.577629    
   29.2700005      -1.65146496E-02  -1.65146496E-02  -120.410728      -119.661865    
   30.0200005      -1.65146496E-02  -1.65146496E-02  -123.357697      -122.755394    
   30.7600002      -1.65146496E-02  -1.65146496E-02  -126.274590      -125.816895    
   31.5100002      -1.65146496E-02  -1.65146496E-02  -129.240143      -128.929001    
   32.2599983      -1.65146496E-02  -1.65146496E-02  -132.214966      -132.050385    
   33.0099983      -1.65146496E-02  -1.65146496E-02  -135.199081      -135.181076    
   33.7599983      -1.65146496E-02  -1.65146496E-02  -138.192505      -138.321045    
   34.5099983      -1.65146496E-02  -1.65146496E-02  -141.195206      -141.470306    
   35.2599983      -1.65146496E-02  -1.65146496E-02  -144.207199      -144.628860    
   36.0099983      -1.65146496E-02  -1.65146496E-02  -147.228470      -147.796707    
   36.7599983      -1.65146496E-02  -1.65146496E-02  -150.259048      -150.973831    
   37.5099983      -1.65146496E-02  -1.65146496E-02  -153.298904      -154.160248    
   38.2599983      -1.65146496E-02  -1.65146496E-02  -156.348053      -157.355972    
   39.0099983      -1.65146496E-02  -1.65146496E-02  -159.406494      -160.560959    
   39.7599983      -1.65146496E-02  -1.65146496E-02  -162.474228      -163.775253    
   40.5000000      -1.65146496E-02  -1.65146496E-02  -165.510284      -166.955917    
   41.2500000      -1.65146496E-02  -1.65146496E-02  -168.596588      -170.188782    
   42.0000000      -1.65146496E-02  -1.65146496E-02  -171.692184      -173.430954    
   42.7500000      -1.65146496E-02  -1.65146496E-02  -174.797073      -176.682388    
   43.5000000      -1.65146496E-02  -1.65146496E-02  -177.911255      -179.943130    
   44.2500000      -1.65146496E-02  -1.65146496E-02  -181.034714      -183.213150    
   45.0000000      -1.65146496E-02  -1.65146496E-02  -184.167480      -186.492477    
   45.7500000      -1.65146496E-02  -1.65146496E-02  -187.309525      -189.781082    
   46.5000000      -1.65146496E-02  -1.65146496E-02  -190.460846      -193.078979    
   47.2500000      -1.65146496E-02  -1.65146496E-02  -193.621475      -196.386154    
   48.0000000      -1.65146496E-02  -1.65146496E-02  -196.791382      -199.702637    
   48.7500000      -1.65146496E-02  -1.65146496E-02  -199.970596      -203.028397    
   49.4900017      -1.65146496E-02  -1.65146496E-02  -203.116638      -206.319046    
   50.2400017      -1.65146496E-02  -1.65146496E-02  -206.314423      -209.663391    
   50.9900017      -1.65146496E-02  -1.65146496E-02  -209.521500      -213.017029    
