 Elev(m)    dbdxp(-)    dbdxc(-)      I2p     I2c
  -29.7700005       0.00000000       0.00000000       0.00000000       0.00000000    
  -28.9899998       3.59846000E-03  -6.39344507E-04   5.47326752E-04  -9.72444686E-05
  -28.2099991      -2.57814908E-03   5.41166076E-03   1.79716980E-03   4.34137182E-04
  -27.4300003      -1.34296035E-02  -1.19747501E-02   7.67415448E-04   6.93138689E-04
  -26.6499996      -1.29665891E-02  -1.14721525E-02  -6.71198685E-03  -3.61238467E-03
  -25.8700008      -1.88195463E-02  -1.98487472E-02  -2.30409093E-02  -1.62480865E-02
  -25.0900002      -5.69170667E-03 -0.129007429      -4.79327068E-02  -5.62887862E-02
  -24.3099995      -6.36484940E-03  -5.19313104E-03  -7.83864781E-02 -0.139382496    
  -23.5300007      -1.22995684E-02  -1.41454535E-03 -0.113512836     -0.243892923    
  -22.7500000      -1.20362658E-02  -7.13807810E-03 -0.155179635     -0.350709498    
  -21.9699993      -9.15183499E-03  -1.10191647E-02 -0.203770623     -0.461588621    
  -21.1900005      -1.23733422E-02  -7.04185432E-03 -0.258858174     -0.577976286    
  -20.4099998      -1.88057087E-02   2.45103519E-03 -0.321962208     -0.697809577    
  -19.6299992      -2.95869540E-02   2.63982872E-03 -0.397169113     -0.817566812    
  -18.8500004      -4.09910455E-02  -3.32885445E-03 -0.490471274     -0.936654270    
  -18.0699997      -1.26096690E-02  -3.35020721E-02 -0.602661252      -1.06144881    
  -17.2900009      -1.06098317E-02  -3.02333701E-02 -0.726535320      -1.20153916    
  -16.5100002      -1.16227716E-02  -2.84205787E-02 -0.857322991      -1.36024535    
  -15.7299995      -1.75209921E-02  -2.16407869E-02 -0.995924950      -1.53548706    
  -14.9499998      -1.91529691E-02  -1.82471890E-02  -1.14453769      -1.72440994    
  -14.1700001      -1.83871612E-02  -1.44230686E-02  -1.30443835      -1.92436898    
  -13.3900003      -1.65735073E-02  -1.24100521E-02  -1.47536647      -2.13337827    
  -12.6099997      -1.90782622E-02  -9.10836924E-03  -1.65703487      -2.34974241    
  -11.8299999      -7.20247254E-02   4.04734686E-02  -1.85798252      -2.56460834    
  -11.0500002      -5.29633313E-02  -3.06933150E-02  -2.09179759      -2.77321625    
  -10.2700005       4.56717145E-03  -6.16515949E-02  -2.35198450      -2.99438214    
  -9.48999977      -1.39785772E-02  -3.31217684E-02  -2.62096405      -3.24400926    
  -8.71000004      -1.48413256E-02  -4.01276462E-02  -2.89575863      -3.51919222    
  -7.92999983      -1.44080082E-02  -5.25235496E-02  -3.17938542      -3.81960869    
  -7.15000010      -1.26043055E-02  -6.47929683E-02  -3.47156954      -4.15196133    
  -6.36999989      -1.01224072E-02  -7.55445436E-02  -3.77131915      -4.52350330    
  -5.59000015      -1.18026603E-02  -8.12827349E-02  -4.07785988      -4.94024372    
  -4.80999994      -1.41256591E-02  -8.84409621E-02  -4.39167976      -5.40665293    
  -4.03000021      -1.69340614E-02  -9.68280733E-02  -4.71416712      -5.92705631    
  -3.25000000      -1.81023255E-02 -0.105773419      -5.04670763      -6.50645542    
  -2.47000003      -1.19438339E-02 -0.121254288      -5.38914776      -7.15120077    
  -1.69000006      -2.77637388E-03 -0.138196230      -5.73839617      -7.86993933    
 -0.910000026       3.11298412E-03 -0.143930495      -6.08983278      -8.67105198    
 -0.129999995       3.34900018E-04 -0.136483878      -6.44069338      -9.55772781    
  0.649999976      -3.14252498E-03 -0.126706913      -6.79145718      -10.5270853    
   1.42999995      -6.77060848E-03 -0.122269370      -7.14415503      -11.5743437    
   2.21000004       2.25025136E-02 -0.139088005      -7.49596834      -12.6992245    
   2.99000001       4.85772938E-02 -0.115007900      -7.83457756      -13.9025049    
   3.76999998       5.66862561E-02 -0.140524894      -8.14636517      -15.1833000    
   4.55000019      0.123631276     -0.124014139      -8.41471577      -16.5431995    
   5.32999992       9.69748497E-02  -3.24919596E-02  -8.62208557      -17.9671383    
   6.11000013       8.76110271E-02  -1.41781522E-02  -8.76782513      -19.4219818    
   6.88999987       8.32854658E-02  -2.38751085E-03  -8.85949612      -20.8864403    
   7.67000008       8.00748393E-02   2.54328642E-02  -8.90032673      -22.3499165    
   8.44999981       7.66560286E-02   3.84722576E-02  -8.89247227      -23.8001652    
   9.22999954       9.29453224E-02   1.75460763E-02  -8.83498096      -25.2321758    
   10.0100002       9.29453224E-02   1.75460763E-02  -8.72342014      -26.6503277    
   10.7900000       9.29453224E-02   1.75460763E-02  -8.55531216      -28.0578041    
   11.5699997       9.29453224E-02   1.75460763E-02  -8.33065510      -29.4546051    
   12.3500004       9.29453224E-02   1.75460763E-02  -8.04944992      -30.8407326    
   13.1300001       9.29453224E-02   1.75460763E-02  -7.71169758      -32.2161827    
   13.9099998       9.29453224E-02   1.75460763E-02  -7.31739712      -33.5809593    
   14.6899996       9.29453224E-02   1.75460763E-02  -6.86654854      -34.9350624    
   15.4700003       9.29453224E-02   1.75460763E-02  -6.35915136      -36.2784882    
   16.2500000       9.29453224E-02   1.75460763E-02  -5.79520655      -37.6112404    
   17.0200005       9.29453224E-02   1.75460763E-02  -5.18230629      -38.9162979    
   17.7999992       9.29453224E-02   1.75460763E-02  -4.50526667      -40.2276955    
   18.5799999       9.29453224E-02   1.75460763E-02  -3.77167726      -41.5284233    
   19.3600006       9.29453224E-02   1.75460763E-02  -2.98153996      -42.8184776    
   20.1399994       9.29453224E-02   1.75460763E-02  -2.13485670      -44.0978508    
   20.9200001       9.29453224E-02   1.75460763E-02  -1.23162341      -45.3665543    
   21.7000008       9.29453224E-02   1.75460763E-02 -0.271842003      -46.6245804    
   22.4799995       9.29453224E-02   1.75460763E-02  0.744485021      -47.8719292    
   23.2600002       9.29453224E-02   1.75460763E-02   1.81736243      -49.1086044    
   24.0400009       9.29453224E-02   1.75460763E-02   2.94678783      -50.3346062    
   24.8199997       9.29453224E-02   1.75460763E-02   4.13275862      -51.5499306    
   25.6000004       9.29453224E-02   1.75460763E-02   5.37528038      -52.7545853    
   26.3799992       9.29453224E-02   1.75460763E-02   6.67434645      -53.9485588    
   27.1599998       9.29453224E-02   1.75460763E-02   8.02996445      -55.1318588    
   27.9400005       9.29453224E-02   1.75460763E-02   9.44213009      -56.3044853    
   28.7199993       9.29453224E-02   1.75460763E-02   10.9108400      -57.4664345    
   29.5000000       9.29453224E-02   1.75460763E-02   12.4361019      -58.6177101    
   30.2800007       9.29453224E-02   1.75460763E-02   14.0179119      -59.7583122    
   31.0599995       9.29453224E-02   1.75460763E-02   15.6562653      -60.8882370    
   31.8400002       9.29453224E-02   1.75460763E-02   17.3511715      -62.0074883    
   32.6199989       9.29453224E-02   1.75460763E-02   19.1026211      -63.1160622    
   33.4000015       9.29453224E-02   1.75460763E-02   20.9106274      -64.2139664    
   34.1800003       9.29453224E-02   1.75460763E-02   22.7751732      -65.3011856    
   34.9599991       9.29453224E-02   1.75460763E-02   24.6962662      -66.3777390    
   35.7400017       9.29453224E-02   1.75460763E-02   26.6739159      -67.4436188    
   36.5200005       9.29453224E-02   1.75460763E-02   28.7081051      -68.4988174    
   37.2999992       9.29453224E-02   1.75460763E-02   30.7988434      -69.5433350    
   38.0800018       9.29453224E-02   1.75460763E-02   32.9461365      -70.5771942    
   38.8600006       9.29453224E-02   1.75460763E-02   35.1499710      -71.6003647    
   39.6399994       9.29453224E-02   1.75460763E-02   37.4103508      -72.6128616    
   40.4199982       9.29453224E-02   1.75460763E-02   39.7272797      -73.6146851    
   41.2000008       9.29453224E-02   1.75460763E-02   42.1007690      -74.6058426    
   41.9799995       9.29453224E-02   1.75460763E-02   44.5307922      -75.5863113    
   42.7599983       9.29453224E-02   1.75460763E-02   47.0173645      -76.5561142    
   43.5400009       9.29453224E-02   1.75460763E-02   49.5604973      -77.5152435    
   44.3199997       9.29453224E-02   1.75460763E-02   52.1601639      -78.4636917    
   45.0999985       9.29453224E-02   1.75460763E-02   54.8163795      -79.4014587    
   45.8800011       9.29453224E-02   1.75460763E-02   57.5291595      -80.3285675    
   46.6599998       9.29453224E-02   1.75460763E-02   60.2984695      -81.2449875    
   47.4399986       9.29453224E-02   1.75460763E-02   63.1243286      -82.1507339    
   48.2200012       9.29453224E-02   1.75460763E-02   66.0067520      -83.0458145    
