   249.940948      -22.2610683    
   291.623444      -22.2610683    
 NaN NaN
   242.092911      -21.5280247    
   300.982269      -21.5280247    
 NaN NaN
   235.616760      -20.7949791    
   310.577087      -20.7949791    
 NaN NaN
   232.081696      -20.0619354    
   322.845795      -20.0619354    
 NaN NaN
   228.546646      -19.3288918    
   333.814758      -19.3288918    
 NaN NaN
   225.011581      -18.5958481    
   342.669617      -18.5958481    
 NaN NaN
   221.476532      -17.8628044    
   350.980682      -17.8628044    
 NaN NaN
   218.035294      -17.1297607    
   358.794678      -17.1297607    
 NaN NaN
   215.064316      -16.3967152    
   365.748444      -16.3967152    
 NaN NaN
   212.093338      -15.6636715    
   371.650330      -15.6636715    
 NaN NaN
   209.053146      -14.9306278    
   379.947876      -14.9306278    
 NaN NaN
   205.402588      -14.1975842    
   390.438324      -14.1975842    
 NaN NaN
   201.752029      -13.4645395    
   401.739990      -13.4645395    
 NaN NaN
   197.842300      -12.7314959    
   417.842682      -12.7314959    
 NaN NaN
   193.764832      -11.9984512    
   457.560150      -11.9984512    
 NaN NaN
   188.949707      -11.2654076    
   470.667023      -11.2654076    
 NaN NaN
   182.901062      -10.5323639    
   480.511047      -10.5323639    
 NaN NaN
   175.261902      -9.79931927    
   489.196594      -9.79931927    
 NaN NaN
   168.501709      -9.06627560    
   497.701324      -9.06627560    
 NaN NaN
   163.229111      -8.33323097    
   505.454315      -8.33323097    
 NaN NaN
   160.757782      -7.60018730    
   513.593689      -7.60018730    
 NaN NaN
   158.286453      -6.86714363    
   524.652588      -6.86714363    
 NaN NaN
   155.815125      -6.13409948    
   538.218201      -6.13409948    
 NaN NaN
   153.428009      -5.40105534    
   556.070251      -5.40105534    
 NaN NaN
   151.100342      -4.66801119    
   570.930664      -4.66801119    
 NaN NaN
   148.772675      -3.93496728    
   590.750244      -3.93496728    
 NaN NaN
   146.445007      -3.20192337    
   658.933838      -3.20192337    
 NaN NaN
   144.339539      -2.46887922    
   742.235413      -2.46887922    
 NaN NaN
   767.125671      -2.46887922    
   775.524292      -2.46887922    
 NaN NaN
   142.341721      -1.73583519    
   888.722900      -1.73583519    
 NaN NaN
   140.343918      -1.00279117    
   988.553894      -1.00279117    
 NaN NaN
   138.346100     -0.269747138    
   1029.12927     -0.269747138    
 NaN NaN
   136.152435      0.463296890    
   1048.22876      0.463296890    
 NaN NaN
   132.472443       1.19634092    
   1057.61401       1.19634092    
 NaN NaN
   128.792435       1.92938495    
   1061.67627       1.92938495    
 NaN NaN
   122.284256       2.66242886    
   1065.45532       2.66242886    
 NaN NaN
   109.409195       3.39547300    
   1066.73694       3.39547300    
 NaN NaN
   101.751221       4.12851715    
   1068.01855       4.12851715    
 NaN NaN
   97.5621109       4.86156082    
   1069.30029       4.86156082    
 NaN NaN
   94.2733154       5.59460497    
   1070.58191       5.59460497    
 NaN NaN
   90.9605637       6.32764912    
   1071.86365       6.32764912    
 NaN NaN
   1164.84619       6.32764912    
   1203.85034       6.32764912    
 NaN NaN
   86.5191727       7.06069326    
   1073.14526       7.06069326    
 NaN NaN
   1141.56604       7.06069326    
   1213.41724       7.06069326    
 NaN NaN
   82.0777817       7.79373741    
   1074.42688       7.79373741    
 NaN NaN
   1108.94568       7.79373741    
   1220.89075       7.79373741    
 NaN NaN
   76.5391769       8.52678108    
   1080.98022       8.52678108    
 NaN NaN
   1091.38342       8.52678108    
   1229.34485       8.52678108    
 NaN NaN
   68.5047226       9.25982475    
   1237.79895       9.25982475    
 NaN NaN
   25.2268620       9.99286938    
   1245.59473       9.99286938    
 NaN NaN
   1324.73669       9.99286938    
   1348.58533       9.99286938    
 NaN NaN
   18.5715408       10.7259130    
   1253.34692       10.7259130    
 NaN NaN
   1310.87500       10.7259130    
   1356.69531       10.7259130    
 NaN NaN
   13.8459492       11.4589577    
   1264.39343       11.4589577    
 NaN NaN
   1292.76050       11.4589577    
   1356.69531       11.4589577    
 NaN NaN
   9.23063278       12.1920013    
   1356.69531       12.1920013    
 NaN NaN
   4.61531639       12.9250450    
   1356.69531       12.9250450    
 NaN NaN
   0.00000000       13.6580896    
   1356.69531       13.6580896    
 NaN NaN
   0.00000000       14.3911333    
   1356.69531       14.3911333    
 NaN NaN
   0.00000000       15.1241779    
   1356.69531       15.1241779    
 NaN NaN
   0.00000000       15.8572216    
   1356.69531       15.8572216    
 NaN NaN
   0.00000000       16.5902653    
   1356.69531       16.5902653    
 NaN NaN
   0.00000000       17.3233089    
   1356.69531       17.3233089    
 NaN NaN
   0.00000000       18.0563545    
   1356.69531       18.0563545    
 NaN NaN
   0.00000000       18.7893982    
   1356.69531       18.7893982    
 NaN NaN
   0.00000000       19.5224419    
   1356.69531       19.5224419    
 NaN NaN
   0.00000000       20.2554855    
   1356.69531       20.2554855    
 NaN NaN
   0.00000000       20.9885292    
   1356.69531       20.9885292    
 NaN NaN
   0.00000000       21.7215729    
   1356.69531       21.7215729    
 NaN NaN
   0.00000000       22.4546185    
   1356.69531       22.4546185    
 NaN NaN
   0.00000000       23.1876621    
   1356.69531       23.1876621    
 NaN NaN
   0.00000000       23.9207058    
   1356.69531       23.9207058    
 NaN NaN
   0.00000000       24.6537495    
   1356.69531       24.6537495    
 NaN NaN
   0.00000000       25.3867931    
   1356.69531       25.3867931    
 NaN NaN
   0.00000000       26.1198387    
   1356.69531       26.1198387    
 NaN NaN
   0.00000000       26.8528824    
   1356.69531       26.8528824    
 NaN NaN
   0.00000000       27.5859261    
   1356.69531       27.5859261    
 NaN NaN
   0.00000000       28.3189697    
   1356.69531       28.3189697    
 NaN NaN
   0.00000000       29.0520134    
   1356.69531       29.0520134    
 NaN NaN
   0.00000000       29.7850571    
   1356.69531       29.7850571    
 NaN NaN
   0.00000000       30.5181026    
   1356.69531       30.5181026    
 NaN NaN
   0.00000000       31.2511463    
   1356.69531       31.2511463    
 NaN NaN
   0.00000000       31.9841900    
   1356.69531       31.9841900    
 NaN NaN
   0.00000000       32.7172356    
   1356.69531       32.7172356    
 NaN NaN
   0.00000000       33.4502792    
   1356.69531       33.4502792    
 NaN NaN
   0.00000000       34.1833229    
   1356.69531       34.1833229    
 NaN NaN
   0.00000000       34.9163666    
   1356.69531       34.9163666    
 NaN NaN
   0.00000000       35.6494102    
   1356.69531       35.6494102    
 NaN NaN
   0.00000000       36.3824539    
   1356.69531       36.3824539    
 NaN NaN
   0.00000000       37.1154976    
   1356.69531       37.1154976    
 NaN NaN
   0.00000000       37.8485413    
   1356.69531       37.8485413    
 NaN NaN
   0.00000000       38.5815849    
   1356.69531       38.5815849    
 NaN NaN
   0.00000000       39.3146286    
   1356.69531       39.3146286    
 NaN NaN
   0.00000000       40.0476761    
   1356.69531       40.0476761    
 NaN NaN
   0.00000000       40.7807198    
   1356.69531       40.7807198    
 NaN NaN
   0.00000000       41.5137634    
   1356.69531       41.5137634    
 NaN NaN
   0.00000000       42.2468071    
   1356.69531       42.2468071    
 NaN NaN
   0.00000000       42.9798508    
   1356.69531       42.9798508    
 NaN NaN
   0.00000000       43.7128944    
   1356.69531       43.7128944    
 NaN NaN
   0.00000000       44.4459381    
   1356.69531       44.4459381    
 NaN NaN
   0.00000000       45.1789818    
   1356.69531       45.1789818    
 NaN NaN
   0.00000000       45.9120255    
   1356.69531       45.9120255    
 NaN NaN
   0.00000000       46.6450691    
   1356.69531       46.6450691    
 NaN NaN
   0.00000000       47.3781128    
   1356.69531       47.3781128    
 NaN NaN
   0.00000000       48.1111603    
   1356.69531       48.1111603    
 NaN NaN
   0.00000000       48.8442039    
   1356.69531       48.8442039    
 NaN NaN
   0.00000000       49.5772476    
   1356.69531       49.5772476    
 NaN NaN
   0.00000000       50.3102913    
   1356.69531       50.3102913    
 NaN NaN
