	RS=226.64* 
0	14.66392819
7.437119884	13.33195251
14.86814363	11.57325637
22.30526409	10.39977567
29.73933591	9.918192279
37.17340772	9.579864093
44.61052819	9.546335907
52.0446	9.653016023
55.18708726	9.686544209
59.47867181	9.732264093
66.91274363	9.933432047
74.34986177	8.778239767
80.76285637	6.531864093
87.17889265	5.855207721
93.59493823	4.95909614
100.0079235	3.81609614
106.4239691	2.685288128
112.8369637	1.069847997
119.253	-0.512063984
125.4770201	-2.039112017
125.6659946	-2.087879971
132.0789799	-4.26110386
138.4950255	-5.114544209
144.548349	-5.452871814
144.9110618	-5.471160233
151.3240564	-5.1054
157.740102	-4.626864093
164.1561382	-4.209288128
170.5691235	-4.03250386
176.6041598	-3.840480116
176.9851598	-3.822191988
183.3981637	-3.483864093
189.8142	-2.983991988
196.2271853	-2.73710386
202.6432402	-2.398775965
209.0562255	-1.895855936
215.4722618	-1.2954
221.888298	-1.133856009
227.7313274	-1.350263948
228.301302	-1.37464807
234.7173382	-1.807463948
241.1333745	-2.298191988
247.5463598	-2.545080116
253.9593637	-2.599943919
260.3754	-2.636519884
266.7883853	-2.627375965
273.2044402	-2.785872105
279.0108765	-2.877311872
279.6204765	-2.88950386
286.0334618	-2.983991988
292.449498	-3.023616023
298.8655529	-3.04190386
305.2785382	-3.014472105
311.6945745	-3.029711872
318.1075784	-3.05409614
324.5235961	-3.048
330.2904255	-2.97789614
330.9366	-2.96875193
337.3526549	-3.05409614
343.7656216	-3.102864093
350.1816765	-3.142488128
356.5976941	-3.160775965
363.010698	-3.139440058
369.4267529	-3.072383977
375.8427706	-2.999232047
381.5699745	-2.886456081
382.2557745	-2.874264093
388.6687784	-2.67004807
395.0847961	-2.545080116
401.4978	-2.331720029
407.9138549	-2.161032047
414.3298726	-2.020824035
420.7428765	-1.856232047
427.1588941	-1.639824035
432.6209235	-1.52704807
433.574949	-1.511808012
439.9879529	-1.423416023
446.4039706	-1.380744064
452.8169745	-1.395983977
459.2299784	-1.453895994
465.6459961	-1.536191988
472.062051	-1.581912017
478.4750549	-1.557528041
483.6718726	-1.517904006
484.8910726	-1.514855936
491.3071274	-1.557528041
497.7200941	-1.694687983
504.136149	-1.850136052
510.5491529	-1.965959942
516.9651706	-2.005583977
523.3781745	-2.029967953
529.7942294	-2.109216023
534.7228216	-2.203704006
536.2071961	-2.237232047
542.623251	-2.407920029
549.0393059	-2.554224035
555.4522726	-2.602991988
561.8683274	-2.51155193
568.2843451	-2.255520029
574.697349	-2.011679971
581.1134039	-1.911095994
585.7737706	-1.895855936
587.5263706	-1.898904006
593.9393745	-2.011679971
600.3554294	-2.170175965
606.7683961	-2.398775965
613.184451	-2.667
619.6005059	-2.923032047
626.0135098	-3.334511872
632.4294902	-3.745991988
636.8034	-4.017264093
638.8455451	-4.151375965
645.258549	-4.41655193
651.6746039	-4.629911872
658.0876078	-4.828032047
664.5006117	-5.047487837
670.9165922	-5.248655791
677.3326471	-5.510783977
683.745651	-5.727192279
687.854349	-5.900928186
690.1617059	-6.001512163
696.5777607	-6.297167953
702.9906902	-6.641592279
709.4067451	-7.025639767
715.819749	-7.452360233
722.2358039	-7.915655791
728.6488078	-8.415528186
735.0647883	-9.058655791
738.905298	-9.476232047
741.4777922	-9.729216023
747.8938471	-10.33576795
754.309902	-10.89050386
760.7259568	-11.47876795
767.1389607	-12.40231158
773.5549412	-13.01191158
779.9679451	-13.49044749
786.384	-14.03299228
792.7970039	-14.17015251
796.4546039	-14.12443205
800.1091529	-13.61236795
803.763702	-13.23746409
807.418251	-13.08506409
811.075851	-12.90523205
814.7304	-12.68882433
818.384949	-12.33830386
821.1128941	-12.16456795
822.039498	-12.10056023
825.697098	-11.84757567
829.3516471	-11.57935251
833.0061961	-11.20749614
836.6607451	-11.07338456
840.3183451	-11.16787181
843.9728941	-11.37818456
847.6274432	-11.71346409
849.4166549	-11.76832819
851.2819922	-11.81404749
854.5707961	-11.85062433
857.856549	-11.83233591
861.142302	-11.83538456
864.4280549	-11.82928842
868.1252432	-11.84147953
871.8225059	-11.83843205
875.5196941	-11.82928842
877.7294941	-11.79880772
879.2169568	-11.76832819
882.9141451	-11.67688842
886.6114078	-11.58849614
890.3085961	-11.5062
893.9388117	-11.42695251
897.565902	-11.36294363
901.1960432	-11.31417567
904.8262588	-11.27150386
906.0454588	-11.25321544
908.4564	-11.21359228
912.0834902	-11.13739228
915.7167568	-11.01547181
919.3438471	-10.93622433
922.9739883	-10.81125637
926.6042039	-10.65580772
930.402	-10.47902433
934.1997961	-10.30833591
934.3491451	-10.30223977
937.9975922	-10.11631158
941.7953883	-9.927335907
945.5932588	-9.75055193
949.3880039	-9.52804807
953.1858	-9.339071814
956.9835961	-9.183623744
960.7813922	-9.019032047
962.6620588	-8.967216023
964.5791883	-8.91235193
968.3770588	-8.802623744
972.1748549	-8.702039767
975.972651	-8.525255791
979.7704471	-8.330183977
983.5682432	-8.253983977
987.024702	-8.205216023
990.4811607	-8.132064093
990.977949	-8.116823744
993.9375451	-7.979664093
997.3970549	-7.784592279
1000.853439	-7.586471814
1004.309898	-7.446264093
1008.193047	-7.3152
1012.073145	-7.1628
1015.956294	-6.922007721
1019.28171	-6.647687837
1019.836392	-6.601967953
1023.719541	-6.190487837
1027.599639	-5.815583977
1031.482788	-5.434583977
1035.366012	-5.193792279
1038.511494	-5.038344209
1041.657051	-4.916423744
1044.805659	-4.809743919
1047.594549	-4.742688128
1047.951141	-4.733543919
1051.096698	-4.703064093
1054.675047	-4.65429614
1058.253396	-4.678680116
1061.828694	-4.639056081
1065.403992	-4.517135907
1068.982341	-4.364735907
1072.56069	-4.209288128
1075.910439	-4.026408012
1076.135988	-4.005072105
1079.714412	-3.685032047
1083.451188	-3.334511872
1087.194141	-3.005327895
1090.934043	-2.636519884
1094.673945	-2.267712017
1098.413847	-1.98424807
1102.153749	-1.661159942
1104.2142	-1.408175965
1105.896702	-1.176527968
1109.603043	-0.667512017
1113.31251	-0.396239985
1117.021902	-0.042672
1120.728243	0.365760015
1124.43771	0.679704006
1128.147102	0.902208012
1131.853443	1.182624035
1132.53009	1.243583977
1135.066047	1.325879971
1138.281702	1.472183977
1141.494306	1.545336052
1144.70691	1.59715193
1147.92249	1.737359942
1151.378949	1.917191988
1154.838459	2.109216023
1158.297894	2.334767953
1160.843004	2.566416023
1161.54711	2.627375965
1164.799302	3.020567953
1168.051494	3.541775965
1171.30071	3.96849614
1174.552902	4.65429614
1177.8234	5.419344209
1181.096949	6.02589614
1184.367447	6.501383977
1187.640996	6.894576256
1189.14669	6.986016023
1191.514992	7.08355193
1195.388988	7.299960233
1199.26611	7.437119884
1203.143157	7.46455193
1207.017153	7.708392279
1210.8942	7.964423744
1214.768196	8.241792279
1217.462655	8.333232047
1218.645243	8.391144209
1222.519239	8.403335907
1226.396361	8.482583977
1230.273408	8.656319884
1234.147404	8.884919884
1238.024451	9.110471814
1241.898447	9.229344209
1245.775494	9.384792279
1249.521498	9.646919884
1252.993212	9.887711581
1256.275914	10.06449614
1260.213906	10.10412047
1266.776184	9.918192279
1267.4346	9.887711581
1268.388588	9.854184558
1274.652318	9.634728186
1277.27958	9.543287837
1281.873012	9.406128186
1287.777023	9.101328186
1289.09058	9.025128186
1296.311423	8.84529614
1298.28042	8.875776256
1303.532118	9.037319884
1308.783816	9.229344209
1310.749686	9.305544209
1317.97038	9.525
1319.28111	9.540239767
1325.188098	9.613392279
1329.784506	9.653016023
1332.408792	9.777984558
1339.629486	10.18946409
1340.284777	10.25956795
1346.847204	11.63421544
1350.788321	12.68272819
1354.067898	13.34109614
1361.285616	14.24025637
	
