	RS=82.115* 
0	4.715256081
6.608064093	3.49910386
13.21307953	2.804159942
14.53591158	2.682240058
19.81809498	2.535935907
26.42615907	2.410967953
29.07182316	2.392679971
33.03422316	2.423159942
36.17671274	2.426208012
39.64228726	2.429255936
43.60164093	2.404871959
46.2473027	2.371344064
52.85231814	2.334767953
58.13755367	2.343912017
59.46038456	2.346959942
65.26072819	2.35915193
66.06844633	2.35915193
72.67346177	2.243328041
80.17763628	-3.58444807
84.18271274	-6.690360233
87.68182009	-8.543544209
95.18903628	-12.37792819
95.69196372	-12.65529614
102.6932201	-13.75867181
107.1981637	-14.34998456
110.2004363	-14.75232047
117.7015691	-16.24583977
118.7043637	-16.50187181
125.2087946	-18.24532819
130.2105637	-19.48586409
132.7129691	-20.21433591
140.2171436	-22.62835135
141.7198054	-23.06116912
147.7243691	-24.79547953
153.2290564	-25.45689498
155.2254927	-25.66111274
162.7327274	-26.29509498
164.7352471	-26.53588726
170.236902	-27.02661544
176.2414471	-27.80995135
177.7441274	-28.00197684
185.245251	-29.11144865
187.7476471	-29.70580772
192.7524765	-30.95853591
199.256898	-32.01619228
200.256651	-32.1564
207.7608255	-32.93973591
210.766149	-33.20491274
215.268051	-33.58286409
222.272349	-33.97605637
222.7691745	-34.00958456
230.2764	-34.51555135
233.7816	-34.75939228
237.7805745	-34.97884865
245.284749	-35.28364865
254.2915853	-34.93922316
254.4531382	-34.93007953
263.2984402	-34.34791274
263.6184765	-34.32962316
272.3052765	-33.80536912
272.7838147	-33.77184093
281.3151637	-33.11652047
281.9491529	-33.06165637
290.322	-32.38195135
291.1144726	-32.34537684
299.3257853	-31.99485637
300.2767598	-31.96132819
308.3356726	-31.69005637
309.442098	-31.65043088
317.3425274	-31.36087181
318.6074549	-31.30905637
326.3493451	-31.00730502
327.7727745	-30.96158456
335.3562	-30.74517684
336.9411451	-30.70250502
344.3630549	-30.53181544
346.103451	-30.48609498
353.3698726	-30.30016912
355.2687706	-30.26968726
362.3797784	-30.15995907
364.4341274	-30.12947953
371.3835451	-30.02584865
373.5994471	-29.98927181
380.3904	-29.88564093
382.7648039	-29.87344865
389.4003059	-29.87649498
391.9301235	-29.89783088
398.4071235	-30.01060772
401.0924294	-30.06547181
407.4139784	-30.21787181
410.257749	-30.24835135
416.4207961	-30.24835135
419.4261196	-30.20872819
425.427651	-30.05632819
428.5914765	-29.92526409
434.4345059	-29.69666409
437.7567961	-29.55645637
443.4443745	-29.23641544
446.919102	-29.05963088
452.4481784	-28.78835907
456.0844216	-28.56280772
461.4549961	-28.18790502
465.2497784	-27.93492047
470.464902	-27.64535907
474.415098	-27.41066409
479.4717196	-27.05709498
483.5804549	-26.75534363
488.4755235	-26.37739228
492.7457745	-26.03296912
497.4854294	-25.58795907
501.9080804	-25.11552047
506.4922471	-24.71927953
511.076451	-24.32608726
515.499102	-23.89327181
520.2417706	-23.44521544
524.5059196	-23.00630502
529.4071274	-22.72893591
533.5127745	-22.54300772
538.5724471	-22.04618456
542.5196294	-21.64689498
547.7378039	-21.17140772
551.529498	-20.82088726
556.9000726	-20.32101544
560.5363529	-20.00402316
566.0654294	-19.54987181
569.5401196	-19.20849614
575.230749	-18.62023205
578.5500255	-18.32457567
584.3961059	-17.85213591
587.5568804	-17.51076023
593.5644765	-16.86763205
596.563698	-16.57197567
602.7267451	-16.00809614
605.5705529	-15.79473591
611.892102	-15.37716023
614.5773706	-15.22780772
621.0574216	-14.87423977
623.5842255	-14.75536795
630.2227412	-14.39570386
632.5940941	-14.27683205
639.388098	-13.85316023
641.597898	-13.67027953
648.5534549	-12.77112047
650.6047529	-12.48460772
657.7157607	-11.14958456
659.6146588	-10.73200772
666.8810432	-9.076944209
668.6214393	-8.698992279
676.0464	-7.110983977
677.6252432	-6.736080116
685.2148078	-5.10844807
686.635149	-4.79755193
694.3800902	-3.163824035
695.6420039	-2.926080116
703.5423961	-2.097024035
704.6488588	-1.923287983
712.7077529	-0.819912017
713.6556393	-0.701039985
721.8731098	0.292607993
722.6624941	0.377952003
731.0383922	1.036320029
731.669349	1.039368026
740.203749	1.475232047
740.6792549	1.502663948
749.3691059	1.90804807
749.6830588	1.923287983
758.5314117	2.231136052
758.6898393	2.237232047
767.6966941	2.563367953
774.9204393	2.755391988
779.9314078	2.871216023
782.1473098	2.88950386
789.3710549	2.88950386
792.1660471	2.8956
796.597851	2.910840058
803.8215961	2.910840058
804.4007607	2.90169614
811.0453412	2.782824035
816.632349	2.67004807
818.2050902	2.654808012
825.3617883	2.630424035
828.8640117	2.642616023
832.5185607	2.657856081
839.6783098	2.761488128
841.098651	2.785872105
846.8350078	2.89255193
853.3332902	3.048
853.9917059	3.066288128
861.1514549	3.267456081
865.5680039	3.334511872
868.3081529	3.337559942
875.464851	3.380232047
877.8026432	3.392424035
882.621549	3.398519884
889.7782471	3.340608012
890.0312549	3.340608012
893.8443059	3.334511872
896.9349451	3.331464093
902.2658941	3.3528
904.0946941	3.3528
909.821898	3.377183977
911.2513922	3.386327895
914.5006078	3.398519884
918.4080902	3.389375965
925.5678393	3.34975193
926.7352471	3.337559942
932.7246117	3.322319884
938.9699607	3.2766
939.8813098	3.288791988
947.0410588	3.27050386
951.198498	3.319272105
954.1977568	3.465575965
961.3544549	4.242816023
963.4332117	4.71830386
968.5111529	5.56869614
975.667851	4.919471814
	
