   969.052002      -16.5263176    
   1017.56720      -16.5263176    
 NaN NaN
   955.765808      -15.8832502    
   1033.16748      -15.8832502    
 NaN NaN
   758.155640      -15.2401829    
   801.269470      -15.2401829    
 NaN NaN
   939.670471      -15.2401829    
   1052.82544      -15.2401829    
 NaN NaN
   749.152954      -14.5971155    
   827.743286      -14.5971155    
 NaN NaN
   862.838074      -14.5971155    
   1067.59412      -14.5971155    
 NaN NaN
   709.557007      -13.9540491    
   1076.25378      -13.9540491    
 NaN NaN
   678.389648      -13.3109818    
   1083.05518      -13.3109818    
 NaN NaN
   661.937439      -12.6679144    
   1090.80347      -12.6679144    
 NaN NaN
   644.768372      -12.0248470    
   1097.67432      -12.0248470    
 NaN NaN
   632.605591      -11.3817806    
   1103.75281      -11.3817806    
 NaN NaN
   621.929993      -10.7387133    
   1109.48438      -10.7387133    
 NaN NaN
   610.151184      -10.0956459    
   1114.83911      -10.0956459    
 NaN NaN
   595.075989      -9.45257950    
   1120.18640      -9.45257950    
 NaN NaN
   581.721558      -8.80951214    
   1125.52612      -8.80951214    
 NaN NaN
   571.188538      -8.16644478    
   1129.99487      -8.16644478    
 NaN NaN
   561.499634      -7.52337790    
   1134.24536      -7.52337790    
 NaN NaN
   550.662415      -6.88031101    
   1136.98877      -6.88031101    
 NaN NaN
   535.803711      -6.23724413    
   1138.96301      -6.23724413    
 NaN NaN
   522.462891      -5.59417677    
   1140.93726      -5.59417677    
 NaN NaN
   510.944611      -4.95110989    
   1142.91150      -4.95110989    
 NaN NaN
   500.367004      -4.30804253    
   1144.90649      -4.30804253    
 NaN NaN
   493.653717      -3.66497564    
   1147.22937      -3.66497564    
 NaN NaN
   487.909119      -3.02190876    
   1149.55225      -3.02190876    
 NaN NaN
   482.797180      -2.37884164    
   1151.87512      -2.37884164    
 NaN NaN
   478.843903      -1.73577452    
   1154.28223      -1.73577452    
 NaN NaN
   475.274109      -1.09270740    
   1157.16919      -1.09270740    
 NaN NaN
   471.708405     -0.449640393    
   1160.05615     -0.449640393    
 NaN NaN
   468.158417      0.193426669    
   1162.94312      0.193426669    
 NaN NaN
   464.608429      0.836493731    
   1165.81726      0.836493731    
 NaN NaN
   461.105042       1.47956085    
   1168.69128       1.47956085    
 NaN NaN
   457.627136       2.12262774    
   1171.56531       2.12262774    
 NaN NaN
   454.063263       2.76569486    
   1174.54529       2.76569486    
 NaN NaN
   448.128326       3.40876198    
   1177.54529       3.40876198    
 NaN NaN
   417.186371       4.05182886    
   418.309998       4.05182886    
 NaN NaN
   441.090637       4.05182886    
   1180.54517       4.05182886    
 NaN NaN
   286.619171       4.69489622    
   304.955505       4.69489622    
 NaN NaN
   408.292236       4.69489622    
   422.938843       4.69489622    
 NaN NaN
   433.331329       4.69489622    
   1183.63611       4.69489622    
 NaN NaN
   225.072876       5.33796310    
   332.857666       5.33796310    
 NaN NaN
   401.165924       5.33796310    
   1186.74817       5.33796310    
 NaN NaN
   169.600876       5.98103046    
   353.614258       5.98103046    
 NaN NaN
   383.275482       5.98103046    
   1189.86023       5.98103046    
 NaN NaN
   144.626511       6.62409735    
   1194.81677       6.62409735    
 NaN NaN
   120.746147       7.26716423    
   1201.24622       7.26716423    
 NaN NaN
   97.0412979       7.91023159    
   1215.60706       7.91023159    
 NaN NaN
   75.3898621       8.55329895    
   1221.18628       8.55329895    
 NaN NaN
   64.8334732       9.19636536    
   1225.46521       9.19636536    
 NaN NaN
   44.8251724       9.83943272    
   1232.06360       9.83943272    
 NaN NaN
   37.8288879       10.4825001    
   1255.45544       10.4825001    
 NaN NaN
   34.2932930       11.1255665    
   1271.96387       11.1255665    
 NaN NaN
   31.6922302       11.7686338    
   1271.96387       11.7686338    
 NaN NaN
   29.0911636       12.4117012    
   1271.96387       12.4117012    
 NaN NaN
   26.3985310       13.0547676    
   1271.96387       13.0547676    
 NaN NaN
   0.00000000       13.6978350    
   1.67029715       13.6978350    
 NaN NaN
   23.4861603       13.6978350    
   1271.96387       13.6978350    
 NaN NaN
   0.00000000       14.3409023    
   5.37819815       14.3409023    
 NaN NaN
   20.5737915       14.3409023    
   1271.96387       14.3409023    
 NaN NaN
   0.00000000       14.9839687    
   1271.96387       14.9839687    
 NaN NaN
   0.00000000       15.6270361    
   1271.96387       15.6270361    
 NaN NaN
   0.00000000       16.2701035    
   1271.96387       16.2701035    
 NaN NaN
   0.00000000       16.9131699    
   1271.96387       16.9131699    
 NaN NaN
   0.00000000       17.5562382    
   1271.96387       17.5562382    
 NaN NaN
   0.00000000       18.1993046    
   1271.96387       18.1993046    
 NaN NaN
   0.00000000       18.8423710    
   1271.96387       18.8423710    
 NaN NaN
   0.00000000       19.4854393    
   1271.96387       19.4854393    
 NaN NaN
   0.00000000       20.1285057    
   1271.96387       20.1285057    
 NaN NaN
   0.00000000       20.7715721    
   1271.96387       20.7715721    
 NaN NaN
   0.00000000       21.4146404    
   1271.96387       21.4146404    
 NaN NaN
   0.00000000       22.0577068    
   1271.96387       22.0577068    
 NaN NaN
   0.00000000       22.7007732    
   1271.96387       22.7007732    
 NaN NaN
   0.00000000       23.3438416    
   1271.96387       23.3438416    
 NaN NaN
   0.00000000       23.9869080    
   1271.96387       23.9869080    
 NaN NaN
   0.00000000       24.6299744    
   1271.96387       24.6299744    
 NaN NaN
   0.00000000       25.2730427    
   1271.96387       25.2730427    
 NaN NaN
   0.00000000       25.9161091    
   1271.96387       25.9161091    
 NaN NaN
   0.00000000       26.5591755    
   1271.96387       26.5591755    
 NaN NaN
   0.00000000       27.2022438    
   1271.96387       27.2022438    
 NaN NaN
   0.00000000       27.8453102    
   1271.96387       27.8453102    
 NaN NaN
   0.00000000       28.4883766    
   1271.96387       28.4883766    
 NaN NaN
   0.00000000       29.1314449    
   1271.96387       29.1314449    
 NaN NaN
   0.00000000       29.7745113    
   1271.96387       29.7745113    
 NaN NaN
   0.00000000       30.4175777    
   1271.96387       30.4175777    
 NaN NaN
   0.00000000       31.0606461    
   1271.96387       31.0606461    
 NaN NaN
   0.00000000       31.7037125    
   1271.96387       31.7037125    
 NaN NaN
   0.00000000       32.3467789    
   1271.96387       32.3467789    
 NaN NaN
   0.00000000       32.9898453    
   1271.96387       32.9898453    
 NaN NaN
   0.00000000       33.6329155    
   1271.96387       33.6329155    
 NaN NaN
   0.00000000       34.2759819    
   1271.96387       34.2759819    
 NaN NaN
   0.00000000       34.9190483    
   1271.96387       34.9190483    
 NaN NaN
   0.00000000       35.5621147    
   1271.96387       35.5621147    
 NaN NaN
   0.00000000       36.2051811    
   1271.96387       36.2051811    
 NaN NaN
   0.00000000       36.8482475    
   1271.96387       36.8482475    
 NaN NaN
   0.00000000       37.4913177    
   1271.96387       37.4913177    
 NaN NaN
   0.00000000       38.1343842    
   1271.96387       38.1343842    
 NaN NaN
   0.00000000       38.7774506    
   1271.96387       38.7774506    
 NaN NaN
   0.00000000       39.4205170    
   1271.96387       39.4205170    
 NaN NaN
   0.00000000       40.0635834    
   1271.96387       40.0635834    
 NaN NaN
   0.00000000       40.7066498    
   1271.96387       40.7066498    
 NaN NaN
   0.00000000       41.3497200    
   1271.96387       41.3497200    
 NaN NaN
   0.00000000       41.9927864    
   1271.96387       41.9927864    
 NaN NaN
   0.00000000       42.6358528    
   1271.96387       42.6358528    
 NaN NaN
   0.00000000       43.2789192    
   1271.96387       43.2789192    
 NaN NaN
   0.00000000       43.9219856    
   1271.96387       43.9219856    
 NaN NaN
   0.00000000       44.5650558    
   1271.96387       44.5650558    
 NaN NaN
   0.00000000       45.2081223    
   1271.96387       45.2081223    
 NaN NaN
   0.00000000       45.8511887    
   1271.96387       45.8511887    
 NaN NaN
   0.00000000       46.4942551    
   1271.96387       46.4942551    
 NaN NaN
   0.00000000       47.1373215    
   1271.96387       47.1373215    
 NaN NaN
