 Elev(m)    dbdxp(-)    dbdxc(-)      I2p     I2c
  -31.5400009       0.00000000       0.00000000       0.00000000       0.00000000    
  -30.7600002      -3.29749882E-02  -2.31151842E-02  -5.01550455E-03  -3.51582561E-03
  -29.9799995     -0.143720731      -2.38910336E-02  -4.19219807E-02  -1.76971350E-02
  -29.2000008     -0.273672134      -8.60250890E-02 -0.169189334      -5.57463244E-02
  -28.4200001     -0.288908780     -0.195228264     -0.445511103     -0.153292552    
  -27.6399994     -0.170674160     -0.205802724     -0.877304316     -0.354614407    
  -26.8600006     -0.105569936     -0.172880620      -1.42101574     -0.674530387    
  -26.0699997      -9.11173895E-02 -0.136499316      -2.04417086      -1.10394168    
  -25.2900009      -8.25477317E-02  -9.50148329E-02  -2.71614575      -1.61078179    
  -24.5100002      -7.83082321E-02  -7.59789199E-02  -3.43900275      -2.17884469    
  -23.7299995      -8.56061131E-02  -6.84804395E-02  -4.21125746      -2.79488826    
  -22.9500008      -9.71231237E-02  -6.91635534E-02  -5.03623486      -3.45383811    
  -22.1700001     -0.115894549      -7.06427172E-02  -5.92140770      -4.15498972    
  -21.3899994     -0.146522671      -7.55572319E-02  -6.87889385      -4.89964294    
  -20.6100006     -0.181419864      -9.32097510E-02  -7.92617178      -5.69220114    
  -19.8299999     -0.228625283     -0.102863841      -9.08570004      -6.54025316    
  -19.0499992     -0.281079680     -0.124875642      -10.3851223      -7.45276737    
  -18.2700005     -0.321311265     -0.148149222      -11.8536921      -8.44144535    
  -17.4799995     -0.378475875     -0.170392230      -13.5403290      -9.53331184    
  -16.7000008     -0.381486803     -0.199729711      -15.4289875      -10.7167130    
  -15.9200001     -0.348176599     -0.231477991      -17.5442219      -12.0219994    
  -15.1400003     -0.284658670     -0.275129229      -19.8666916      -13.4699259    
  -14.3599997     -0.237153366     -0.295740992      -22.3647842      -15.0817394    
  -13.5799999     -0.214496121     -0.285325378      -25.0109386      -16.8687592    
  -12.8000002     -0.204173207     -0.263406277      -27.7894688      -18.8276234    
  -12.0200005     -0.203390539     -0.230324030      -30.6936703      -20.9450436    
  -11.2399998     -0.204851553     -0.172072574      -33.7219582      -23.1987705    
  -10.4600000     -0.207392886     -0.134293690      -36.8750381      -25.5602951    
  -9.68000031     -0.210024431     -0.126559764      -40.1543083      -28.0080948    
  -8.89000034     -0.219108135     -0.132380322      -43.6051979      -30.5668468    
  -8.10999966     -0.217942953     -0.140709043      -47.1449814      -33.1746330    
  -7.32999992     -0.210123658     -0.154673070      -50.8163452      -35.8688774    
  -6.55000019     -0.202557087     -0.162868232      -54.6155853      -38.6563492    
  -5.76999998     -0.203862876     -0.164304703      -58.5394135      -41.5418854    
  -4.98999977     -0.206965327     -0.168698445      -62.5875473      -44.5278320    
  -4.21000004     -0.210381359     -0.177522615      -66.7616425      -47.6170883    
  -3.43000007     -0.211493924     -0.190720156      -71.0633850      -50.8150177    
  -2.65000010     -0.205674678     -0.200278953      -75.4927444      -54.1284256    
  -1.87000000     -0.206018552     -0.211769655      -80.0481796      -57.5639763    
  -1.09000003     -0.225735635     -0.231868729      -84.7318954      -61.1296768    
 -0.300000012     -0.253724784     -0.263512045      -89.6151047      -64.8847885    
  0.479999989     -0.362096876     -0.297064006      -94.6040115      -68.7539215    
   1.25999999     -0.455155194     -0.328005463      -99.8108902      -72.8033981    
   2.03999996      -1.24277735     -0.334331512      -105.400330      -77.0486908    
   2.81999993      -2.54352999     -0.400012195      -111.823921      -81.5064087    
   3.59999990      -3.33431864     -0.541480422      -119.717430      -86.2190323    
   4.38000011      -3.52455068     -0.676747859      -129.548203      -91.2601471    
   5.15999985      -2.27506876      -1.93583834      -141.304321      -96.8839264    
   5.94000006      -1.20421064      -2.90394711      -154.471771      -103.641212    
   6.71999979      -1.10519338      -2.74806762      -168.519684      -111.994308    
   7.50000000     -0.934255302      -2.35231304      -183.229050      -121.982841    
   8.28999996     -0.934255302      -1.41112113      -198.725372      -133.457565    
   9.06999969     -0.934255302      -1.10668945      -214.597549      -145.749664    
   9.85000038     -0.934255302      -1.01785588      -231.038132      -158.747879    
   10.6300001     -0.934255302     -0.934268892      -248.047104      -172.366135    
   11.4099998     -0.934255302     -0.934268892      -265.624481      -186.565521    
   12.1899996     -0.934255302     -0.934268892      -283.770233      -201.333313    
   12.9700003     -0.934255302     -0.934268892      -302.484436      -216.669525    
   13.7500000     -0.934255302     -0.934268892      -321.766998      -232.574142    
   14.5299997     -0.934255302     -0.934268892      -341.617981      -249.047150    
   15.3100004     -0.934255302     -0.934268892      -362.037384      -266.088593    
   16.0900002     -0.934255302     -0.934268892      -383.025146      -283.698456    
   16.8700008     -0.934255302     -0.934268892      -404.581360      -301.876709    
   17.6599998     -0.934255302     -0.934268892      -426.985931      -320.860046    
   18.4400005     -0.934255302     -0.934268892      -449.678925      -340.175140    
   19.2199993     -0.934255302     -0.934268892      -472.940277      -360.058594    
   20.0000000     -0.934255302     -0.934268892      -496.770111      -380.510498    
   20.7800007     -0.934255302     -0.934268892      -521.168335      -401.530823    
   21.5599995     -0.934255302     -0.934268892      -546.134888      -423.119507    
   22.3400002     -0.934255302     -0.934268892      -571.669861      -445.276642    
   23.1200008     -0.934255302     -0.934268892      -597.773315      -468.002197    
   23.8999996     -0.934255302     -0.934268892      -624.445068      -491.296112    
   24.6800003     -0.934255302     -0.934268892      -651.685303      -515.158508    
   25.4599991     -0.934255302     -0.934268892      -679.493835      -539.589233    
   26.2500000     -0.934255302     -0.934268892      -708.231018      -564.905273    
   27.0300007     -0.934255302     -0.934268892      -737.176453      -590.472839    
   27.8099995     -0.934255302     -0.934268892      -766.690247      -616.608826    
   28.5900002     -0.934255302     -0.934268892      -796.772461      -643.313232    
   29.3700008     -0.934255302     -0.934268892      -827.423096      -670.586060    
   30.1499996     -0.934255302     -0.934268892      -858.642090      -698.427246    
   30.9300003     -0.934255302     -0.934268892      -890.429504      -726.836914    
   31.7099991     -0.934255302     -0.934268892      -922.785278      -755.814880    
   32.4900017     -0.934255302     -0.934268892      -955.709595      -785.361450    
   33.2700005     -0.934255302     -0.934268892      -989.202148      -815.476257    
   34.0499992     -0.934255302     -0.934268892      -1023.26312      -846.159485    
   34.8400002     -0.934255302     -0.934268892      -1058.33289      -877.808228    
   35.6199989     -0.934255302     -0.934268892      -1093.53064      -909.628235    
   36.4000015     -0.934255302     -0.934268892      -1129.29700      -942.016846    
   37.1800003     -0.934255302     -0.934268892      -1165.63159      -974.973694    
   37.9599991     -0.934255302     -0.934268892      -1202.53455      -1008.49896    
   38.7400017     -0.934255302     -0.934268892      -1240.00610      -1042.59277    
   39.5200005     -0.934255302     -0.934268892      -1278.04590      -1077.25488    
   40.2999992     -0.934255302     -0.934268892      -1316.65405      -1112.48535    
   41.0800018     -0.934255302     -0.934268892      -1355.83081      -1148.28442    
   41.8600006     -0.934255302     -0.934268892      -1395.57568      -1184.65173    
   42.6399994     -0.934255302     -0.934268892      -1435.88916      -1221.58752    
   43.4300003     -0.934255302     -0.934268892      -1477.29150      -1259.56885    
   44.2099991     -0.934255302     -0.934268892      -1518.74170      -1297.64148    
   44.9900017     -0.934255302     -0.934268892      -1560.76038      -1336.28259    
   45.7700005     -0.934255302     -0.934268892      -1603.34741      -1375.49194    
   46.5499992     -0.934255302     -0.934268892      -1646.50281      -1415.26965    
