	RS=105.94* 
0	6.964680116
5.605271814	6.672071814
11.20749614	5.580887837
16.81276795	5.166360233
22.41804093	5.145023744
23.7744	5.169407721
24.02128726	5.172455791
28.02331274	5.114544209
33.62553591	4.922519884
39.22775907	4.450080116
44.83303088	4.206240058
48.03343088	4.145280116
50.4383027	4.166616023
56.04357451	4.11175193
61.6458	4.093464093
67.25107181	3.822191988
72.05471814	3.755135907
72.85634363	3.752088128
78.46162009	3.608832047
84.06383628	3.572256081
89.66911274	3.621024035
95.27437991	3.73989614
96.0760054	3.7338
99.35870735	3.721608012
100.8766054	3.715511872
106.4818819	3.758183977
112.087149	3.776472105
117.6924255	3.867911872
120.088149	3.791711872
123.294651	3.688080116
128.8968765	3.483864093
134.5021436	3.65150386
140.1074201	3.675888128
144.1094363	3.611880116
145.7126873	3.57530386
151.3149127	3.541775965
156.9201892	3.148583977
162.5254471	2.89864807
168.1276726	2.852927895
174.0286147	0.85953598
179.9264873	-0.917447997
185.8243598	-2.785872105
187.9244363	-3.319272105
191.722251	-4.3434
197.6201235	-5.468112163
203.5149637	-6.071616023
207.727302	-6.992112163
209.4128363	-7.3914
215.3107274	-8.84224807
221.2086	-9.957815442
227.1064726	-10.70457567
227.530149	-10.73810386
233.0043637	-11.15567953
238.9022363	-11.50315251
244.8001274	-11.85672047
247.3330147	-11.98778456
250.698	-12.23772047
256.5958726	-12.61872047
262.4937637	-13.04848842
267.1267274	-13.46911158
268.3916363	-13.62760772
274.2895274	-14.49323977
280.1874	-15.26133591
286.0852726	-15.66976795
286.9295745	-15.69110386
291.9831637	-15.70634363
297.8810363	-15.98066409
303.7789274	-16.37080772
306.7324402	-16.64512819
309.6768	-16.93163977
315.5746726	-17.56867181
321.4725451	-18.1356
326.5261529	-18.60803977
327.3704549	-18.68728842
333.2683274	-19.37613591
339.1662	-20.05279228
345.0640726	-20.67458456
346.329	-20.79650502
350.9619451	-21.08606409
356.8598549	-21.52192819
362.7577274	-21.89683088
366.1318471	-22.06752047
368.6556	-22.19553591
374.5534726	-22.38146409
380.4513451	-22.55215135
385.9286294	-22.78075135
386.3492549	-22.79599228
392.2471274	-23.09164865
398.145	-23.46655135
404.0428726	-23.86888726
405.7314765	-24.00604865
409.9407451	-24.29865637
415.8386549	-24.82900772
421.7365274	-25.16733591
425.5312726	-25.34412047
427.6344	-25.38069498
433.5322726	-25.61844093
439.4301451	-25.81046409
445.3280549	-25.89580772
451.9940294	-25.78303088
458.6600039	-25.6032
459.635349	-25.56967181
465.3259784	-25.35935907
471.988902	-25.21000772
473.9456941	-25.21000772
478.6548765	-25.18867181
485.3178	-25.21305637
488.2530255	-25.15819228
491.9837745	-25.09418456
498.646698	-24.60955135
502.5573059	-24.37180772
505.3126726	-24.21635907
511.9755961	-24.06395907
516.8646	-24.06091274
518.6415706	-24.07310502
525.3075451	-24.12187181
531.1718941	-24.22550502
531.9735196	-24.24074363
538.6364804	-24.05176912
545.3024549	-24.08529498
545.4822765	-24.08834363
551.9684294	-24.26817684
558.6313529	-24.17064093
559.7895706	-24.14320772
565.2973274	-23.97556912
571.963302	-23.93594363
574.096902	-23.91155907
578.6262255	-23.84145637
585.2922	-23.60371274
588.4041961	-23.47569498
591.9551235	-23.33244093
598.621098	-23.0886
602.7145784	-22.94534363
605.2840216	-22.86609498
611.9499961	-22.80513591
617.0218726	-22.77770502
618.6159706	-22.76551274
625.2788941	-22.7838
631.3292039	-22.87828726
631.9449059	-22.88743088
638.6108432	-23.06421544
645.2768549	-23.13127181
645.639549	-23.13432047
651.9397412	-23.17394363
658.6057529	-23.18918456
659.9468432	-23.18004093
665.2716902	-23.13736912
671.934651	-22.90572047
674.2542117	-22.81123088
678.6005883	-22.61311274
685.263549	-22.31135907
688.5615059	-22.21382316
691.9295607	-22.098
698.5924471	-21.88464093
702.865749	-21.76272047
705.2584588	-21.70175907
711.9243961	-21.51278456
717.1760941	-21.37562316
718.5873568	-21.32990502
725.2532941	-21.07996912
731.4833883	-20.85441544
731.9193059	-20.83307953
738.5821922	-20.50084865
745.2482039	-20.16861544
745.7907568	-20.14118456
751.9141412	-19.94001544
758.5801529	-19.69617684
760.098051	-19.65045637
765.2430393	-19.45843205
771.909051	-19.1262
774.4083961	-18.98294363
778.5720117	-18.78787181
785.237949	-18.45563977
788.4719098	-18.32762433
788.7156902	-18.31847953
791.9009098	-18.18132047
798.5668471	-17.78203205
803.0230588	-17.43151158
805.2328588	-17.25472819
811.8957451	-16.69389614
817.3334039	-16.29765637
818.5617568	-16.18792819
825.2276941	-15.60576023
831.640698	-14.99311158
831.8937059	-14.96872819
838.5565922	-14.22806409
845.051898	-13.13383205
845.2226039	-13.02105637
851.8885412	-8.695944209
858.466149	-4.4196
858.5545529	-4.395216023
865.2174393	-2.273808012
865.8850078	-1.67944807
871.8804	3.675888128
877.6349883	4.992623744
883.3866	5.020055791
889.1382117	4.986528186
892.228851	4.901183977
894.8928	4.919471814
900.6473883	4.986528186
906.395949	5.160264093
912.1506117	5.355335907
912.5803529	5.370576256
917.902149	5.629655791
923.6568117	5.916167953
929.408349	6.214871814
932.9349059	6.498335907
935.1599607	6.513576256
939.6892471	6.675119884
944.2216588	6.858
948.7509451	6.955535907
953.2803059	6.077712163
	
