 Elev(m)    dbdxp(-)    dbdxc(-)      I2p     I2c
  -40.3600006       0.00000000       0.00000000       0.00000000       0.00000000    
  -39.4000015      -7.23960483E-03  -2.33860631E-02  -1.66800176E-03  -5.38813882E-03
  -38.4399986      -1.48503305E-02  -2.48962250E-02  -1.00935297E-02  -2.72886772E-02
  -37.4799995      -1.97596177E-02  -2.25772727E-02  -3.15826721E-02  -7.12512657E-02
  -36.5200005      -2.25329679E-02  -2.13893484E-02  -7.07901269E-02 -0.136281610    
  -35.5499992      -2.67403517E-02  -1.93549059E-02 -0.131604344     -0.221612394    
  -34.5900002      -2.81181596E-02  -2.08080504E-02 -0.215900466     -0.324801087    
  -33.6300011      -2.90604606E-02  -2.28613410E-02 -0.326009899     -0.447304696    
  -32.6699982      -3.24726067E-02  -2.45372001E-02 -0.463470936     -0.590790868    
  -31.7099991      -3.47962342E-02  -2.48800255E-02 -0.630607426     -0.756582797    
  -30.7500000      -3.59559096E-02  -2.37471554E-02 -0.829543829     -0.944964111    
  -29.7800007      -3.30159292E-02  -2.31218580E-02  -1.06291473      -1.15742683    
  -28.8199997      -2.95958091E-02  -2.36324463E-02  -1.32436073      -1.38938165    
  -27.8600006      -2.81848889E-02  -2.79921908E-02  -1.61354470      -1.64400244    
  -26.8999996      -2.58153640E-02  -3.36709656E-02  -1.92848349      -1.92472529    
  -25.9400005      -2.58138459E-02  -3.68252210E-02  -2.26775885      -2.23589706    
  -24.9699993      -2.93384641E-02  -3.39191929E-02  -2.63529515      -2.58302188    
  -24.0100002      -3.40513363E-02  -2.09828541E-02  -3.02648473      -2.95568442    
  -23.0499992      -3.97876687E-02  -5.85731771E-03  -3.44929266      -3.34718084    
  -22.0900002      -5.57215288E-02   1.54259345E-02  -3.91111755      -3.74265599    
  -21.1299992      -6.38931021E-02   1.47677194E-02  -4.42250776      -4.12897062    
  -20.1599998      -8.30540285E-02   9.42208152E-03  -5.00092697      -4.50670671    
  -19.2000008      -8.93290490E-02   1.09969229E-02  -5.64730549      -4.87021255    
  -18.2399998      -8.17290768E-02   4.74058185E-03  -6.37281418      -5.22538900    
  -17.2800007      -4.63367924E-02  -2.67761014E-02  -7.16723967      -5.58201599    
  -16.3199997      -4.52109128E-02  -2.24918593E-02  -8.01226521      -5.95507145    
  -15.3500004      -5.46554886E-02  -1.70642231E-02  -8.91041374      -6.35259628    
  -14.3900003      -5.98774329E-02  -1.25523824E-02  -9.84893799      -6.76205397    
  -13.4300003      -7.96536058E-02  -2.50939559E-03  -10.8459988      -7.18180561    
  -12.4700003      -6.46288320E-02  -1.70258749E-02  -11.9084492      -7.60952854    
  -11.5100002      -8.72901306E-02   9.49893426E-03  -13.0391455      -8.04348660    
  -10.5400000     -0.108169407       1.80375930E-02  -14.2620201      -8.47737312    
  -9.57999992     -0.195604742       4.25127745E-02  -15.5877752      -8.88642597    
  -8.61999989     -0.327638268       6.53617233E-02  -17.1040745      -9.25667286    
  -7.65999985      -8.95884708E-02  -6.58907071E-02  -18.8370590      -9.60218811    
  -6.69999981     -0.135529950       2.72965636E-02  -20.7180386      -9.95671749    
  -5.73000002     -0.163124815       3.08566503E-02  -22.7398300      -10.3105259    
  -4.76999998     -0.171406865       2.35352758E-02  -24.8873730      -10.6346178    
  -3.80999994     -0.171162426       2.11470574E-02  -27.1909199      -10.9358835    
  -2.84999990     -0.165411413       2.88207401E-02  -29.6509418      -11.2153425    
  -1.88999999     -0.123911075       1.75539218E-02  -32.2551689      -11.4726028    
 -0.920000017      -9.56418440E-02   1.58019383E-02  -35.0044632      -11.7140627    
   3.99999991E-02  -7.24067166E-02   1.64535549E-02  -37.8152390      -11.9378376    
   1.00000000      -4.24485095E-02   2.05492750E-02  -40.6911964      -12.1456547    
   1.96000004      -4.74028289E-02   1.94713566E-02  -43.6143188      -12.3357258    
   2.92000008     -0.281893849       3.41444500E-02  -46.6340103      -12.5042229    
   3.88000011     -0.168160141      -7.97074512E-02  -49.8332634      -12.6708641    
   4.84999990      -2.06583273E-02   2.53500305E-02  -53.2141228      -12.8623734    
   5.80999994      -3.81634980E-02  0.147718668      -56.6176300      -13.0246849    
   6.76999998      -1.42971361E-02  0.158831254      -60.0467758      -13.0764942    
   7.73000002       2.49115415E-02  0.159945130      -63.4855652      -12.9842272    
   8.68999958       2.49115415E-02  0.200424075      -66.9104233      -12.7354860    
   9.65999985       2.49115415E-02  0.200424075      -70.3478851      -12.3079042    
   10.6199999       2.49115415E-02  0.200424075      -73.7268372      -11.6990671    
   11.5799999       2.49115415E-02  0.200424075      -77.0828247      -10.9055204    
   12.5400000       2.49115415E-02  0.200424075      -80.4158554      -9.92726231    
   13.5000000       2.49115415E-02  0.200424075      -83.7259216      -8.76429367    
   14.4700003       2.49115415E-02  0.200424075      -87.0474014      -7.40353775    
   15.4300003       2.49115415E-02  0.200424075      -90.3115540      -5.87114811    
   16.3899994       2.49115415E-02  0.200424075      -93.5527496      -4.15404892    
   17.3500004       2.49115415E-02  0.200424075      -96.7709885      -2.25223613    
   18.3099995       2.49115415E-02  0.200424075      -99.9662628     -0.165716216    
   19.2800007       2.49115415E-02  0.200424075      -103.171753       2.12821555    
   20.2399998       2.49115415E-02  0.200424075      -106.321114       4.58415651    
   21.2000008       2.49115415E-02  0.200424075      -109.447517       7.22481251    
   22.1599998       2.49115415E-02  0.200424075      -112.550957       10.0501747    
   23.1200008       2.49115415E-02  0.200424075      -115.631447       13.0602522    
   24.0900002       2.49115415E-02  0.200424075      -118.720947       16.2873535    
   25.0499992       2.49115415E-02  0.200424075      -121.755508       19.6668453    
   26.0100002       2.49115415E-02  0.200424075      -124.767128       23.2310562    
   26.9699993       2.49115415E-02  0.200424075      -127.755775       26.9799709    
   27.9300003       2.49115415E-02  0.200424075      -130.721466       30.9136028    
   28.8999996       2.49115415E-02  0.200424075      -133.694977       35.0738754    
   29.8600006       2.49115415E-02  0.200424075      -136.614761       39.3769302    
   30.8199997       2.49115415E-02  0.200424075      -139.511581       43.8646851    
   31.7800007       2.49115415E-02  0.200424075      -142.385437       48.5371628    
   32.7400017       2.49115415E-02  0.200424075      -145.236343       53.3943481    
   33.7099991       2.49115415E-02  0.200424075      -148.093857       58.4877853    
   34.6699982       2.49115415E-02  0.200424075      -150.898834       63.7143822    
   35.6300011       2.49115415E-02  0.200424075      -153.680878       69.1257095    
   36.5900002       2.49115415E-02  0.200424075      -156.439941       74.7217331    
   37.5499992       2.49115415E-02  0.200424075      -159.176056       80.5024643    
   38.5200005       2.49115415E-02  0.200424075      -161.917587       86.5290909    
   39.4799995       2.49115415E-02  0.200424075      -164.607773       92.6792450    
   40.4399986       2.49115415E-02  0.200424075      -167.275009       99.0140991    
   41.4000015       2.49115415E-02  0.200424075      -169.919296       105.533699    
   42.3600006       2.49115415E-02  0.200424075      -172.540604       112.237984    
   43.3199997       2.49115415E-02  0.200424075      -175.138962       119.126976    
   44.2900009       2.49115415E-02  0.200424075      -177.741318       126.273415    
   45.2500000       2.49115415E-02  0.200424075      -180.293747       133.531830    
   46.2099991       2.49115415E-02  0.200424075      -182.823242       140.974945    
   47.1699982       2.49115415E-02  0.200424075      -185.329758       148.602783    
   48.1300011       2.49115415E-02  0.200424075      -187.813339       156.415359    
   49.0999985       2.49115415E-02  0.200424075      -190.299683       164.494949    
   50.0600014       2.49115415E-02  0.200424075      -192.737350       172.676941    
   51.0200005       2.49115415E-02  0.200424075      -195.152039       181.043625    
   51.9799995       2.49115415E-02  0.200424075      -197.543762       189.595001    
   52.9399986       2.49115415E-02  0.200424075      -199.912537       198.331100    
   53.9099998       2.49115415E-02  0.200424075      -202.282913       207.343887    
   54.8699989       2.49115415E-02  0.200424075      -204.605759       216.449402    
   55.8300018       2.49115415E-02  0.200424075      -206.905670       225.739670    
