 Elev(m)    dbdxp(-)    dbdxc(-)      I2p     I2c
  -34.8400002       0.00000000       0.00000000       0.00000000       0.00000000    
  -34.0299988       4.62078117E-03  -5.20191947E-03   7.57926202E-04  -8.53247708E-04
  -33.2299995      -2.69529788E-04   2.11160514E-03   2.96877674E-03  -3.04556149E-03
  -32.4199982      -1.77592773E-03   1.48223666E-02   5.57655469E-03  -2.98823370E-03
  -31.6100006      -8.70278105E-03   5.96856549E-02   6.13003876E-03   1.20679047E-02
  -30.8099995      -3.04813520E-03  0.115131184       3.05169309E-03   6.76829368E-02
  -30.0000000       1.14313420E-02   9.81265232E-02  -5.93417382E-04  0.187288687    
  -29.2000008       3.77337402E-03   9.54585820E-02  -3.41486273E-04  0.371718377    
  -28.3899994      -1.59237478E-02  0.120249979       3.83403676E-04  0.625191569    
  -27.5799999      -6.28753975E-02  0.136785388      -1.38097489E-02  0.956206143    
  -26.7800007      -3.27547193E-02   9.70223770E-02  -5.62788956E-02   1.36312413    
  -25.9699993      -2.76458524E-02   9.04233977E-02 -0.124675930       1.84374654    
  -25.1700001      -3.56379487E-02   9.37493443E-02 -0.212393433       2.37900949    
  -24.3600006      -5.49761131E-02  0.148097828     -0.326320827       2.99046350    
  -23.5499992     -0.261127681      0.349656612     -0.506960571       3.72323275    
  -22.7500000     -0.307142526      0.381870508     -0.829789400       4.64757872    
  -21.9400005      -8.19038302E-02  0.112443425      -1.31251240       5.78304815    
  -21.1399994      -6.95191622E-02   9.42161381E-02  -1.87713981       7.01847839    
  -20.3299999      -6.66687191E-02   9.43502933E-02  -2.49568868       8.33375168    
  -19.5200005      -6.13738485E-02  0.113958091      -3.15757823       9.71412277    
  -18.7199993      -4.02921326E-02  0.223449931      -3.84871626       11.1665449    
  -17.9099998       8.57507139E-02   5.96019551E-02  -4.55750275       12.7381983    
  -17.1100006       3.56072113E-02   6.08605482E-02  -5.23026896       14.3560610    
  -16.2999992      -8.01106170E-03   6.17567152E-02  -5.88726282       16.0337772    
  -15.4899998      -4.22058962E-02   6.26284108E-02  -6.54796600       17.7520027    
  -14.6899996      -6.71707913E-02   6.34824634E-02  -7.22658825       19.4898529    
  -13.8800001      -7.76023120E-02   6.43723384E-02  -7.95515537       21.2908230    
  -13.0799999      -8.82653520E-02   6.51925653E-02  -8.72538853       23.1115246    
  -12.2700005      -9.73743945E-02   6.59481883E-02  -9.56256485       24.9974804    
  -11.4600000      -9.97047871E-02   6.62841573E-02  -10.4625177       26.9266376    
  -10.6599998     -0.101343371       6.60520196E-02  -11.4162636       28.8751068    
  -9.85000038     -0.103413127       6.58511892E-02  -12.4480801       30.8909988    
  -9.05000019     -0.105710983       6.58578500E-02  -13.5346317       32.9249802    
  -8.23999977     -0.108073391       6.59246147E-02  -14.7037039       35.0273323    
  -7.42999983     -0.110162333       6.59946129E-02  -15.9436388       37.1729393    
  -6.63000011     -0.111806400       6.69850782E-02  -17.2400265       39.3352394    
  -5.82000017     -0.113479741       6.85918778E-02  -18.6255264       41.5683479    
  -5.01999998     -0.115103602       7.01648518E-02  -20.0679131       43.8186073    
  -4.21000004     -0.116829172       7.17401579E-02  -21.6033955       46.1427460    
  -3.40000010     -0.118473232       7.33768344E-02  -23.2155151       48.5139656    
  -2.59999990     -0.118418097       7.32276514E-02  -24.8847084       50.9034691    
  -1.78999996     -0.117802493       7.17162266E-02  -26.6518841       53.3703575    
 -0.990000010     -0.120655499       7.01866224E-02  -28.4746227       55.8535500    
 -0.180000007     -0.124195524      0.232392877      -30.3989315       58.4403954    
  0.629999995     -0.127831772      0.582650661      -32.4047394       61.2105598    
   1.42999995      -5.38811274E-02  0.635142624      -34.4564209       64.2783127    
   2.24000001     -0.108649097      0.475615174      -36.5898399       67.7638550    
   3.03999996     -0.142772183      0.228568509      -38.7644882       71.5018158    
   3.84999990     -0.195859954      0.195517227      -41.0625916       75.4701157    
   4.65999985     -0.195298985      0.172540784      -43.4803963       79.5683517    
   5.46000004     -0.195806369      0.160596937      -45.9958687       83.7302628    
   6.26999998     -0.197630405      0.160596937      -48.6706696       88.0508347    
   7.07000017     -0.197630405      0.160596937      -51.4410210       92.4227905    
   7.88000011     -0.197630405      0.160596937      -54.3748512       96.9541016    
   8.68999958     -0.197630405      0.160596937      -57.4383469       101.590782    
   9.48999977     -0.197630405      0.160596937      -60.5928917       106.274933    
   10.3000002     -0.197630405      0.160596937      -63.9157219       111.122353    
   11.1000004     -0.197630405      0.160596937      -67.3263931       116.014641    
   11.9099998     -0.197630405      0.160596937      -70.9085541       121.072792    
   12.7200003     -0.197630405      0.160596937      -74.6203766       126.236313    
   13.5200005     -0.197630405      0.160596937      -78.4152451       131.440796    
   14.3299999     -0.197630405      0.160596937      -82.3863983       136.815048    
   15.1300001     -0.197630405      0.160596937      -86.4374008       142.227676    
   15.9399996     -0.197630405      0.160596937      -90.6678848       147.812668    
   16.7500000     -0.197630405      0.160596937      -95.0280380       153.503021    
   17.5499992     -0.197630405      0.160596937      -99.4632263       159.227844    
   18.3600006     -0.197630405      0.160596937      -104.082718       165.128952    
   19.1599998     -0.197630405      0.160596937      -108.774033       171.061905    
   19.9699993     -0.197630405      0.160596937      -113.652840       177.173721    
   20.7800007     -0.197630405      0.160596937      -118.661331       183.390930    
   21.5799999     -0.197630405      0.160596937      -123.736839       189.636078    
   22.3899994     -0.197630405      0.160596937      -129.004654       196.064011    
   23.1900005     -0.197630405      0.160596937      -134.336304       202.517319    
   24.0000000     -0.197630405      0.160596937      -139.863434       209.155975    
   24.8099995     -0.197630405      0.160596937      -145.520248       215.900009    
   25.6100006     -0.197630405      0.160596937      -151.236084       222.665512    
   26.4200001     -0.197630405      0.160596937      -157.152222       229.620285    
   27.2199993     -0.197630405      0.160596937      -163.124191       236.593903    
   28.0300007     -0.197630405      0.160596937      -169.299667       243.759430    
   28.8400002     -0.197630405      0.160596937      -175.604797       251.030289    
   29.6399994     -0.197630405      0.160596937      -181.960953       258.316101    
   30.4500008     -0.197630405      0.160596937      -188.525436       265.797729    
   31.2500000     -0.197630405      0.160596937      -195.137711       273.291687    
   32.0600014     -0.197630405      0.160596937      -201.961533       280.984070    
   32.8699989     -0.197630405      0.160596937      -208.914963       288.781738    
   33.6699982     -0.197630405      0.160596937      -215.911453       296.587891    
   34.4799995     -0.197630405      0.160596937      -223.124252       304.596375    
   35.2799988     -0.197630405      0.160596937      -230.376862       312.610657    
   36.0900002     -0.197630405      0.160596937      -237.848999       320.829865    
   36.9000015     -0.197630405      0.160596937      -245.450806       329.154419    
   37.7000008     -0.197630405      0.160596937      -253.087601       337.480927    
   38.5099983     -0.197630405      0.160596937      -260.948700       346.016174    
   39.3100014     -0.197630405      0.160596937      -268.841675       354.550842    
   40.1199989     -0.197630405      0.160596937      -276.962097       363.296844    
   40.9300003     -0.197630405      0.160596937      -285.212219       372.148254    
   41.7299995     -0.197630405      0.160596937      -293.489349       380.995087    
   42.5400009     -0.197630405      0.160596937      -301.998810       390.057220    
   43.3400002     -0.197630405      0.160596937      -310.532074       399.112183    
   44.1500015     -0.197630405      0.160596937      -319.300873       408.385071    
   44.9599991     -0.197630405      0.160596937      -328.199280       417.763275    
   45.7599983     -0.197630405      0.160596937      -337.116730       427.130432    
