	RS=131.02* 
0	5.059680116
6.236207721	5.78510386
10.64361544	6.449567953
12.47241544	6.7818
19.5072	6.952487837
21.28723088	7.0104
26.54198456	7.056119884
31.93084865	7.278623744
33.57676912	7.193280116
40.61155367	7.001255791
42.57446177	6.93724807
47.64633823	6.656832047
53.21808186	6.32764807
54.68111814	6.281928186
61.7159027	6.117335907
63.86474363	6.074664093
68.75068726	5.980176256
74.50531274	5.846064093
75.78547181	5.79729614
82.82025637	5.553455791
85.15197451	5.462016023
89.85503628	5.40715193
95.79254363	5.367528186
96.89287646	5.361432047
103.9276564	5.242560233
106.4392054	5.215128186
110.9593946	5.154167953
117.0797745	5.071871814
117.9941745	5.068823744
125.0320054	5.0292
127.7264363	4.980432047
132.0667946	4.913376256
133.7889127	4.895087837
138.3700564	4.837175965
139.1015745	4.828032047
146.1363637	4.791456081
149.0136765	4.788408012
153.1711436	4.80669614
159.6572873	4.855464093
160.2059235	4.864608012
167.2407127	4.94690386
170.300898	4.986528186
174.275502	5.03529614
180.9445274	5.114544209
181.3102726	5.120639767
182.7154147	5.145023744
188.3450618	5.2578
191.5911892	5.346192279
195.379851	5.41324807
202.231749	5.401055791
202.4146402	5.398007721
209.4494108	5.239512163
212.8784108	5.151119884
216.4842	5.068823744
223.5189892	4.788408012
231.8979382	4.541519884
234.4399598	4.434840058
240.328698	4.12089614
245.360949	3.828288128
248.7594765	3.590543919
256.2880402	3.04190386
257.1902363	2.97789614
265.6240471	2.447543919
267.2090108	2.340863948
274.0548255	1.8288
278.13	1.542287983
282.4886363	1.322832047
289.0509892	0.865631974
290.9194147	0.765047997
299.3501745	0.597408012
299.9750108	0.579119993
307.7839853	0.082296003
310.896	-0.109728004
316.2147451	-0.524256009
321.8169706	-1.12166402
324.6485745	-1.310640058
332.7379784	-1.90804807
333.0824039	-1.929383977
341.5131451	-2.578608012
343.662	-2.82549614
349.9439235	-3.526535907
354.5829706	-4.105656081
358.374702	-4.581143919
365.5039784	-6.080760233
366.8084941	-6.358128186
375.2423235	-7.644383977
376.428	-7.943087837
383.673102	-9.765792279
387.3520216	-10.50036023
392.1038804	-11.54277567
398.2730294	-12.38402433
400.5346216	-12.71016023
408.968451	-13.60322433
409.194	-13.62151158
417.3992294	-14.16405637
420.1149706	-14.29512047
425.8330216	-14.64259228
431.0390294	-15.00835251
434.266851	-15.24304749
441.96	-15.77949614
442.6976294	-15.82826409
451.1283706	-16.56587953
452.8809706	-16.70913591
459.559149	-17.32483205
463.8019784	-17.72412047
467.9929784	-18.14169614
474.726	-18.83663977
476.4267706	-18.98903977
484.857549	-19.86076912
485.6500216	-19.94306409
493.2883274	-20.71725637
496.5710294	-21.11959228
501.7191059	-21.78405637
507.492	-22.61006409
510.152898	-22.99411274
518.4160216	-24.38704865
518.5836765	-24.41143088
527.0175059	-25.68549498
529.3370294	-26.03296912
535.451298	-26.95955907
540.258	-27.52648726
543.8820765	-27.91358456
551.1789706	-28.67253591
552.3128549	-28.78835907
560.7435961	-29.25470502
562.1030294	-29.30652047
569.1774255	-29.55035907
573.024	-29.718
577.6112549	-29.95879228
583.9449706	-30.30626409
586.0419961	-30.4038
594.4727745	-30.861
594.8659784	-30.88538456
602.9035529	-31.36392047
605.793051	-31.45231274
611.3373451	-31.63214363
616.7140216	-31.86684093
619.7711745	-31.95827953
627.6349922	-32.18383088
628.2019529	-32.19297684
636.6357451	-31.93389498
638.559051	-31.83635907
645.0635098	-31.55594363
649.4800588	-31.37306409
653.497302	-31.24809498
660.4009922	-31.23895135
661.9280432	-31.27247953
670.3619098	-31.59252047
671.322	-31.67786409
678.795702	-32.5374
682.2460588	-33.08299228
687.2264432	-33.95472047
693.1669922	-34.90874363
695.6572588	-35.17087181
704.088	-35.90239228
713.1040078	-35.64331274
713.4453451	-35.60064093
722.1168902	-34.19246409
722.8087922	-34.01872819
731.1298471	-31.95523088
732.1662117	-31.73882316
740.1428039	-30.15386409
741.5235568	-29.91612047
749.1527098	-28.61157684
750.880902	-28.38602316
758.1686432	-27.48076912
760.241298	-27.2796
767.178549	-26.57855907
769.5986432	-26.20975135
776.1945568	-25.25572819
778.9559883	-24.93873591
785.2074393	-24.18587953
787.7769568	-23.72563088
794.2173451	-22.40889498
796.591749	-21.92731274
803.2333529	-20.28444093
805.4126432	-19.72970502
812.2432588	-17.85518456
814.2275098	-17.11756795
821.2591922	-14.70050386
823.0484039	-14.23416023
830.272149	-12.55471158
831.8662471	-12.24686409
839.2820549	-10.91488842
840.6840902	-10.72286409
848.2979883	-9.838943628
849.5050588	-9.665207721
857.3078941	-8.421623744
858.319851	-8.189976256
866.323902	-6.047232047
867.1407451	-5.766816023
875.3338078	-2.179320029
875.9585883	-1.972055936
884.3466902	0.121920002
884.7765059	0.231647997
885.5354549	0.387095994
893.362698	1.9812
893.594349	2.011679971
902.3726039	3.078480116
902.4121922	3.081527895
911.2331607	4.154424035
911.3886117	4.169664093
920.3984432	4.660391988
927.1771922	4.971287837
933.9528902	4.864608012
940.7316393	3.867911872
947.5074117	3.721608012
949.5556588	3.80695193
954.2831098	4.04469614
961.0618588	4.315967953
967.8375568	4.632959942
974.6163059	5.03529614
978.715851	5.212080116
981.3920039	5.32790386
988.1707529	5.431535907
994.949502	5.391912163
1001.639847	5.376671814
1007.872992	5.519928186
1008.333243	5.532119884
1015.026639	5.5626
1021.72011	5.757671814
1028.413506	5.903976256
1031.62611	5.967983977
1035.106902	6.041135907
1037.030208	6.105144209
1041.800298	6.269735907
1048.493694	6.32764807
1055.18709	6.431280116
1061.880561	6.586728186
1066.1904	6.63244807
1068.573957	6.571487837
1075.267353	6.376416023
1081.960749	6.053328186
1088.654145	6.144767953
1095.347541	7.367016023
	
