   516.752197      -40.3157120    
   540.980652      -40.3157120    
 NaN NaN
   508.321899      -39.3645554    
   544.189575      -39.3645554    
 NaN NaN
   499.800598      -38.4133949    
   547.398499      -38.4133949    
 NaN NaN
   492.457123      -37.4622383    
   550.054443      -37.4622383    
 NaN NaN
   487.604767      -36.5110779    
   552.540100      -36.5110779    
 NaN NaN
   482.207642      -35.5599174    
   555.025818      -35.5599174    
 NaN NaN
   470.729431      -34.6087608    
   557.689148      -34.6087608    
 NaN NaN
   448.045349      -33.6576004    
   561.595215      -33.6576004    
 NaN NaN
   429.078583      -32.7064438    
   565.501221      -32.7064438    
 NaN NaN
   414.808044      -31.7552834    
   568.574036      -31.7552834    
 NaN NaN
   401.545746      -30.8041248    
   571.451172      -30.8041248    
 NaN NaN
   388.724030      -29.8529663    
   574.328369      -29.8529663    
 NaN NaN
   374.890350      -28.9018078    
   576.323303      -28.9018078    
 NaN NaN
   361.029205      -27.9506474    
   577.857544      -27.9506474    
 NaN NaN
   347.876373      -26.9994888    
   579.391785      -26.9994888    
 NaN NaN
   330.540131      -26.0483303    
   580.926025      -26.0483303    
 NaN NaN
   312.230591      -25.0971718    
   582.460205      -25.0971718    
 NaN NaN
   286.828583      -24.1460133    
   583.994446      -24.1460133    
 NaN NaN
   266.843140      -23.1948528    
   585.993896      -23.1948528    
 NaN NaN
   238.959366      -22.2436943    
   588.142944      -22.2436943    
 NaN NaN
   221.031189      -21.2925358    
   590.291992      -21.2925358    
 NaN NaN
   212.202164      -20.3413773    
   592.440979      -20.3413773    
 NaN NaN
   203.089584      -19.3902187    
   594.810791      -19.3902187    
 NaN NaN
   180.926392      -18.4390602    
   597.371826      -18.4390602    
 NaN NaN
   173.403229      -17.4878998    
   599.932861      -17.4878998    
 NaN NaN
   166.344894      -16.5367413    
   602.468445      -16.5367413    
 NaN NaN
   142.430801      -15.5855827    
   604.554810      -15.5855827    
 NaN NaN
   133.517120      -14.6344242    
   606.634766      -14.6344242    
 NaN NaN
   126.881767      -13.6832647    
   608.714722      -13.6832647    
 NaN NaN
   119.820816      -12.7321062    
   610.794617      -12.7321062    
 NaN NaN
   115.980141      -11.7809467    
   613.086182      -11.7809467    
 NaN NaN
   114.429245      -10.8297882    
   615.452637      -10.8297882    
 NaN NaN
   112.878357      -9.87862968    
   617.820374      -9.87862968    
 NaN NaN
   111.327469      -8.92747021    
   620.188110      -8.92747021    
 NaN NaN
   109.776581      -7.97631168    
   622.650879      -7.97631168    
 NaN NaN
   108.622986      -7.02515268    
   625.185303      -7.02515268    
 NaN NaN
   107.845528      -6.07399368    
   627.718262      -6.07399368    
 NaN NaN
   106.973984      -5.12283516    
   630.137878      -5.12283516    
 NaN NaN
   106.102432      -4.17167616    
   632.094727      -4.17167616    
 NaN NaN
   105.230888      -3.22051716    
   634.051636      -3.22051716    
 NaN NaN
   104.359337      -2.26935816    
   636.008484      -2.26935816    
 NaN NaN
   103.487793      -1.31819940    
   637.965393      -1.31819940    
 NaN NaN
   102.616241     -0.367040515    
   652.340454     -0.367040515    
 NaN NaN
   101.744698      0.584118366    
   659.229492      0.584118366    
 NaN NaN
   100.873146       1.53527725    
   662.388428       1.53527725    
 NaN NaN
   100.001595       2.48643613    
   665.707947       2.48643613    
 NaN NaN
   94.6266556       3.43759489    
   675.346436       3.43759489    
 NaN NaN
   0.00000000       4.38875389    
   34.5403252       4.38875389    
 NaN NaN
   54.6152496       4.38875389    
   683.788574       4.38875389    
 NaN NaN
   0.00000000       5.33991289    
   690.327454       5.33991289    
 NaN NaN
   0.00000000       6.29107189    
   695.645081       6.29107189    
 NaN NaN
   695.645081       6.29107189    
   705.706482       6.29107189    
 NaN NaN
   0.00000000       7.24223042    
   705.706482       7.24223042    
 NaN NaN
   0.00000000       8.19338989    
   705.706482       8.19338989    
 NaN NaN
   0.00000000       9.14454842    
   705.706482       9.14454842    
 NaN NaN
   0.00000000       10.0957069    
   705.706482       10.0957069    
 NaN NaN
   0.00000000       11.0468664    
   705.706482       11.0468664    
 NaN NaN
   0.00000000       11.9980249    
   705.706482       11.9980249    
 NaN NaN
   0.00000000       12.9491835    
   705.706482       12.9491835    
 NaN NaN
   0.00000000       13.9003429    
   705.706482       13.9003429    
 NaN NaN
   0.00000000       14.8515015    
   705.706482       14.8515015    
 NaN NaN
   0.00000000       15.8026600    
   705.706482       15.8026600    
 NaN NaN
   0.00000000       16.7538185    
   705.706482       16.7538185    
 NaN NaN
   0.00000000       17.7049789    
   705.706482       17.7049789    
 NaN NaN
   0.00000000       18.6561375    
   705.706482       18.6561375    
 NaN NaN
   0.00000000       19.6072960    
   705.706482       19.6072960    
 NaN NaN
   0.00000000       20.5584545    
   705.706482       20.5584545    
 NaN NaN
   0.00000000       21.5096130    
   705.706482       21.5096130    
 NaN NaN
   0.00000000       22.4607735    
   705.706482       22.4607735    
 NaN NaN
   0.00000000       23.4119320    
   705.706482       23.4119320    
 NaN NaN
   0.00000000       24.3630905    
   705.706482       24.3630905    
 NaN NaN
   0.00000000       25.3142490    
   705.706482       25.3142490    
 NaN NaN
   0.00000000       26.2654076    
   705.706482       26.2654076    
 NaN NaN
   0.00000000       27.2165680    
   705.706482       27.2165680    
 NaN NaN
   0.00000000       28.1677265    
   705.706482       28.1677265    
 NaN NaN
   0.00000000       29.1188850    
   705.706482       29.1188850    
 NaN NaN
   0.00000000       30.0700436    
   705.706482       30.0700436    
 NaN NaN
   0.00000000       31.0212021    
   705.706482       31.0212021    
 NaN NaN
   0.00000000       31.9723606    
   705.706482       31.9723606    
 NaN NaN
   0.00000000       32.9235191    
   705.706482       32.9235191    
 NaN NaN
   0.00000000       33.8746796    
   705.706482       33.8746796    
 NaN NaN
   0.00000000       34.8258362    
   705.706482       34.8258362    
 NaN NaN
   0.00000000       35.7769966    
   705.706482       35.7769966    
 NaN NaN
   0.00000000       36.7281570    
   705.706482       36.7281570    
 NaN NaN
   0.00000000       37.6793137    
   705.706482       37.6793137    
 NaN NaN
   0.00000000       38.6304741    
   705.706482       38.6304741    
 NaN NaN
   0.00000000       39.5816307    
   705.706482       39.5816307    
 NaN NaN
   0.00000000       40.5327911    
   705.706482       40.5327911    
 NaN NaN
   0.00000000       41.4839516    
   705.706482       41.4839516    
 NaN NaN
   0.00000000       42.4351082    
   705.706482       42.4351082    
 NaN NaN
   0.00000000       43.3862686    
   705.706482       43.3862686    
 NaN NaN
   0.00000000       44.3374252    
   705.706482       44.3374252    
 NaN NaN
   0.00000000       45.2885857    
   705.706482       45.2885857    
 NaN NaN
   0.00000000       46.2397461    
   705.706482       46.2397461    
 NaN NaN
   0.00000000       47.1909027    
   705.706482       47.1909027    
 NaN NaN
   0.00000000       48.1420631    
   705.706482       48.1420631    
 NaN NaN
   0.00000000       49.0932198    
   705.706482       49.0932198    
 NaN NaN
   0.00000000       50.0443802    
   705.706482       50.0443802    
 NaN NaN
   0.00000000       50.9955406    
   705.706482       50.9955406    
 NaN NaN
   0.00000000       51.9466972    
   705.706482       51.9466972    
 NaN NaN
   0.00000000       52.8978577    
   705.706482       52.8978577    
 NaN NaN
   0.00000000       53.8490143    
   705.706482       53.8490143    
 NaN NaN
