 Elev(m)    Area(m2)     Peri(m)      Radi(m)   Conv(m3/s)    topWidth(m)    newI1(m3)    dPdA(1/m)
   -23.00        0.00        0.00         NaN                 NaN               0.000           0.000             NaN
   -22.35       10.12       25.45        0.40             218.743              25.407           3.293           2.516
   -21.70       31.13       38.82        0.80            1074.756              38.716          16.721           0.636
   -21.05       60.03       50.02        1.20            2711.740              49.823          46.399           0.387
   -20.40       96.04       61.40        1.56            5176.539              61.115          97.208           0.316
   -19.75      140.00       74.59        1.88            8520.983              74.220         174.052           0.300
   -19.10      193.13       89.80        2.15           12871.346              89.344         282.503           0.286
   -18.45      256.22      104.91        2.44           18587.307             104.372         428.791           0.239
   -17.79      329.24      121.16        2.72           25645.396             120.542         619.393           0.223
   -17.14      414.99      146.21        2.84           33277.422             145.510         861.684           0.292
   -16.49      531.77      225.93        2.35           37637.977             225.162        1169.910           0.683
   -15.84      699.94      287.92        2.43           50619.867             287.085        1570.905           0.369
   -15.19      910.34      341.95        2.66           69945.961             341.044        2095.146           0.257
   -14.54     1172.23      432.93        2.71           91090.672             431.948        2773.142           0.347
   -13.89     1463.08      466.44        3.14          125403.727             465.384        3631.087           0.115
   -13.24     1776.09      495.31        3.59          166437.562             494.177        4685.622           0.092
   -12.59     2110.23      551.47        3.83          206502.828             550.260        5950.839           0.168
   -11.93     2476.49      574.34        4.31          262427.562             573.031        7444.075           0.062
   -11.28     2857.40      600.88        4.76          323209.469             599.484        9180.557           0.070
   -10.63     3267.71      644.46        5.07          385774.406             642.972       11174.630           0.106
    -9.98     3690.92      657.78        5.61          466191.969             656.183       13440.061           0.031
    -9.33     4121.98      669.32        6.16          553963.000             667.616       15983.604           0.027
    -8.68     4559.95      679.39        6.71          649004.938             677.569       18810.070           0.023
    -8.03     5004.21      688.98        7.26          750723.375             687.045       21923.748           0.022
    -7.38     5454.45      697.83        7.82          859301.625             695.775       25328.639           0.020
    -6.73     5910.27      706.75        8.36          974005.312             704.580       29028.502           0.020
    -6.07     6372.61      718.11        8.87         1092600.875             715.826       33027.281           0.025
    -5.42     6843.83      735.44        9.31         1211135.625             733.057       37329.988           0.037
    -4.77     7328.92      757.29        9.68         1331331.875             754.809       41944.023           0.045
    -4.12     7824.09      767.98       10.19         1470790.000             765.392       46877.188           0.022
    -3.47     8324.58      774.58       10.75         1621637.000             771.863       52134.500           0.013
    -2.82     8829.45      781.75       11.29         1777892.000             778.911       57719.113           0.014
    -2.17     9338.67      788.40       11.85         1941050.875             785.427       63633.867           0.013
    -1.52     9852.44      795.85       12.38         2109020.250             792.745       69881.664           0.014
    -0.87    10371.04      803.51       12.91         2282630.750             800.291       76465.562           0.015
    -0.21    10894.43      810.57       13.44         2463424.250             807.221       83388.688           0.013
     0.44    11422.20      817.37       13.97         2650710.500             813.882       90654.016           0.013
     1.09    11954.20      823.86       14.51         2844620.500             820.231       98264.359           0.012
     1.74    12490.36      830.44       15.04         3044249.000             826.670      106222.453           0.012
     2.39    13030.74      836.87       15.57         3250140.750             832.970      114531.023           0.012
     3.04    13575.00      842.85       16.11         3463049.750             838.806      123192.703           0.011
     3.69    14123.01      848.59       16.64         3682472.750             844.395      132209.984           0.010
     4.34    14682.52      906.81       16.19         3758802.500             902.376      141587.828           0.104
     4.99    15301.18      990.38       15.45         3796641.000             985.617      151349.219           0.135
     5.65    15963.54     1064.33       15.00         3883512.000            1059.263      161527.672           0.112
     6.30    16706.84     1210.73       13.80         3844608.250            1205.405      172163.719           0.197
     6.95    17538.18     1306.80       13.42         3961828.250            1301.274      183312.438           0.116
     7.60    18387.67     1314.42       13.99         4270191.500            1308.771      195008.344           0.009
     8.25    19243.27     1324.61       14.53         4582810.500            1318.846      207259.344           0.012
     8.90    20105.17     1332.45       15.09         4910654.500            1326.587      220069.500           0.009
     9.55    20971.18     1342.20       15.62         5242678.500            1336.301      233442.188           0.011
    10.20    21841.27     1342.20       16.27         5610197.000            1336.301      247380.094           0.000
    10.85    22711.35     1342.20       16.92         5987607.500            1336.301      261884.500           0.000
    11.51    23581.43     1342.20       17.57         6374782.500            1336.301      276955.406           0.000
    12.16    24451.52     1342.20       18.22         6771602.500            1336.301      292592.906           0.000
    12.81    25321.60     1342.20       18.87         7177949.000            1336.301      308796.875           0.000
    13.46    26191.69     1342.20       19.51         7593713.500            1336.301      325567.375          -0.000
    14.11    27061.77     1342.20       20.16         8018788.500            1336.301      342904.406           0.000
    14.76    27931.85     1342.20       20.81         8453075.000            1336.301      360807.938           0.000
    15.41    28801.94     1342.20       21.46         8896475.000            1336.301      379278.031           0.000
    16.06    29672.02     1342.20       22.11         9348895.000            1336.301      398314.594           0.000
    16.71    30542.11     1342.20       22.76         9810250.000            1336.301      417917.781           0.000
    17.37    31412.19     1342.20       23.40        10280451.000            1336.301      438087.406           0.000
    18.02    32282.27     1342.20       24.05        10759415.000            1336.301      458823.562           0.000
    18.67    33152.36     1342.20       24.70        11247064.000            1336.301      480126.250           0.000
    19.32    34022.44     1342.20       25.35        11743320.000            1336.301      501995.469           0.000
    19.97    34892.52     1342.20       26.00        12248110.000            1336.301      524431.188           0.000
    20.62    35762.61     1342.20       26.64        12761364.000            1336.301      547433.438           0.000
    21.27    36632.70     1342.20       27.29        13283012.000            1336.301      571002.312           0.000
    21.92    37502.78     1342.20       27.94        13812984.000            1336.301      595137.625          -0.000
    22.57    38372.86     1342.20       28.59        14351218.000            1336.301      619839.438           0.000
    23.23    39242.95     1342.20       29.24        14897650.000            1336.301      645107.812           0.000
    23.88    40113.03     1342.20       29.89        15452222.000            1336.301      670942.688           0.000
    24.53    40983.11     1342.20       30.53        16014868.000            1336.301      697344.062           0.000
    25.18    41853.20     1342.20       31.18        16585537.000            1336.301      724312.000           0.000
    25.83    42723.28     1342.20       31.83        17164168.000            1336.301      751846.438           0.000
    26.48    43593.36     1342.20       32.48        17750712.000            1336.301      779947.375           0.000
    27.13    44463.45     1342.20       33.13        18345110.000            1336.301      808614.938           0.000
    27.78    45333.54     1342.20       33.78        18947318.000            1336.301      837849.000           0.000
    28.43    46203.62     1342.20       34.42        19557276.000            1336.301      867649.500           0.000
    29.09    47073.70     1342.20       35.07        20174946.000            1336.301      898016.562           0.000
    29.74    47943.79     1342.20       35.72        20800270.000            1336.301      928950.188           0.000
    30.39    48813.87     1342.20       36.37        21433210.000            1336.301      960450.250          -0.000
    31.04    49683.95     1342.20       37.02        22073712.000            1336.301      992516.938           0.000
    31.69    50554.04     1342.20       37.67        22721738.000            1336.301     1025150.188           0.000
    32.34    51424.12     1342.20       38.31        23377240.000            1336.301     1058349.750           0.000
    32.99    52294.21     1342.20       38.96        24040182.000            1336.301     1092116.000           0.000
    33.64    53164.29     1342.20       39.61        24710516.000            1336.301     1126448.625           0.000
    34.29    54034.38     1342.20       40.26        25388206.000            1336.301     1161348.000           0.000
    34.95    54904.46     1342.20       40.91        26073210.000            1336.301     1196813.875           0.000
    35.60    55774.54     1342.20       41.55        26765486.000            1336.301     1232846.125           0.000
    36.25    56644.63     1342.20       42.20        27465004.000            1336.301     1269445.000           0.000
    36.90    57514.71     1342.20       42.85        28171718.000            1336.301     1306610.250           0.000
    37.55    58384.80     1342.20       43.50        28885600.000            1336.301     1344342.250           0.000
    38.20    59254.88     1342.20       44.15        29606608.000            1336.301     1382640.500           0.000
    38.85    60124.96     1342.20       44.80        30334710.000            1336.301     1421505.500           0.000
    39.50    60995.04     1342.20       45.44        31069866.000            1336.301     1460936.875          -0.000
    40.15    61865.13     1342.20       46.09        31812050.000            1336.301     1500934.875           0.000
    40.81    62735.22     1342.20       46.74        32561230.000            1336.301     1541499.500           0.000
    41.46    63605.30     1342.20       47.39        33317360.000            1336.301     1582630.375           0.000
    42.11    64475.38     1342.20       48.04        34080424.000            1336.301     1624328.125           0.000
