	RS=226.81* 
0	14.59077567
5.760719884	13.54531158
11.52143977	12.28343977
17.28216023	11.20749614
23.04287953	10.47597567
28.80055135	10.02182433
34.56127181	9.717023744
40.32198995	9.692639767
42.75734363	9.6774
46.08271274	9.656064093
51.84343088	9.60424807
57.60415367	8.875776256
61.32271274	7.632192279
65.04431814	7.174992279
68.76288186	6.608064093
72.48448726	5.919216023
76.20304633	5.233416023
79.9216054	4.306824035
83.64322009	3.398519884
87.25205098	2.51764807
87.36482549	2.490216023
91.08337991	1.274063948
94.80194363	0.716279971
98.31323628	0.426719993
98.52354902	0.40843201
102.2421127	0.463295994
105.9637181	0.576071996
109.6822819	0.655320029
113.4038873	0.612647997
116.9029946	0.588263984
117.122451	0.597408012
120.8440564	0.798575965
124.5626201	1.078991988
128.2842255	1.234440058
132.0027799	1.432559942
135.7243946	1.716024035
139.442949	2.048255936
143.1645637	2.157983977
146.5508873	2.078736052
146.8831181	2.069591988
150.6047235	1.865375965
154.3232873	1.636775965
158.041851	1.52704807
161.7634471	1.514855936
165.4850618	1.508759942
169.2036255	1.52704807
172.9221892	1.463040058
176.2902255	1.432559942
176.6437853	1.417320029
180.362349	1.304544064
184.0839637	1.216152003
187.8025274	1.139952003
191.5241235	1.08813598
195.2426873	1.01193598
198.964302	0.932687983
202.6828471	0.868679971
206.0265127	0.844295994
206.4044618	0.847343991
210.1230255	0.771143991
213.8415892	0.713231974
217.5631853	0.661416023
221.2848	0.621791988
225.0033637	0.597408012
228.7219274	0.600456009
232.4435235	0.603504006
235.765851	0.63093598
236.1620873	0.633983977
239.883702	0.697991988
243.6022471	0.722375965
247.3238618	0.789431974
251.0424255	0.835152003
254.7640402	0.865631974
258.4825853	0.911352003
262.2042	0.978408012
265.3710765	1.002791988
265.9227637	1.002791988
269.6443598	0.981456009
273.3629235	0.941831974
277.0845382	0.871727968
280.803102	0.78333598
284.524698	0.679704006
288.2432618	0.594360015
291.9618255	0.545591988
294.976302	0.515112017
295.6834402	0.490728004
299.4050363	0.350519993
303.1236	0.158495994
306.8421637	-0.039623999
310.5637598	-0.216407993
314.2823235	-0.356615987
318.0039196	-0.490728004
321.722502	-0.652272032
324.5815274	-0.792479971
325.444098	-0.844295994
329.1626804	-1.082039985
332.8842765	-1.307591988
336.6028216	-1.481328041
340.3244549	-1.588008012
344.043	-1.612391988
347.7615451	-1.642871959
351.4831784	-1.743455936
354.1867529	-1.847087983
355.2017235	-1.90195193
358.9233196	-2.151887983
362.641902	-2.426208012
366.363498	-2.731008012
370.0820804	-3.060191988
373.8036765	-3.380232047
377.5222216	-3.782567953
381.2438549	-4.181856081
383.7797745	-4.447032047
384.9624	-4.590288128
388.6839961	-4.953
392.4025784	-5.294376256
396.1241745	-5.623560233
399.8427196	-5.964935907
403.5643529	-6.300216023
407.282898	-6.659880116
411.0014804	-7.001255791
413.385	-7.239
414.7230765	-7.373112163
418.4446726	-7.760207721
422.1632549	-8.168639767
425.8818	-8.598407721
429.6033961	-9.049512163
433.3219784	-9.51890386
437.0435745	-10.00963205
440.7621196	-10.56741544
442.9902255	-10.91793591
444.4837529	-11.10386409
448.202298	-11.54887181
451.9238941	-11.96949614
455.6424765	-12.40536023
459.3640726	-13.00886409
463.0826549	-13.45387181
466.804251	-13.83792047
470.5227961	-14.2494
474.2444294	-14.46276023
480.3770039	-14.37741544
486.5126294	-13.35633591
492.6482549	-12.61872047
498.7808294	-12.32001544
504.9164549	-11.9634
511.0490294	-11.54277567
517.1846549	-10.84478456
521.7627196	-10.50645637
523.3202804	-10.38758456
529.4528549	-9.927335907
535.5884804	-9.439655791
541.7241059	-8.747760233
547.8566804	-8.53135193
553.9923059	-8.76909614
560.1248804	-9.238487837
566.2605059	-9.951720465
569.2627784	-10.09192819
572.3960941	-10.22908842
577.9099529	-10.39063205
583.4237745	-10.43330386
588.9406471	-10.53083977
594.4575196	-10.60399228
600.6602294	-10.72286409
606.862902	-10.81430386
613.0716765	-10.89050386
616.7811059	-10.89050386
619.274349	-10.88440772
625.4770588	-10.83563977
631.6827451	-10.79601544
637.8885059	-10.76858456
643.9784039	-10.75029614
650.0713529	-10.75639228
656.161251	-10.78992047
662.251149	-10.84478456
664.2993961	-10.85087953
668.344098	-10.86612047
674.4339961	-10.85392819
680.5269451	-10.7442
686.6198941	-10.72591158
692.7097922	-10.61923205
698.7996902	-10.44244749
705.1731059	-10.23823205
711.5464471	-10.04011158
711.7994549	-10.03096795
717.9197883	-9.82370386
724.2932039	-9.622535907
730.6665451	-9.436607721
737.0399607	-9.168383977
743.413302	-8.958071814
749.7866432	-8.820912163
756.1600588	-8.662416023
759.3177451	-8.644128186
762.5334	-8.625839767
768.9067412	-8.589264093
775.2801568	-8.561832047
781.653498	-8.391144209
788.0268393	-8.180832047
794.4002549	-8.208264093
800.2006078	-8.269223744
806.0040117	-8.290560233
806.8361098	-8.278367953
811.8042902	-8.193023744
817.6076941	-8.025383977
823.411098	-7.84555193
829.211451	-7.784592279
835.7249883	-7.76935193
842.241651	-7.711439767
848.7551883	-7.47369614
854.3360941	-7.135367953
855.2688	-7.08050386
861.7824117	-6.48309614
868.299	-5.971032047
874.8155883	-5.437632047
881.3292	-5.190744209
886.6083568	-5.062728186
891.8904902	-5.007864093
897.1696471	-4.983480116
901.8544588	-5.020055791
902.4518549	-5.02310386
907.7310117	-5.157216023
913.7355568	-5.288280116
919.737051	-5.55955193
925.7385451	-5.705855791
931.7430902	-5.687567953
937.7477098	-5.608319884
943.7492039	-5.526023744
949.372749	-5.373623744
949.750698	-5.358383977
955.7552432	-5.141976256
962.031102	-4.885944209
968.3069607	-4.678680116
974.5857961	-4.386072105
980.8647059	-4.093464093
987.1404902	-3.974591988
993.416349	-3.776472105
996.8728078	-3.517391988
999.6952588	-3.291840058
1005.919251	-2.798064093
1012.140192	-2.782824035
1018.364259	-2.602991988
1024.588251	-2.316479971
1030.812243	-2.218944064
1037.03631	-2.301240058
1043.260302	-2.267712017
1044.391098	-2.237232047
1048.652196	-2.20675193
1054.04409	-2.090928041
1059.436059	-2.112263948
1064.831004	-2.179320029
1070.222898	-2.069591988
1076.029353	-1.886712017
1081.832757	-1.685544064
1087.636161	-1.417320029
1091.909388	-1.091183977
1093.092051	-1.002791988
1098.547941	-0.377952003
1104.003906	0.502919993
1109.459796	1.19786402
1114.915761	2.410967953
1120.408188	3.776472105
1125.897639	4.828032047
1131.38709	5.617464093
1136.879592	6.24230386
1139.412498	6.348983977
1143.384051	6.498335907
1149.88851	6.85495193
1156.392894	7.043928186
1162.897353	7.022592279
1169.401812	7.427976256
1175.906196	7.863839767
1182.410655	8.333232047
1186.927812	8.467344209
1188.915039	8.53135193
1195.419498	8.403335907
1201.923957	8.415528186
1208.428341	8.60755193
1214.929749	8.91844807
1221.437259	9.21410386
1227.941643	9.30249614
1234.446102	9.464039767
1238.688894	9.707880116
1242.620859	9.936479535
1246.336353	10.05230386
1250.798592	10.10412047
1258.22958	9.689592279
1258.973423	9.643871814
1260.055404	9.59510386
1267.148106	9.272016023
1270.126008	9.13790386
1275.32889	8.91235193
1282.013208	8.372855791
1283.503721	8.247887837
1291.678404	8.034528186
1293.909486	8.132064093
1299.856212	8.433816023
1305.802788	8.802623744
1308.030894	8.942832047
1316.208702	9.323832047
1317.693114	9.345167953
1324.383384	9.44575193
1329.586416	9.485376256
1332.558216	9.558528186
1340.736023	9.887711581
1341.479718	9.985247488
1348.910706	11.29588842
1353.375996	12.53032819
1357.09149	13.45387181
1365.266321	14.37436795
	
