   674.578308      -25.5010929    
   718.202881      -25.5010929    
 NaN NaN
   659.859680      -24.8747292    
   725.001709      -24.8747292    
 NaN NaN
   649.088745      -24.2483654    
   729.778992      -24.2483654    
 NaN NaN
   634.729370      -23.6220016    
   734.472961      -23.6220016    
 NaN NaN
   611.931641      -22.9956360    
   738.747192      -22.9956360    
 NaN NaN
   592.601074      -22.3692722    
   744.660156      -22.3692722    
 NaN NaN
   414.292328      -21.7429085    
   472.770630      -21.7429085    
 NaN NaN
   569.648315      -21.7429085    
   750.427246      -21.7429085    
 NaN NaN
   386.003204      -21.1165447    
   489.689911      -21.1165447    
 NaN NaN
   535.750793      -21.1165447    
   754.753479      -21.1165447    
 NaN NaN
   235.560150      -20.4901810    
   284.908295      -20.4901810    
 NaN NaN
   298.090149      -20.4901810    
   758.215088      -20.4901810    
 NaN NaN
   223.103592      -19.8638172    
   761.339172      -19.8638172    
 NaN NaN
   211.787033      -19.2374535    
   764.567688      -19.2374535    
 NaN NaN
   203.102081      -18.6110878    
   767.711975      -18.6110878    
 NaN NaN
   196.564377      -17.9847240    
   770.634583      -17.9847240    
 NaN NaN
   192.336426      -17.3583603    
   773.406738      -17.3583603    
 NaN NaN
   188.617859      -16.7319965    
   776.330750      -16.7319965    
 NaN NaN
   185.359650      -16.1056328    
   779.054382      -16.1056328    
 NaN NaN
   182.313782      -15.4792690    
   781.288635      -15.4792690    
 NaN NaN
   179.468140      -14.8529053    
   783.327820      -14.8529053    
 NaN NaN
   176.706085      -14.2265406    
   785.135803      -14.2265406    
 NaN NaN
   174.029846      -13.6001768    
   786.943787      -13.6001768    
 NaN NaN
   171.495041      -12.9738131    
   788.719604      -12.9738131    
 NaN NaN
   168.960220      -12.3474483    
   790.472839      -12.3474483    
 NaN NaN
   165.794754      -11.7210846    
   792.258911      -11.7210846    
 NaN NaN
   163.274643      -11.0947208    
   794.071594      -11.0947208    
 NaN NaN
   160.759338      -10.4683571    
   795.889709      -10.4683571    
 NaN NaN
   121.417389      -9.84199333    
   129.076096      -9.84199333    
 NaN NaN
   154.440186      -9.84199333    
   797.691162      -9.84199333    
 NaN NaN
   118.963303      -9.21562862    
   799.461914      -9.21562862    
 NaN NaN
   116.509216      -8.58926487    
   801.451599      -8.58926487    
 NaN NaN
   114.055138      -7.96290112    
   803.545837      -7.96290112    
 NaN NaN
   112.254395      -7.33653688    
   805.640076      -7.33653688    
 NaN NaN
   111.203705      -6.71017265    
   807.325867      -6.71017265    
 NaN NaN
   110.153015      -6.08380890    
   808.796204      -6.08380890    
 NaN NaN
   109.102333      -5.45744514    
   810.274841      -5.45744514    
 NaN NaN
   108.051643      -4.83108091    
   811.753479      -4.83108091    
 NaN NaN
   107.000954      -4.20471668    
   813.232178      -4.20471668    
 NaN NaN
   105.950264      -3.57835293    
   814.710815      -3.57835293    
 NaN NaN
   104.895889      -2.95198894    
   816.423157      -2.95198894    
 NaN NaN
   103.817657      -2.32562494    
   818.796692      -2.32562494    
 NaN NaN
   100.698425      -1.69926095    
   821.371033      -1.69926095    
 NaN NaN
   96.0564346      -1.07289696    
   823.945312      -1.07289696    
 NaN NaN
   94.4682159     -0.446532965    
   825.890625     -0.446532965    
 NaN NaN
   92.7142029      0.179831028    
   827.696655      0.179831028    
 NaN NaN
   90.8598022      0.806195021    
   829.502747      0.806195021    
 NaN NaN
   89.0054016       1.43255901    
   831.308777       1.43255901    
 NaN NaN
   85.5953522       2.05892301    
   833.253174       2.05892301    
 NaN NaN
   78.0928497       2.68528700    
   838.851196       2.68528700    
 NaN NaN
   49.0518112       3.31165099    
   847.709778       3.31165099    
 NaN NaN
   7.65198517       3.93801498    
   20.0402946       3.93801498    
 NaN NaN
   31.6775608       3.93801498    
   852.505920       3.93801498    
 NaN NaN
   1.69562149       4.56437874    
   857.571838       4.56437874    
 NaN NaN
   869.548584       4.56437874    
   872.133423       4.56437874    
 NaN NaN
   0.00000000       5.19074297    
   864.315186       5.19074297    
 NaN NaN
   864.315247       5.19074297    
   872.133423       5.19074297    
 NaN NaN
   0.00000000       5.81710720    
   872.133423       5.81710720    
 NaN NaN
   0.00000000       6.44347095    
   872.133423       6.44347095    
 NaN NaN
   0.00000000       7.06983471    
   872.133423       7.06983471    
 NaN NaN
   0.00000000       7.69619894    
   872.133423       7.69619894    
 NaN NaN
   0.00000000       8.32256317    
   872.133423       8.32256317    
 NaN NaN
   0.00000000       8.94892693    
   872.133423       8.94892693    
 NaN NaN
   0.00000000       9.57529068    
   872.133423       9.57529068    
 NaN NaN
   0.00000000       10.2016544    
   872.133423       10.2016544    
 NaN NaN
   0.00000000       10.8280191    
   872.133423       10.8280191    
 NaN NaN
   0.00000000       11.4543829    
   872.133423       11.4543829    
 NaN NaN
   0.00000000       12.0807467    
   872.133423       12.0807467    
 NaN NaN
   0.00000000       12.7071114    
   872.133423       12.7071114    
 NaN NaN
   0.00000000       13.3334751    
   872.133423       13.3334751    
 NaN NaN
   0.00000000       13.9598389    
   872.133423       13.9598389    
 NaN NaN
   0.00000000       14.5862026    
   872.133423       14.5862026    
 NaN NaN
   0.00000000       15.2125664    
   872.133423       15.2125664    
 NaN NaN
   0.00000000       15.8389311    
   872.133423       15.8389311    
 NaN NaN
   0.00000000       16.4652939    
   872.133423       16.4652939    
 NaN NaN
   0.00000000       17.0916595    
   872.133423       17.0916595    
 NaN NaN
   0.00000000       17.7180233    
   872.133423       17.7180233    
 NaN NaN
   0.00000000       18.3443871    
   872.133423       18.3443871    
 NaN NaN
   0.00000000       18.9707508    
   872.133423       18.9707508    
 NaN NaN
   0.00000000       19.5971146    
   872.133423       19.5971146    
 NaN NaN
   0.00000000       20.2234783    
   872.133423       20.2234783    
 NaN NaN
   0.00000000       20.8498421    
   872.133423       20.8498421    
 NaN NaN
   0.00000000       21.4762077    
   872.133423       21.4762077    
 NaN NaN
   0.00000000       22.1025715    
   872.133423       22.1025715    
 NaN NaN
   0.00000000       22.7289352    
   872.133423       22.7289352    
 NaN NaN
   0.00000000       23.3552990    
   872.133423       23.3552990    
 NaN NaN
   0.00000000       23.9816628    
   872.133423       23.9816628    
 NaN NaN
   0.00000000       24.6080265    
   872.133423       24.6080265    
 NaN NaN
   0.00000000       25.2343903    
   872.133423       25.2343903    
 NaN NaN
   0.00000000       25.8607540    
   872.133423       25.8607540    
 NaN NaN
   0.00000000       26.4871178    
   872.133423       26.4871178    
 NaN NaN
   0.00000000       27.1134834    
   872.133423       27.1134834    
 NaN NaN
   0.00000000       27.7398472    
   872.133423       27.7398472    
 NaN NaN
   0.00000000       28.3662109    
   872.133423       28.3662109    
 NaN NaN
   0.00000000       28.9925747    
   872.133423       28.9925747    
 NaN NaN
   0.00000000       29.6189384    
   872.133423       29.6189384    
 NaN NaN
   0.00000000       30.2453022    
   872.133423       30.2453022    
 NaN NaN
   0.00000000       30.8716660    
   872.133423       30.8716660    
 NaN NaN
   0.00000000       31.4980316    
   872.133423       31.4980316    
 NaN NaN
   0.00000000       32.1243935    
   872.133423       32.1243935    
 NaN NaN
   0.00000000       32.7507591    
   872.133423       32.7507591    
 NaN NaN
   0.00000000       33.3771210    
   872.133423       33.3771210    
 NaN NaN
   0.00000000       34.0034866    
   872.133423       34.0034866    
 NaN NaN
   0.00000000       34.6298523    
   872.133423       34.6298523    
 NaN NaN
   0.00000000       35.2562141    
   872.133423       35.2562141    
 NaN NaN
   0.00000000       35.8825798    
   872.133423       35.8825798    
 NaN NaN
   0.00000000       36.5089417    
   872.133423       36.5089417    
 NaN NaN
