 Elev(m)    dbdxp(-)    dbdxc(-)      I2p     I2c
  -21.5599995       0.00000000       0.00000000       0.00000000       0.00000000    
  -20.9400005      -2.13771909E-02  -3.44205904E-03  -2.05434090E-03  -3.30780720E-04
  -20.3199997      -2.25509889E-03  -3.30534764E-02  -8.43409076E-03  -4.49955324E-03
  -19.7000008      -1.73061639E-02  -2.36424617E-02  -1.89647134E-02  -1.76239926E-02
  -19.0799999      -8.40933844E-02  -2.44767014E-02  -4.11196686E-02  -4.08211872E-02
  -18.4599991      -6.14848323E-02 -0.109197199      -8.70091692E-02  -8.14886615E-02
  -17.8400002       3.59936431E-03 -0.176017493     -0.152451351     -0.162411109    
  -17.2199993      -1.21760089E-02 -0.141433910     -0.224280760     -0.301249892    
  -16.6000004      -1.50949107E-02 -0.115447789     -0.299554884     -0.495281577    
  -15.9799995      -2.87012570E-02 -0.124610379     -0.381658763     -0.737069666    
  -15.3599997      -7.68563598E-02 -0.145759627     -0.478115380      -1.02790952    
  -14.7500000      -7.50994310E-02 -0.214421779     -0.597599566      -1.37423503    
  -14.1300001      -1.34617183E-03 -0.328531563     -0.740752518      -1.81246173    
  -13.5100002       7.81281888E-02 -0.418246508     -0.883873165      -2.37463140    
  -12.8900003      0.246784151     -0.557972550     -0.988391101      -3.10238075    
  -12.2700005      0.451492757     -0.709606051     -0.994580805      -4.04575872    
  -11.6499996      0.435870409     -0.530463338     -0.848390698      -5.23012257    
  -11.0299997      0.404797554     -0.346441180     -0.536137164      -6.61792564    
  -10.4099998      0.374386281     -0.149706408      -6.82162270E-02  -8.13767910    
  -9.78999996      0.200232819      -1.29803577E-02  0.529805005      -9.72074604    
  -9.17000008      0.158499330       2.25485750E-02   1.21752107      -11.3185282    
  -8.55000019      0.138424948       2.56676320E-02   1.96824574      -12.9107571    
  -7.92999983      0.123538651       2.78899837E-02   2.77267981      -14.4932070    
  -7.30999994      0.114173636       2.98758466E-02   3.62513232      -16.0649567    
  -6.69000006      0.105189212       3.13047357E-02   4.52150965      -17.6252766    
  -6.07000017       9.22924131E-02   3.26077119E-02   5.45794535      -19.1735744    
  -5.44999981       5.35945781E-02   3.37594971E-02   6.42737961      -20.7093544    
  -4.82999992       3.33584053E-03   3.49788070E-02   7.41630411      -22.2321491    
  -4.21000004      -9.54255275E-03   3.61444578E-02   8.41010284      -23.7415028    
  -3.58999991      -1.77027974E-02   3.71302143E-02   9.40068722      -25.2369804    
  -2.97000003      -2.53766887E-02   3.82102393E-02   10.3845129      -26.7181759    
  -2.34999990      -3.67287248E-02   3.92643288E-02   11.3582315      -28.1846867    
  -1.73000002      -5.55031896E-02   4.00998741E-02   12.3171177      -29.6361237    
  -1.11000001      -6.95276782E-02   4.08693627E-02   13.2551241      -31.0721550    
 -0.490000010      -7.52390847E-02   4.18552794E-02   14.1672039      -32.4924545    
  0.129999995      -7.98551217E-02   4.32601944E-02   15.0504675      -33.8966217    
  0.750000000      -8.55063573E-02   4.54049110E-02   15.9029341      -35.2840919    
   1.37000000      -9.35800746E-02   4.98383641E-02   16.7222996      -36.6538887    
   1.99000001      -9.35479179E-02   5.03922403E-02   17.5064735      -38.0048981    
   2.60999990      -8.87448937E-02   4.71334085E-02   18.2551441      -39.3369064    
   3.23000002      -8.12513530E-02   4.08877917E-02   18.9699612      -40.6510811    
   3.84999990     -0.148612991       3.18488255E-02   19.6463509      -41.9498062    
   4.46999979     -0.137869969      -5.38112298E-02   20.2731209      -43.2436562    
   5.09000015     -0.138504013     -0.116614133       20.8457985      -44.5559921    
   5.71000004     -0.113205239     -0.109947562       21.3677292      -45.9064789    
   6.32999992      -3.77798378E-02 -0.113157466       21.8509598      -47.3001747    
   6.94999981      -2.39055306E-02  -4.67643216E-02   22.3137531      -48.7306824    
   7.57000017      -3.39153744E-02  -2.33223047E-02   22.7650623      -50.1832962    
   8.18999958      -4.55182120E-02  -2.00732592E-02   23.2031822      -51.6468124    
   8.81000042      -6.02387404E-03  -3.30001228E-02   23.6287136      -53.1196022    
   9.43000031       3.01707573E-02  -3.97562310E-02   24.0516129      -54.6044807    
   10.0500002       3.01707573E-02   8.13541468E-03   24.4826317      -56.0993919    
   10.6700001       3.01707573E-02   1.12658879E-02   24.9252491      -57.5954742    
   11.2900000       3.01707573E-02   1.12658879E-02   25.3794632      -59.0875320    
   11.9099998       3.01707573E-02   1.12658879E-02   25.8452740      -60.5752563    
   12.5299997       3.01707573E-02   1.12658879E-02   26.3226833      -62.0586510    
   13.1499996       3.01707573E-02   1.12658879E-02   26.8116894      -63.5377121    
   13.7700005       3.01707573E-02   1.12658879E-02   27.3122940      -65.0124435    
   14.3900003       3.01707573E-02   1.12658879E-02   27.8244972      -66.4828491    
   15.0100002       3.01707573E-02   1.12658879E-02   28.3482971      -67.9489212    
   15.6300001       3.01707573E-02   1.12658879E-02   28.8836937      -69.4106598    
   16.2500000       3.01707573E-02   1.12658879E-02   29.4306889      -70.8680725    
   16.8700008       3.01707573E-02   1.12658879E-02   29.9892826      -72.3211517    
   17.4899998       3.01707573E-02   1.12658879E-02   30.5594711      -73.7698975    
   18.1100006       3.01707573E-02   1.12658879E-02   31.1412601      -75.2143173    
   18.7299995       3.01707573E-02   1.12658879E-02   31.7346439      -76.6544037    
   19.3500004       3.01707573E-02   1.12658879E-02   32.3396263      -78.0901642    
   19.9699993       3.01707573E-02   1.12658879E-02   32.9562073      -79.5215912    
   20.5900002       3.01707573E-02   1.12658879E-02   33.5843849      -80.9486847    
   21.2099991       3.01707573E-02   1.12658879E-02   34.2241631      -82.3714523    
   21.8299999       3.01707573E-02   1.12658879E-02   34.8755341      -83.7898865    
   22.4500008       3.01707573E-02   1.12658879E-02   35.5385094      -85.2039948    
   23.0699997       3.01707573E-02   1.12658879E-02   36.2130737      -86.6137619    
   23.6900005       3.01707573E-02   1.12658879E-02   36.8992424      -88.0192108    
   24.3099995       3.01707573E-02   1.12658879E-02   37.5970039      -89.4203186    
   24.9300003       3.01707573E-02   1.12658879E-02   38.3063698      -90.8171082    
   25.5499992       3.01707573E-02   1.12658879E-02   39.0273247      -92.2095566    
   26.1700001       3.01707573E-02   1.12658879E-02   39.7598839      -93.5976791    
   26.7900009       3.01707573E-02   1.12658879E-02   40.5040398      -94.9814682    
   27.4099998       3.01707573E-02   1.12658879E-02   41.2597885      -96.3609238    
   28.0300007       3.01707573E-02   1.12658879E-02   42.0271416      -97.7360535    
   28.6499996       3.01707573E-02   1.12658879E-02   42.8060875      -99.1068497    
   29.2700005       3.01707573E-02   1.12658879E-02   43.5966339      -100.473320    
   29.8899994       3.01707573E-02   1.12658879E-02   44.3987732      -101.835457    
   30.5100002       3.01707573E-02   1.12658879E-02   45.2125168      -103.193268    
   31.1299992       3.01707573E-02   1.12658879E-02   46.0378532      -104.546738    
   31.7500000       3.01707573E-02   1.12658879E-02   46.8747864      -105.895889    
   32.3699989       3.01707573E-02   1.12658879E-02   47.7233200      -107.240700    
   32.9900017       3.01707573E-02   1.12658879E-02   48.5834541      -108.581192    
   33.6100006       3.01707573E-02   1.12658879E-02   49.4551811      -109.917343    
   34.2299995       3.01707573E-02   1.12658879E-02   50.3385048      -111.249161    
   34.8499985       3.01707573E-02   1.12658879E-02   51.2334290      -112.576653    
   35.4700012       3.01707573E-02   1.12658879E-02   52.1399536      -113.899818    
   36.0900002       3.01707573E-02   1.12658879E-02   53.0580711      -115.218651    
   36.7099991       3.01707573E-02   1.12658879E-02   53.9877853      -116.533150    
   37.3300018       3.01707573E-02   1.12658879E-02   54.9291039      -117.843323    
   37.9500008       3.01707573E-02   1.12658879E-02   55.8820114      -119.149162    
   38.5699997       3.01707573E-02   1.12658879E-02   56.8465195      -120.450668    
   39.1899986       3.01707573E-02   1.12658879E-02   57.8226242      -121.747841    
   39.8100014       3.01707573E-02   1.12658879E-02   58.8103333      -123.040695    
   40.4300003       3.01707573E-02   1.12658879E-02   59.8096352      -124.329208    
