 Elev(m)    dbdxp(-)    dbdxc(-)      I2p     I2c
  -41.5000000       0.00000000       0.00000000       0.00000000       0.00000000    
  -40.5099983      -6.48346730E-03   9.54941905E-04  -1.58861699E-03   2.33985440E-04
  -39.5200005      -1.19614638E-02  -2.11513415E-03  -9.28532332E-03   4.17677424E-04
  -38.5400009      -1.31630087E-02  -8.67498014E-03  -2.75342483E-02  -2.32574646E-03
  -37.5499992      -1.29330130E-02  -1.15380595E-02  -5.84569424E-02  -1.26667600E-02
  -36.5600014      -1.28024034E-02  -9.12368670E-03 -0.102079533      -3.30230929E-02
  -35.5800018      -8.64935759E-03  -8.51083640E-03 -0.156759903      -6.25062510E-02
  -34.5900002      -7.33796833E-03  -1.54845901E-02 -0.221118256     -0.102446631    
  -33.5999985      -9.96931456E-03  -1.33945057E-02 -0.293634653     -0.155342638    
  -32.6100006      -5.69518982E-03  -8.86314269E-03 -0.374229699     -0.220768228    
  -31.6299992      -2.75606895E-03  -2.85886275E-03 -0.459881127     -0.293803990    
  -30.6399994      -2.77819997E-03  -2.49819038E-03 -0.549812078     -0.371740371    
  -29.6499996      -2.27310322E-03   3.71501694E-04 -0.642336786     -0.451510459    
  -28.6599998       1.06619508E-03   7.34157814E-03 -0.736394882     -0.529911697    
  -27.6800003       6.78985845E-03   1.50957480E-02 -0.827870727     -0.600152493    
  -26.6900005       1.51952021E-02   2.56268028E-02 -0.912987769     -0.655690372    
  -25.7000008       3.43418457E-02   3.04609127E-02 -0.980580091     -0.687507272    
  -24.7199993       3.33764516E-02   2.65736394E-02  -1.01888180     -0.691423833    
  -23.7299995       3.73966470E-02   1.05974469E-02  -1.02380967     -0.672440112    
  -22.7399998       1.15386164E-02   2.48161256E-02 -0.999405980     -0.635671377    
  -21.7500000       1.93773285E-02   4.89007160E-02 -0.955436707     -0.572162867    
  -20.7700005       4.77737300E-02   5.02260029E-02 -0.887959242     -0.467127264    
  -19.7800007       5.45760021E-02   4.21181470E-02 -0.778429031     -0.314352453    
  -18.7900009       5.00884950E-02   2.04170756E-02 -0.618175089     -0.123628318    
  -17.7999992       2.74386331E-02   3.05462647E-02 -0.413279265       9.49062482E-02
  -16.8199997       2.43817400E-02   2.69466266E-02 -0.178951949      0.337681353    
  -15.8299999       2.62647513E-02   3.56999226E-02   8.27439204E-02  0.612227261    
  -14.8400002       4.21257019E-02   4.85759042E-02  0.373606861      0.922772884    
  -13.8599997       4.54682745E-02   2.12884098E-02  0.699582934       1.26774156    
  -12.8699999       1.95036363E-02   1.88988168E-02   1.06604850       1.64302087    
  -11.8800001       1.97266992E-02   7.25282505E-02   1.45804632       2.05054903    
  -10.8900003       8.03488120E-02   8.87822956E-02   1.88417757       2.52000427    
  -9.90999985      0.125890762       6.37595728E-02   2.38081217       3.06122065    
  -8.92000008      0.138787255      -3.16525400E-02   2.99738526       3.65282130    
  -7.92999983      -1.09134866E-02  -2.82195546E-02   3.71014357       4.23761892    
  -6.94000006      -3.88116054E-02  -1.75047070E-02   4.44204998       4.79654264    
  -5.96000004      -1.86565910E-02  -1.13998260E-02   5.14042187       5.33164835    
  -4.96999979      -1.54011948E-02   6.03443990E-03   5.82363749       5.86388922    
  -3.98000002      -6.32996811E-03  -6.37773843E-03   6.49318266       6.39473104    
  -3.00000000      -1.45324236E-02  -1.47040728E-02   7.14558268       6.91496229    
  -2.00999999      -1.77462567E-02  -2.67551392E-02   7.79167080       7.42523098    
  -1.01999998      -1.39043927E-02  -4.14365418E-02   8.42209530       7.90863180    
  -2.99999993E-02  -4.29176912E-03  -7.53866434E-02   9.04030514       8.34669971    
  0.949999988      -5.38149849E-02  -8.88165683E-02   9.63361931       8.71177292    
   1.94000006     -0.104386173      -9.81744230E-02   10.1801329       8.99493027    
   2.93000007     -0.343980879      -1.20410817E-02   10.5780210       9.20526505    
   3.91000009      -1.01826284E-02 -0.122877330       10.7763596       9.35368347    
   4.90000010      -5.45374751E-02   1.99242588E-02   10.8749704       9.44566917    
   5.88999987       2.29837163E-03  -9.69844777E-03   10.9449234       9.51493454    
   6.88000011       2.46400218E-02  -4.75678705E-02   11.0086775       9.57267380    
   7.86000013      -2.12726220E-02  -4.63495925E-02   11.0791464       9.59292698    
   8.85000038      -4.63501327E-02  -4.63495925E-02   11.1345816       9.56789684    
   9.84000015      -4.63501327E-02  -4.63495925E-02   11.1507330       9.49743938    
   10.8299999      -4.63501327E-02  -4.63495925E-02   11.1214571       9.38155365    
   11.8100004      -4.63501327E-02  -4.63495925E-02   11.0472784       9.22164154    
   12.8000002      -4.63501327E-02  -4.63495925E-02   10.9271469       9.01490211    
   13.7900000      -4.63501327E-02  -4.63495925E-02   10.7615871       8.76273441    
   14.7700005      -4.63501327E-02  -4.63495925E-02   10.5525017       8.46791649    
   15.7600002      -4.63501327E-02  -4.63495925E-02   10.2960873       8.12489510    
   16.7500000      -4.63501327E-02  -4.63495925E-02   9.99424362       7.73644590    
   17.7399998      -4.63501327E-02  -4.63495925E-02   9.64697361       7.30256987    
   18.7199993      -4.63501327E-02  -4.63495925E-02   9.25801182       6.82787848    
   19.7099991      -4.63501327E-02  -4.63495925E-02   8.81988525       6.30314732    
   20.7000008      -4.63501327E-02  -4.63495925E-02   8.33633041       5.73298836    
   21.6900005      -4.63501327E-02  -4.63495925E-02   7.80734825       5.11740303    
   22.6700001      -4.63501327E-02  -4.63495925E-02   7.23851109       4.46283770    
   23.6599998      -4.63501327E-02  -4.63495925E-02   6.61867380       3.75639772    
   24.6499996      -4.63501327E-02  -4.63495925E-02   5.95340824       3.00453043    
   25.6299992      -4.63501327E-02  -4.63495925E-02   5.24966431       2.21506000    
   26.6200008      -4.63501327E-02  -4.63495925E-02   4.49354124       1.37233639    
   27.6100006      -4.63501327E-02  -4.63495925E-02   3.69199228      0.484187096    
   28.6000004      -4.63501327E-02  -4.63495925E-02   2.84501553     -0.449389458    
   29.5799999      -4.63501327E-02  -4.63495925E-02   1.96139574      -1.41873360    
   30.5699997      -4.63501327E-02  -4.63495925E-02   1.02356327      -2.44316483    
   31.5599995      -4.63501327E-02  -4.63495925E-02   4.03028391E-02  -3.51302338    
   32.5499992      -4.63501327E-02  -4.63495925E-02 -0.988385379      -4.62830925    
   33.5299988      -4.63501327E-02  -4.63495925E-02  -2.05188084      -5.77752686    
   34.5200005      -4.63501327E-02  -4.63495925E-02  -3.17142701      -6.98366976    
   35.5099983      -4.63501327E-02  -4.63495925E-02  -4.33639622      -8.23523521    
   36.4900017      -4.63501327E-02  -4.63495925E-02  -5.53480339      -9.51936340    
   37.4799995      -4.63501327E-02  -4.63495925E-02  -6.79062843      -10.8617830    
   38.4700012      -4.63501327E-02  -4.63495925E-02  -8.09188652      -12.2496347    
   39.4599991      -4.63501327E-02  -4.63495925E-02  -9.43856621      -13.6829090    
   40.4399986      -4.63501327E-02  -4.63495925E-02  -10.8168449      -15.1469059    
   41.4300003      -4.63501327E-02  -4.63495925E-02  -12.2543859      -16.6710396    
   42.4199982      -4.63501327E-02  -4.63495925E-02  -13.7373495      -18.2405968    
   43.4000015      -4.63501327E-02  -4.63495925E-02  -15.2505407      -19.8395042    
   44.3899994      -4.63501327E-02  -4.63495925E-02  -16.8243599      -21.4999142    
   45.3800011      -4.63501327E-02  -4.63495925E-02  -18.4436131      -23.2057590    
   46.3699989      -4.63501327E-02  -4.63495925E-02  -20.1082878      -24.9570236    
   47.3499985      -4.63501327E-02  -4.63495925E-02  -21.8013496      -26.7357998    
   48.3400002      -4.63501327E-02  -4.63495925E-02  -23.5568848      -28.5779247    
   49.3300018      -4.63501327E-02  -4.63495925E-02  -25.3578510      -30.4654789    
   50.3199997      -4.63501327E-02  -4.63495925E-02  -27.2042351      -32.3984528    
   51.2999992      -4.63501327E-02  -4.63495925E-02  -29.0771732      -34.3571014    
   52.2900009      -4.63501327E-02  -4.63495925E-02  -31.0144215      -36.3809395    
   53.2799988      -4.63501327E-02  -4.63495925E-02  -32.9970894      -38.4501915    
   54.2599983      -4.63501327E-02  -4.63495925E-02  -35.0049324      -40.5437469    
   55.2500000      -4.63501327E-02  -4.63495925E-02  -37.0784645      -42.7038651    
   56.2400017      -4.63501327E-02  -4.63495925E-02  -39.1974258      -44.9094124    
   57.2299995      -4.63501327E-02  -4.63495925E-02  -41.3618050      -47.1603737    
