   185.450500      -31.6532955    
   209.662003      -31.6532955    
 NaN NaN
   181.655197      -30.7570019    
   220.087280      -30.7570019    
 NaN NaN
   178.359177      -29.8607063    
   228.543381      -29.8607063    
 NaN NaN
   175.908005      -28.9644108    
   236.098892      -28.9644108    
 NaN NaN
   173.456848      -28.0681171    
   243.521774      -28.0681171    
 NaN NaN
   171.005676      -27.1718216    
   251.272156      -27.1718216    
 NaN NaN
   168.767105      -26.2755260    
   259.531677      -26.2755260    
 NaN NaN
   166.581802      -25.3792324    
   271.272766      -25.3792324    
 NaN NaN
   164.396484      -24.4829369    
   281.761230      -24.4829369    
 NaN NaN
   162.217270      -23.5866413    
   292.071259      -23.5866413    
 NaN NaN
   160.078339      -22.6903477    
   304.327545      -22.6903477    
 NaN NaN
   157.939423      -21.7940521    
   318.348816      -21.7940521    
 NaN NaN
   155.785522      -20.8977566    
   330.260681      -20.8977566    
 NaN NaN
   153.627228      -20.0014629    
   340.246033      -20.0014629    
 NaN NaN
   151.463211      -19.1051674    
   349.896576      -19.1051674    
 NaN NaN
   149.299210      -18.2088737    
   360.711060      -18.2088737    
 NaN NaN
   147.135208      -17.3125782    
   370.422943      -17.3125782    
 NaN NaN
   144.741592      -16.4162827    
   379.260284      -16.4162827    
 NaN NaN
   142.262039      -15.5199881    
   387.203918      -15.5199881    
 NaN NaN
   139.782501      -14.6236935    
   394.531372      -14.6236935    
 NaN NaN
   136.846497      -13.7273979    
   401.680939      -13.7273979    
 NaN NaN
   133.192215      -12.8311033    
   409.835297      -12.8311033    
 NaN NaN
   129.565887      -11.9348087    
   420.357788      -11.9348087    
 NaN NaN
   125.613838      -11.0385132    
   438.979797      -11.0385132    
 NaN NaN
   121.746750      -10.1422186    
   464.577820      -10.1422186    
 NaN NaN
   118.682182      -9.24592400    
   540.671082      -9.24592400    
 NaN NaN
   115.679588      -8.34962940    
   584.355164      -8.34962940    
 NaN NaN
   112.690796      -7.45333385    
   620.146240      -7.45333385    
 NaN NaN
   109.718788      -6.55703926    
   642.654175      -6.55703926    
 NaN NaN
   106.438271      -5.66074419    
   668.327454      -5.66074419    
 NaN NaN
   101.968361      -4.76444960    
   688.946838      -4.76444960    
 NaN NaN
   97.2745590      -3.86815453    
   708.312927      -3.86815453    
 NaN NaN
   94.8535995      -2.97185969    
   720.057495      -2.97185969    
 NaN NaN
   93.2532959      -2.07556486    
   727.399841      -2.07556486    
 NaN NaN
   91.6529922      -1.17926979    
   732.839294      -1.17926979    
 NaN NaN
   90.0526886     -0.282974958    
   736.980896     -0.282974958    
 NaN NaN
   88.5776443      0.613319933    
   740.839783      0.613319933    
 NaN NaN
   87.1257324       1.50961483    
   744.676392       1.50961483    
 NaN NaN
   85.6738205       2.40590978    
   748.468933       2.40590978    
 NaN NaN
   84.2219086       3.30220461    
   750.707642       3.30220461    
 NaN NaN
   82.0009232       4.19849968    
   753.072083       4.19849968    
 NaN NaN
   79.4165268       5.09479427    
   755.436584       5.09479427    
 NaN NaN
   76.8329697       5.99108934    
   758.097412       5.99108934    
 NaN NaN
   74.2494202       6.88738441    
   763.965332       6.88738441    
 NaN NaN
   865.338318       6.88738441    
   941.174011       6.88738441    
 NaN NaN
   1139.10742       6.88738441    
   1147.06787       6.88738441    
 NaN NaN
   71.4909439       7.78367901    
   771.974976       7.78367901    
 NaN NaN
   804.158447       7.78367901    
   950.874817       7.78367901    
 NaN NaN
   975.814209       7.78367901    
   1166.43713       7.78367901    
 NaN NaN
   1187.32300       7.78367901    
   1210.05420       7.78367901    
 NaN NaN
   1219.45740       7.78367901    
   1241.23376       7.78367901    
 NaN NaN
   1304.32703       7.78367901    
   1318.99817       7.78367901    
 NaN NaN
   23.2866249       8.67997360    
   1330.65540       8.67997360    
 NaN NaN
   12.0208931       9.57626915    
   1334.92419       9.57626915    
 NaN NaN
   7.09633970       10.4725637    
   1338.70984       10.4725637    
 NaN NaN
   2.84358978       11.3688583    
   1343.22766       11.3688583    
 NaN NaN
   0.00000000       12.2651539    
   1348.21875       12.2651539    
 NaN NaN
   0.00000000       13.1614485    
   1348.21875       13.1614485    
 NaN NaN
   0.00000000       14.0577431    
   1348.21875       14.0577431    
 NaN NaN
   0.00000000       14.9540386    
   1348.21875       14.9540386    
 NaN NaN
   0.00000000       15.8503332    
   1348.21875       15.8503332    
 NaN NaN
   0.00000000       16.7466278    
   1348.21875       16.7466278    
 NaN NaN
   0.00000000       17.6429234    
   1348.21875       17.6429234    
 NaN NaN
   0.00000000       18.5392170    
   1348.21875       18.5392170    
 NaN NaN
   0.00000000       19.4355125    
   1348.21875       19.4355125    
 NaN NaN
   0.00000000       20.3318081    
   1348.21875       20.3318081    
 NaN NaN
   0.00000000       21.2281017    
   1348.21875       21.2281017    
 NaN NaN
   0.00000000       22.1243973    
   1348.21875       22.1243973    
 NaN NaN
   0.00000000       23.0206928    
   1348.21875       23.0206928    
 NaN NaN
   0.00000000       23.9169865    
   1348.21875       23.9169865    
 NaN NaN
   0.00000000       24.8132820    
   1348.21875       24.8132820    
 NaN NaN
   0.00000000       25.7095776    
   1348.21875       25.7095776    
 NaN NaN
   0.00000000       26.6058712    
   1348.21875       26.6058712    
 NaN NaN
   0.00000000       27.5021667    
   1348.21875       27.5021667    
 NaN NaN
   0.00000000       28.3984623    
   1348.21875       28.3984623    
 NaN NaN
   0.00000000       29.2947559    
   1348.21875       29.2947559    
 NaN NaN
   0.00000000       30.1910515    
   1348.21875       30.1910515    
 NaN NaN
   0.00000000       31.0873470    
   1348.21875       31.0873470    
 NaN NaN
   0.00000000       31.9836407    
   1348.21875       31.9836407    
 NaN NaN
   0.00000000       32.8799362    
   1348.21875       32.8799362    
 NaN NaN
   0.00000000       33.7762299    
   1348.21875       33.7762299    
 NaN NaN
   0.00000000       34.6725273    
   1348.21875       34.6725273    
 NaN NaN
   0.00000000       35.5688210    
   1348.21875       35.5688210    
 NaN NaN
   0.00000000       36.4651146    
   1348.21875       36.4651146    
 NaN NaN
   0.00000000       37.3614120    
   1348.21875       37.3614120    
 NaN NaN
   0.00000000       38.2577057    
   1348.21875       38.2577057    
 NaN NaN
   0.00000000       39.1539993    
   1348.21875       39.1539993    
 NaN NaN
   0.00000000       40.0502968    
   1348.21875       40.0502968    
 NaN NaN
   0.00000000       40.9465904    
   1348.21875       40.9465904    
 NaN NaN
   0.00000000       41.8428841    
   1348.21875       41.8428841    
 NaN NaN
   0.00000000       42.7391815    
   1348.21875       42.7391815    
 NaN NaN
   0.00000000       43.6354752    
   1348.21875       43.6354752    
 NaN NaN
   0.00000000       44.5317688    
   1348.21875       44.5317688    
 NaN NaN
   0.00000000       45.4280663    
   1348.21875       45.4280663    
 NaN NaN
   0.00000000       46.3243599    
   1348.21875       46.3243599    
 NaN NaN
   0.00000000       47.2206535    
   1348.21875       47.2206535    
 NaN NaN
   0.00000000       48.1169510    
   1348.21875       48.1169510    
 NaN NaN
   0.00000000       49.0132446    
   1348.21875       49.0132446    
 NaN NaN
   0.00000000       49.9095383    
   1348.21875       49.9095383    
 NaN NaN
   0.00000000       50.8058357    
   1348.21875       50.8058357    
 NaN NaN
   0.00000000       51.7021294    
   1348.21875       51.7021294    
 NaN NaN
   0.00000000       52.5984230    
   1348.21875       52.5984230    
 NaN NaN
   0.00000000       53.4947205    
   1348.21875       53.4947205    
 NaN NaN
   0.00000000       54.3910141    
   1348.21875       54.3910141    
 NaN NaN
   0.00000000       55.2873077    
   1348.21875       55.2873077    
 NaN NaN
   0.00000000       56.1836014    
   1348.21875       56.1836014    
 NaN NaN
   0.00000000       57.0798988    
   1348.21875       57.0798988    
 NaN NaN
