 Elev(m)    dbdxp(-)    dbdxc(-)      I2p     I2c
  -37.2200012       0.00000000       0.00000000       0.00000000       0.00000000    
  -36.3699989       3.05323163E-04  -8.11653119E-03   5.51492922E-05  -1.46605633E-03
  -35.5099983      -7.54839787E-03  -4.69011301E-03  -1.14154210E-03  -6.74587116E-03
  -34.6500015      -1.02463672E-02  -6.07534265E-03  -6.89148437E-03  -1.63378045E-02
  -33.7999992      -1.49390781E-02  -4.55171475E-03  -2.03753002E-02  -2.97049060E-02
  -32.9399986      -1.61804967E-02  -7.57767260E-03  -4.42413799E-02  -4.73622270E-02
  -32.0800018      -1.93844382E-02  -6.28440268E-03  -8.02845210E-02  -6.97657317E-02
  -31.2299995      -3.93780507E-03  -7.01071369E-03 -0.126619995      -9.68432650E-02
  -30.3700008      -7.15322327E-03  -1.16484659E-02 -0.179765865     -0.130039260    
  -29.5100002      -2.91171148E-02  -2.07813643E-03 -0.241513669     -0.169164330    
  -28.6599998      -2.82957200E-02  -2.34443918E-02 -0.319541216     -0.214952677    
  -27.7999992      -4.61739935E-02  -2.05242131E-02 -0.422430158     -0.273885846    
  -26.9400005      -5.25342822E-02  -2.69646384E-02 -0.556915700     -0.349525273    
  -26.0900002      -5.99332638E-02  -3.04716583E-02 -0.728188753     -0.443337232    
  -25.2299995      -6.68192729E-02  -3.49753648E-02 -0.944925129     -0.560570776    
  -24.3700008      -7.55072460E-02  -3.53960544E-02  -1.21080220     -0.702614546    
  -23.5200005      -8.04639310E-02  -3.60909216E-02  -1.52776730     -0.868777871    
  -22.6599998      -8.47374648E-02  -4.16093431E-02  -1.90680492      -1.06399512    
  -21.7999992      -9.66474190E-02  -4.66222167E-02  -2.34914708      -1.28951406    
  -20.9500008     -0.112304419      -4.80961464E-02  -2.85723019      -1.54564095    
  -20.0900002     -0.119867295      -4.35427800E-02  -3.45141435      -1.83864379    
  -19.2299995     -0.117138460      -4.70693521E-02  -4.13133049      -2.16495538    
  -18.3799992     -0.110109232      -5.01875058E-02  -4.88769436      -2.52159667    
  -17.5200005      -9.61052701E-02  -5.47116697E-02  -5.73173237      -2.91915441    
  -16.6599998      -9.82948467E-02  -4.80906293E-02  -6.64900970      -3.35467482    
  -15.8100004     -0.101011798      -4.58288826E-02  -7.62714195      -3.82087946    
  -14.9499998     -0.118599571      -4.11454625E-02  -8.69287300      -4.32544327    
  -14.0900002     -0.139644355      -3.94701287E-02  -9.84584999      -4.86064720    
  -13.2399998     -0.163248092      -3.90851162E-02  -11.0873184      -5.41854763    
  -12.3800001     -0.180155620      -4.58241254E-02  -12.4607735      -6.01270390    
  -11.5200005     -0.188913643      -4.79569621E-02  -13.9643784      -6.63949728    
  -10.6700001     -0.216802314      -5.38231023E-02  -15.5912218      -7.29452276    
  -9.81000042     -0.321544141      -6.48229346E-02  -17.4085865      -7.99728537    
  -8.94999981     -0.422884911      -8.45370740E-02  -19.4599438      -8.74896145    
  -8.10000038     -0.375551432     -0.119582459      -21.7676888      -9.55605698    
  -7.23999977     -0.325986326     -0.137917519      -24.3752193      -10.4564629    
  -6.38000011     -0.294912755     -0.134337574      -27.2245922      -11.4536495    
  -5.53000021      -7.76491836E-02 -0.315263480      -30.2215824      -12.5701990    
  -4.67000008      -8.43049958E-02 -0.283712029      -33.3511734      -13.8902397    
  -3.80999994      -9.96965170E-02 -0.234383032      -36.5439377      -15.4145975    
  -2.96000004     -0.114326522     -0.150013775      -39.7718582      -17.0853310    
  -2.09999990     -0.272214442      -7.77465031E-02  -43.1466866      -18.8871078    
  -1.24000001     -0.464593917      -7.94760659E-02  -46.7260590      -20.7593918    
 -0.389999986     -0.540853977     -0.258568138      -50.5800591      -22.6996918    
  0.469999999      -1.20518339     -0.265595615      -54.9785233      -24.8192749    
   1.33000004      -1.64519238     -0.226682782      -60.2146416      -27.1246796    
   2.18000007      -1.79222035      -8.37900713E-02  -66.5315933      -29.5493088    
   3.03999996     -0.911566436     -0.747829795      -74.0394211      -32.2094154    
   3.90000010     -0.915252268      -1.85205676E-02  -82.3770905      -35.1616898    
   4.75000000     -0.901471019      -1.66631453E-02  -91.2797546      -38.2260208    
   5.61000013     -0.880573869      -2.10020784E-02  -100.941055      -41.3396378    
   6.46000004     -0.880573869      -7.43159233E-03  -111.133743      -44.4290695    
   7.32000017     -0.880573869      -7.43159233E-03  -122.086304      -47.5627251    
   8.18000031     -0.880573869      -7.43159233E-03  -133.682571      -50.7018166    
   9.02999973     -0.880573869      -7.43159233E-03  -145.783890      -53.8098030    
   9.89000034     -0.880573869      -7.43159233E-03  -158.667572      -56.9597588    
   10.7500000     -0.880573869      -7.43159233E-03  -172.194931      -60.1151428    
   11.6000004     -0.880573869      -7.43159233E-03  -186.204926      -63.2392426    
   12.4600000     -0.880573869      -7.43159233E-03  -201.019684      -66.4054947    
   13.3199997     -0.880573869      -7.43159233E-03  -216.478149      -69.5771790    
   14.1700001     -0.880573869      -7.43159233E-03  -232.396790      -72.7173843    
   15.0299997     -0.880573869      -7.43159233E-03  -249.142654      -75.8999329    
   15.8900003     -0.880573869      -7.43159233E-03  -266.532257      -79.0879135    
   16.7399998     -0.880573869      -7.43159233E-03  -284.359528      -82.2442245    
   17.6000004     -0.880573869      -7.43159233E-03  -303.036499      -85.4430771    
   18.4599991     -0.880573869      -7.43159233E-03  -322.357147      -88.6473465    
   19.3099995     -0.880573869      -7.43159233E-03  -342.093109      -91.8197708    
   20.1700001     -0.880573869      -7.43159233E-03  -362.701202      -95.0349197    
   21.0300007     -0.880573869      -7.43159233E-03  -383.952972      -98.2555008    
   21.8799992     -0.880573869      -7.43159233E-03  -405.597534      -101.444023    
   22.7399998     -0.880573869      -7.43159233E-03  -428.136719      -104.675468    
   23.6000004     -0.880573869      -7.43159233E-03  -451.319641      -107.912346    
   24.4500008     -0.880573869      -7.43159233E-03  -474.872864      -111.116982    
   25.3099995     -0.880573869      -7.43159233E-03  -499.343109      -114.364716    
   26.1700001     -0.880573869      -7.43159233E-03  -524.457153      -117.617889    
   27.0200005     -0.880573869      -7.43159233E-03  -549.919006      -120.838638    
   27.8799992     -0.880573869      -7.43159233E-03  -576.320374      -124.102669    
   28.7399998     -0.880573869      -7.43159233E-03  -603.365479      -127.372139    
   29.5900002     -0.880573869      -7.43159233E-03  -630.736023      -130.608994    
   30.4500008     -0.880573869      -7.43159233E-03  -659.068542      -133.889328    
   31.3099995     -0.880573869      -7.43159233E-03  -688.044678      -137.175095    
   32.1599998     -0.880573869      -7.43159233E-03  -717.323853      -140.428055    
   33.0200005     -0.880573869      -7.43159233E-03  -747.587524      -143.724686    
   33.8800011     -0.880573869      -7.43159233E-03  -778.494812      -147.026764    
   34.7299995     -0.880573869      -7.43159233E-03  -809.682617      -150.295822    
   35.5900002     -0.880573869      -7.43159233E-03  -841.877319      -153.608749    
   36.4500008     -0.880573869      -7.43159233E-03  -874.715759      -156.927124    
   37.2999992     -0.880573869      -7.43159233E-03  -907.812134      -160.212296    
   38.1599998     -0.880573869      -7.43159233E-03  -941.937988      -163.541519    
   39.0200005     -0.880573869      -7.43159233E-03  -976.707520      -166.876175    
   39.8699989     -0.880573869      -7.43159233E-03  -1011.71259      -170.177460    
   40.7299995     -0.880573869      -7.43159233E-03  -1047.76953      -173.522995    
   41.5900002     -0.880573869      -7.43159233E-03  -1084.47021      -176.873947    
   42.4399986     -0.880573869      -7.43159233E-03  -1121.38391      -180.191330    
   43.2999992     -0.880573869      -7.43159233E-03  -1159.37195      -183.553162    
   44.1599998     -0.880573869      -7.43159233E-03  -1198.00366      -186.920410    
   45.0099983     -0.880573869      -7.43159233E-03  -1236.82605      -190.253906    
   45.8699989     -0.880573869      -7.43159233E-03  -1276.74512      -193.632034    
   46.7299995     -0.880573869      -7.43159233E-03  -1317.30798      -197.015594    
   47.5800018     -0.880573869      -7.43159233E-03  -1358.03918      -200.365204    
   48.4399986     -0.880573869      -7.43159233E-03  -1399.88928      -203.759613    
