 Elev(m)    dbdxp(-)    dbdxc(-)      I2p     I2c
  -29.1100006       0.00000000       0.00000000       0.00000000       0.00000000    
  -28.3400002       1.23157026E-02   1.82743408E-02   1.82549714E-03   2.70871748E-03
  -27.5699997       1.18947513E-02   1.16798244E-02   9.06509068E-03   1.25661138E-02
  -26.7999992       1.61724929E-02   1.86457075E-02   2.40535550E-02   3.13584767E-02
  -26.0400009       1.94649026E-02   3.20208892E-02   4.82359119E-02   6.18534200E-02
  -25.2700005       2.43665762E-02   9.85362828E-02   8.44462961E-02  0.119512782    
  -24.5000000       3.27854007E-02  0.240561470      0.135624975      0.246786833    
  -23.7299995       4.39349785E-02  0.265394747      0.206646904      0.499319136    
  -22.9699993       6.93003684E-02  0.269556552      0.304754972      0.901886463    
  -22.2000008      0.230870828      0.134276524      0.465210080       1.44785774    
  -21.4300003      0.238317519      0.162327573      0.739703953       2.09765267    
  -20.6599998      0.207563937       9.05637294E-02   1.14983416       2.82889676    
  -19.8999996       8.94315019E-02   4.02966104E-02   1.66389263       3.60703850    
  -19.1299992       1.89214125E-02   6.69338033E-02   2.24421883       4.43045521    
  -18.3600006       4.15321626E-02   1.71305221E-02   2.84956479       5.28222466    
  -17.5900002       4.09284942E-02   3.56653184E-02   3.47609591       6.15428209    
  -16.8299999       4.27438878E-02   3.92571539E-02   4.11895609       7.03384352    
  -16.0599995       4.12255563E-02   4.71778996E-02   4.79496098       7.94874907    
  -15.2900000       4.14712466E-02   5.62726036E-02   5.49566936       8.89179993    
  -14.5200005       4.39207219E-02   6.68651983E-02   6.22129202       9.86843586    
  -13.7600002       4.73238938E-02   7.49665797E-02   6.96351004       10.8714285    
  -12.9899998       5.16718999E-02   8.30635652E-02   7.74351406       11.9317884    
  -12.2200003       5.64020388E-02   9.67921764E-02   8.55421066       13.0422297    
  -11.4499998       5.84055856E-02  0.112460382       9.39794445       14.2103491    
  -10.6899996       5.96520379E-02  0.117865078       10.2650166       15.4280500    
  -9.92000008       6.13608062E-02  0.122967981       11.1787014       16.7311611    
  -9.14999962       6.54771477E-02  0.128528297       12.1291265       18.1072502    
  -8.38000011       7.17463195E-02  0.137601465       13.1186905       19.5600624    
  -7.61999989       8.21658820E-02  0.146039605       14.1382923       21.0749855    
  -6.84999990       8.76864865E-02  0.159041628       15.2190008       22.6965523    
  -6.07999992       8.93630683E-02  0.177585050       16.3511276       24.4132347    
  -5.32000017       9.03294384E-02  0.195068136       17.5210896       26.2121086    
  -4.55000019       9.33814868E-02  0.201054782       18.7599621       28.1478767    
  -3.77999997       9.70680341E-02  0.199538052       20.0542927       30.2017384    
  -3.00999999      0.101962082      0.191712618       21.4063549       32.3729706    
  -2.25000000      0.108455658      0.181237116       22.8011646       34.6285248    
  -1.48000002      0.129205391      0.152621895       24.2803326       37.0177994    
 -0.709999979      0.159101948      0.118997552       25.8374634       39.4968185    
   5.99999987E-02  0.203105643       8.31028521E-02   27.4910164       42.0460587    
  0.819999993      0.223946795      0.108835176       29.2393875       44.6202049    
   1.59000003      0.230932936      0.133042827       31.1406517       47.2921524    
   2.35999990      0.255662709      0.166571528       33.1814690       50.0443611    
   3.13000011      0.304764926      0.318279445       35.3774796       52.9128456    
   3.89000010      0.312279940      0.577859521       37.7184219       55.9478455    
   4.65999985      0.237409770      0.727278173       40.2619057       59.3473129    
   5.42999983      0.251719654      0.618773639       42.9593658       63.1397514    
   6.19999981      0.563141882      0.276579410       45.8501091       67.2644272    
   6.96000004      0.636384845      0.222293198       49.0003281       71.5404663    
   7.73000002      0.508187234      0.204071507       52.5371094       76.0089417    
   8.50000000      0.302136511      0.168889537       56.3636551       80.5959015    
   9.27000046      0.225384772      0.117555849       60.3885078       85.2806015    
   10.0299997      0.197387323      0.117555849       64.5009232       89.9812088    
   10.8000002      0.158136263      0.117555849       68.7819977       94.8129120    
   11.5699997      0.117553487      0.117555849       73.1566238       99.7143173    
   12.3400002      0.117553487      0.117555849       77.6069717       104.685417    
   13.1000004      0.117553487      0.117555849       82.0687637       109.661209    
   13.8699999      0.117553487      0.117555849       86.6584930       114.771706    
   14.6400003      0.117553487      0.117555849       91.3179321       119.951904    
   15.4099998      0.117553487      0.117555849       96.0470657       125.201797    
   16.1700001      0.117553487      0.117555849       100.784027       130.452759    
   16.9400005      0.117553487      0.117555849       105.652557       135.842056    
   17.7099991      0.117553487      0.117555849       110.590775       141.301041    
   18.4799995      0.117553487      0.117555849       115.598701       146.829742    
   19.2399998      0.117553487      0.117555849       120.610832       152.355881    
   20.0100002      0.117553487      0.117555849       125.758156       158.023972    
   20.7800007      0.117553487      0.117555849       130.975174       163.761765    
   21.5400009      0.117553487      0.117555849       136.193680       169.494278    
   22.3099995      0.117553487      0.117555849       141.550079       175.371460    
   23.0799999      0.117553487      0.117555849       146.976196       181.318344    
   23.8500004      0.117553487      0.117555849       152.472000       187.334946    
   24.6100006      0.117553487      0.117555849       157.965683       193.342636    
   25.3799992      0.117553487      0.117555849       163.600876       199.498611    
   26.1499996      0.117553487      0.117555849       169.305771       205.724289    
   26.9200001      0.117553487      0.117555849       175.080383       212.019669    
   27.6800003      0.117553487      0.117555849       180.849228       218.302551    
   28.4500008      0.117553487      0.117555849       186.763214       224.737320    
   29.2199993      0.117553487      0.117555849       192.746902       231.241791    
   29.9899998      0.117553487      0.117555849       198.800293       237.815979    
   30.7500000      0.117553487      0.117555849       204.844299       244.374023    
   31.5200005      0.117553487      0.117555849       211.037094       251.087601    
   32.2900009      0.117553487      0.117555849       217.299576       257.870880    
   33.0600014      0.117553487      0.117555849       223.631744       264.723846    
   33.8199997      0.117553487      0.117555849       229.950928       271.557037    
   34.5900002      0.117553487      0.117555849       236.422501       278.549438    
   35.3600006      0.117553487      0.117555849       242.963776       285.611511    
   36.1300011      0.117553487      0.117555849       249.574738       292.743256    
   36.8899994      0.117553487      0.117555849       256.169067       299.851654    
   37.6599998      0.117553487      0.117555849       262.919434       307.122803    
   38.4300003      0.117553487      0.117555849       269.739502       314.463684    
   39.2000008      0.117553487      0.117555849       276.629272       321.874237    
   39.9599991      0.117553487      0.117555849       283.498779       329.257812    
   40.7299995      0.117553487      0.117555849       290.527924       336.807770    
   41.5000000      0.117553487      0.117555849       297.626770       344.427429    
   42.2700005      0.117553487      0.117555849       304.795349       352.116791    
   43.0299988      0.117553487      0.117555849       311.940002       359.775513    
   43.7999992      0.117553487      0.117555849       319.247955       367.604279    
   44.5699997      0.117553487      0.117555849       326.625610       375.502747    
   45.3300018      0.117553487      0.117555849       333.976685       383.367889    
   46.0999985      0.117553487      0.117555849       341.493683       391.405701    
   46.8699989      0.117553487      0.117555849       349.080414       399.513275    
   47.6399994      0.117553487      0.117555849       356.736847       407.690521    
