 Elev(m)    dbdxp(-)    dbdxc(-)      I2p     I2c
  -19.3500004       0.00000000       0.00000000       0.00000000       0.00000000    
  -18.7600002      -3.75395566E-02  -8.05519335E-03  -3.26688169E-03  -7.01003592E-04
  -18.1700001     -0.195827678      -1.26124108E-02  -3.01094390E-02  -3.90160992E-03
  -17.5799999     -0.429361194     -0.129526198     -0.131667882      -2.12704334E-02
  -16.9799995     -0.465543568     -0.138877869     -0.368156075      -7.48708025E-02
  -16.3899994     -0.566282570     -0.179619446     -0.769674599     -0.179042250    
  -15.8000002     -0.724911928     -0.314082116      -1.37335324     -0.353895128    
  -15.2100000     -0.591405988     -0.242059574      -2.20395160     -0.620110869    
  -14.6099997     -0.191489860     -0.599140167      -3.23325396      -1.01326287    
  -14.0200005     -0.156830460     -0.327609420      -4.34497881      -1.55493736    
  -13.4300003     -0.132182151      -2.90735275E-03  -5.51216936      -2.20602632    
  -12.8400002     -0.113599859       4.24162261E-02  -6.72590065      -2.88244033    
  -12.2399998      -9.64234844E-02   4.29692231E-02  -8.00023270      -3.55939198    
  -11.6499996      -7.83057660E-02   3.68850045E-02  -9.28711414      -4.21055698    
  -11.0600004      -4.49753702E-02   1.43459467E-02  -10.5999269      -4.85031319    
  -10.4700003      -1.52008217E-02  -6.46284735E-03  -11.9287071      -5.48492622    
  -9.86999989       6.70618750E-03  -1.98681485E-02  -13.2860746      -6.13188934    
  -9.27999973       1.89667623E-02  -2.44442225E-02  -14.6193361      -6.77425528    
  -8.68999958       2.69480124E-02  -2.80649737E-02  -15.9463682      -7.42504740    
  -8.10000038       3.31213623E-02  -3.12650055E-02  -17.2641735      -8.08557129    
  -7.50000000       3.63258161E-02  -3.15412395E-02  -18.5929585      -8.76800823    
  -6.90999985       3.96119729E-02  -3.10577434E-02  -19.8868446      -9.45007515    
  -6.32000017       4.18603979E-02  -2.88613122E-02  -21.1670303      -10.1428041    
  -5.73000002       4.31174226E-02  -2.53358819E-02  -22.4327316      -10.8454638    
  -5.13000011       4.45900187E-02  -2.21061390E-02  -23.7047310      -11.5689583    
  -4.53999996       4.82574590E-02  -1.68721955E-02  -24.9396915      -12.2879848    
  -3.95000005       5.22501171E-02  -8.69730022E-03  -26.1578236      -13.0126276    
  -3.35999990       5.57161272E-02  -5.40972746E-04  -27.3578148      -13.7403002    
  -2.75999999       5.77652454E-02   1.62884258E-02  -28.5587139      -14.4797535    
  -2.17000008       5.75940572E-02   2.76242737E-02  -29.7195187      -15.2016668    
  -1.58000004       5.71816526E-02   3.32925506E-02  -30.8602962      -15.9144583    
 -0.990000010       5.58072031E-02   3.62695791E-02  -31.9812508      -16.6158943    
 -0.389999986       5.27157523E-02   3.84905934E-02  -33.1017647      -17.3165569    
  0.200000003       5.16456552E-02   3.83358523E-02  -34.1849136      -17.9922428    
  0.790000021       5.13170771E-02   3.86490449E-02  -35.2500267      -18.6545410    
   1.38000000       5.01108058E-02   4.05984223E-02  -36.2973480      -19.3032436    
   1.98000002       4.98414710E-02   4.17426191E-02  -37.3447495      -19.9487629    
   2.56999993       4.96927425E-02   4.12019975E-02  -38.3571854      -20.5690212    
   3.16000009       4.69772667E-02   4.17613648E-02  -39.3525505      -21.1748390    
   3.75000000       4.44524325E-02   4.16925699E-02  -40.3315430      -21.7661762    
   4.34999990       4.44335118E-02   4.69760299E-02  -41.3113022      -22.3524323    
   4.94000006       4.00157161E-02   4.33556326E-02  -42.2595177      -22.9132118    
   5.53000021       3.32449786E-02   4.34808396E-02  -43.1940117      -23.4585743    
   6.11999989       4.70996462E-02   4.23000380E-02  -44.1151352      -23.9889145    
   6.71999979       7.84610361E-02   1.69135779E-02  -45.0338364      -24.5154972    
   7.30999994       8.92240778E-02   6.43994585E-02  -45.9115219      -25.0209904    
   7.90000010       8.93929601E-02   9.16884318E-02  -46.7590714      -25.5058231    
   8.48999977       9.19013545E-02   9.46327448E-02  -47.5752983      -25.9608574    
   9.09000015       9.47434455E-02   9.60324779E-02  -48.3730736      -26.3905220    
   9.68000031       9.39830095E-02   9.61461961E-02  -49.1246147      -26.7794323    
   10.2700005      0.104774699       9.24161524E-02  -49.8424377      -27.1352081    
   10.8599997      0.104774699      0.104786195      -50.5247231      -27.4574127    
   11.4600000      0.104774699      0.104786195      -51.1817932      -27.7493877    
   12.0500002      0.104774699      0.104786195      -51.7911377      -27.9997177    
   12.6400003      0.104774699      0.104786195      -52.3640099      -28.2135715    
   13.2299995      0.104774699      0.104786195      -52.9004097      -28.3909473    
   13.8299999      0.104774699      0.104786195      -53.4091187      -28.5345459    
   14.4200001      0.104774699      0.104786195      -53.8725739      -28.6389713    
   15.0100002      0.104774699      0.104786195      -54.2995567      -28.7069206    
   15.6000004      0.104774699      0.104786195      -54.6900673      -28.7383919    
   16.2000008      0.104774699      0.104786195      -55.0504150      -28.7336140    
   16.7900009      0.104774699      0.104786195      -55.3679810      -28.6921349    
   17.3799992      0.104774699      0.104786195      -55.6490784      -28.6141796    
   17.9699993      0.104774699      0.104786195      -55.8936996      -28.4997463    
   18.5699997      0.104774699      0.104786195      -56.1056862      -28.3465900    
   19.1599998      0.104774699      0.104786195      -56.2773666      -28.1592064    
   19.7500000      0.104774699      0.104786195      -56.4125710      -27.9353466    
   20.3400002      0.104774699      0.104786195      -56.5113068      -27.6750107    
   20.9400005      0.104774699      0.104786195      -56.5749321      -27.3734779    
   21.5300007      0.104774699      0.104786195      -56.6007233      -27.0401897    
   22.1200008      0.104774699      0.104786195      -56.5900421      -26.6704254    
   22.7099991      0.104774699      0.104786195      -56.5428886      -26.2641850    
   23.3099995      0.104774699      0.104786195      -56.4581528      -25.8142738    
   23.8999996      0.104774699      0.104786195      -56.3380547      -25.3350811    
   24.4899998      0.104774699      0.104786195      -56.1814842      -24.8194141    
   25.0900002      0.104774699      0.104786195      -55.9854774      -24.2582188    
   25.6800003      0.104774699      0.104786195      -55.7559624      -23.6695976    
   26.2700005      0.104774699      0.104786195      -55.4899788      -23.0445023    
   26.8600006      0.104774699      0.104786195      -55.1875191      -22.3829288    
   27.4599991      0.104774699      0.104786195      -54.8431549      -21.6733589    
   28.0499992      0.104774699      0.104786195      -54.4677505      -20.9388332    
   28.6399994      0.104774699      0.104786195      -54.0558739      -20.1678314    
   29.2299995      0.104774699      0.104786195      -53.6075287      -19.3603554    
   29.8299999      0.104774699      0.104786195      -53.1147995      -18.5024052    
   30.4200001      0.104774699      0.104786195      -52.5935097      -17.6219769    
   31.0100002      0.104774699      0.104786195      -52.0357475      -16.7050705    
   31.6000004      0.104774699      0.104786195      -51.4415092      -15.7516890    
   32.2000008      0.104774699      0.104786195      -50.8004227      -14.7453623    
   32.7900009      0.104774699      0.104786195      -50.1332436      -13.7190285    
   33.3800011      0.104774699      0.104786195      -49.4295921      -12.6562185    
   33.9700012      0.104774699      0.104786195      -48.6894684      -11.5569324    
   34.5699997      0.104774699      0.104786195      -47.9000206      -10.4022322    
   35.1599998      0.104774699      0.104786195      -47.0869522      -9.22999382    
   35.7500000      0.104774699      0.104786195      -46.2374115      -8.02127934    
   36.3400002      0.104774699      0.104786195      -45.3513985      -6.77608919    
   36.9399986      0.104774699      0.104786195      -44.4135933      -5.47301197    
   37.5299988      0.104774699      0.104786195      -43.4546356      -4.15486908    
   38.1199989      0.104774699      0.104786195      -42.4592056      -2.80025053    
   38.7099991      0.104774699      0.104786195      -41.4273071      -1.40915549    
   39.3100014      0.104774699      0.104786195      -40.3411331       4.23075594E-02
   39.9000015      0.104774699      0.104786195      -39.2362862       1.50635469    
