   483.342896      -13.8869314    
   516.609375      -13.8869314    
 NaN NaN
   445.026978      -13.2958632    
   449.994843      -13.2958632    
 NaN NaN
   461.628693      -13.2958632    
   522.290710      -13.2958632    
 NaN NaN
   344.479919      -12.7047949    
   527.792297      -12.7047949    
 NaN NaN
   330.765228      -12.1137276    
   573.847656      -12.1137276    
 NaN NaN
   583.122803      -12.1137276    
   606.105347      -12.1137276    
 NaN NaN
   323.932312      -11.5226593    
   647.584961      -11.5226593    
 NaN NaN
   318.888123      -10.9315910    
   684.601196      -10.9315910    
 NaN NaN
   697.371033      -10.9315910    
   722.434448      -10.9315910    
 NaN NaN
   744.459290      -10.9315910    
   759.891785      -10.9315910    
 NaN NaN
   815.431152      -10.9315910    
   836.314514      -10.9315910    
 NaN NaN
   311.616425      -10.3405228    
   843.851318      -10.3405228    
 NaN NaN
   303.331848      -9.74945450    
   849.623962      -9.74945450    
 NaN NaN
   296.907013      -9.15838623    
   854.632446      -9.15838623    
 NaN NaN
   290.750458      -8.56731796    
   859.503235      -8.56731796    
 NaN NaN
   284.573303      -7.97625017    
   864.566162      -7.97625017    
 NaN NaN
   276.868225      -7.38518190    
   870.324219      -7.38518190    
 NaN NaN
   266.876801      -6.79411364    
   876.495544      -6.79411364    
 NaN NaN
   261.642303      -6.20304585    
   884.212158      -6.20304585    
 NaN NaN
   257.064789      -5.61197758    
   898.236145      -5.61197758    
 NaN NaN
   251.961014      -5.02090931    
   911.294678      -5.02090931    
 NaN NaN
   246.392365      -4.42984104    
   923.849426      -4.42984104    
 NaN NaN
   239.877487      -3.83877301    
   947.824585      -3.83877301    
 NaN NaN
   232.950836      -3.24770498    
   954.053345      -3.24770498    
 NaN NaN
   224.142761      -2.65663671    
   958.833496      -2.65663671    
 NaN NaN
   216.149063      -2.06556845    
   963.103882      -2.06556845    
 NaN NaN
   210.244659      -1.47450042    
   967.245728      -1.47450042    
 NaN NaN
   205.308960     -0.883432269    
   971.464294     -0.883432269    
 NaN NaN
   200.894165     -0.292364120    
   976.080994     -0.292364120    
 NaN NaN
   196.666397      0.298704028    
   981.055054      0.298704028    
 NaN NaN
   192.524582      0.889772177    
   985.113953      0.889772177    
 NaN NaN
   188.422821       1.48084033    
   988.857544       1.48084033    
 NaN NaN
   183.337082       2.07190847    
   992.558838       2.07190847    
 NaN NaN
   177.211670       2.66297674    
   996.131409       2.66297674    
 NaN NaN
   170.994766       3.25404477    
   999.040771       3.25404477    
 NaN NaN
   165.334061       3.84511280    
   1000.12054       3.84511280    
 NaN NaN
   159.983185       4.43618107    
   1001.26001       4.43618107    
 NaN NaN
   152.203491       5.02724934    
   1002.43054       5.02724934    
 NaN NaN
   141.012924       5.61831760    
   1003.60107       5.61831760    
 NaN NaN
   138.159714       6.20938540    
   1004.77167       6.20938540    
 NaN NaN
   136.007812       6.80045366    
   1006.22931       6.80045366    
 NaN NaN
   133.855911       7.39152193    
   1008.03174       7.39152193    
 NaN NaN
   132.528564       7.98258972    
   1009.83411       7.98258972    
 NaN NaN
   131.236511       8.57365799    
   1011.63654       8.57365799    
 NaN NaN
   41.0263557       9.16472626    
   63.5094872       9.16472626    
 NaN NaN
   129.944473       9.16472626    
   1014.71039       9.16472626    
 NaN NaN
   34.3584709       9.75579453    
   82.0771179       9.75579453    
 NaN NaN
   128.652420       9.75579453    
   1019.10919       9.75579453    
 NaN NaN
   1140.61060       9.75579453    
   1153.69080       9.75579453    
 NaN NaN
   30.2026157       10.3468628    
   1029.26294       10.3468628    
 NaN NaN
   1109.85095       10.3468628    
   1196.91345       10.3468628    
 NaN NaN
   25.1608925       10.9379311    
   1226.66321       10.9379311    
 NaN NaN
   21.0870018       11.5289993    
   1243.78699       11.5289993    
 NaN NaN
   1281.62891       11.5289993    
   1282.16858       11.5289993    
 NaN NaN
   17.3464661       12.1200666    
   1250.15894       12.1200666    
 NaN NaN
   1268.30981       12.1200666    
   1282.16858       12.1200666    
 NaN NaN
   14.2160454       12.7111349    
   1258.37292       12.7111349    
 NaN NaN
   1265.48145       12.7111349    
   1282.16858       12.7111349    
 NaN NaN
   9.97637749       13.3022032    
   1282.16858       13.3022032    
 NaN NaN
   6.72193956       13.8932714    
   1282.16858       13.8932714    
 NaN NaN
   3.46750164       14.4843397    
   1282.16858       14.4843397    
 NaN NaN
   2.80720806       15.0754080    
   1282.16858       15.0754080    
 NaN NaN
   2.80720806       15.6664762    
   1282.16858       15.6664762    
 NaN NaN
   2.80720806       16.2575436    
   1282.16858       16.2575436    
 NaN NaN
   2.80720806       16.8486118    
   1282.16858       16.8486118    
 NaN NaN
   2.80720806       17.4396801    
   1282.16858       17.4396801    
 NaN NaN
   2.80720806       18.0307484    
   1282.16858       18.0307484    
 NaN NaN
   2.80720806       18.6218166    
   1282.16858       18.6218166    
 NaN NaN
   2.80720806       19.2128849    
   1282.16858       19.2128849    
 NaN NaN
   2.80720806       19.8039532    
   1282.16858       19.8039532    
 NaN NaN
   2.80720806       20.3950214    
   1282.16858       20.3950214    
 NaN NaN
   2.80720806       20.9860897    
   1282.16858       20.9860897    
 NaN NaN
   2.80720806       21.5771580    
   1282.16858       21.5771580    
 NaN NaN
   2.80720806       22.1682262    
   1282.16858       22.1682262    
 NaN NaN
   2.80720806       22.7592945    
   1282.16858       22.7592945    
 NaN NaN
   2.80720806       23.3503609    
   1282.16858       23.3503609    
 NaN NaN
   2.80720806       23.9414291    
   1282.16858       23.9414291    
 NaN NaN
   2.80720806       24.5324974    
   1282.16858       24.5324974    
 NaN NaN
   2.80720806       25.1235657    
   1282.16858       25.1235657    
 NaN NaN
   2.80720806       25.7146339    
   1282.16858       25.7146339    
 NaN NaN
   2.80720806       26.3057022    
   1282.16858       26.3057022    
 NaN NaN
   2.80720806       26.8967705    
   1282.16858       26.8967705    
 NaN NaN
   2.80720806       27.4878387    
   1282.16858       27.4878387    
 NaN NaN
   2.80720806       28.0789070    
   1282.16858       28.0789070    
 NaN NaN
   2.80720806       28.6699753    
   1282.16858       28.6699753    
 NaN NaN
   2.80720806       29.2610435    
   1282.16858       29.2610435    
 NaN NaN
   2.80720806       29.8521118    
   1282.16858       29.8521118    
 NaN NaN
   2.80720806       30.4431801    
   1282.16858       30.4431801    
 NaN NaN
   2.80720806       31.0342484    
   1282.16858       31.0342484    
 NaN NaN
   2.80720806       31.6253166    
   1282.16858       31.6253166    
 NaN NaN
   2.80720806       32.2163849    
   1282.16858       32.2163849    
 NaN NaN
   2.80720806       32.8074532    
   1282.16858       32.8074532    
 NaN NaN
   2.80720806       33.3985214    
   1282.16858       33.3985214    
 NaN NaN
   2.80720806       33.9895897    
   1282.16858       33.9895897    
 NaN NaN
   2.80720806       34.5806580    
   1282.16858       34.5806580    
 NaN NaN
   2.80720806       35.1717262    
   1282.16858       35.1717262    
 NaN NaN
   2.80720806       35.7627945    
   1282.16858       35.7627945    
 NaN NaN
   2.80720806       36.3538628    
   1282.16858       36.3538628    
 NaN NaN
   2.80720806       36.9449310    
   1282.16858       36.9449310    
 NaN NaN
   2.80720806       37.5359955    
   1282.16858       37.5359955    
 NaN NaN
   2.80720806       38.1270638    
   1282.16858       38.1270638    
 NaN NaN
   2.80720806       38.7181320    
   1282.16858       38.7181320    
 NaN NaN
   2.80720806       39.3092003    
   1282.16858       39.3092003    
 NaN NaN
   2.80720806       39.9002686    
   1282.16858       39.9002686    
 NaN NaN
   2.80720806       40.4913368    
   1282.16858       40.4913368    
 NaN NaN
   2.80720806       41.0824051    
   1282.16858       41.0824051    
 NaN NaN
   2.80720806       41.6734734    
   1282.16858       41.6734734    
 NaN NaN
   2.80720806       42.2645416    
   1282.16858       42.2645416    
 NaN NaN
   2.80720806       42.8556099    
   1282.16858       42.8556099    
 NaN NaN
   2.80720806       43.4466782    
   1282.16858       43.4466782    
 NaN NaN
   2.80720806       44.0377464    
   1282.16858       44.0377464    
 NaN NaN
   2.80720806       44.6288147    
   1282.16858       44.6288147    
 NaN NaN
