157.37	RS=157.37  
0	9.101328186
9.006839767	9.9822
18.01672819	8.439912163
27.02356912	7.504176256
36.03040772	6.477
45.03724633	5.876544209
54.04713823	5.56564807
63.05397451	5.074919884
72.06081544	4.663440058
81.07070735	4.42264807
90.07754363	4.242816023
99.08437991	4.157472105
108.0912255	4.239767953
117.1011127	4.3434
126.107949	4.450080116
135.1147946	4.559808012
144.1216309	4.663440058
153.1315181	4.620767953
162.1383637	4.65429614
171.1452	4.916423744
180.1550873	5.71195193
189.1619235	6.528816023
198.1687598	6.876287837
207.1756147	7.095744209
216.185502	6.986016023
225.1923382	6.739128186
234.1991745	6.55929614
243.2090618	6.531864093
252.215898	6.513576256
261.2227529	6.562344209
270.2295892	6.70864807
279.2394765	6.7818
288.2463127	6.7818
297.253149	6.714744209
306.2630363	6.477
315.2698726	6.233160233
324.2767274	6.39775193
333.2835451	6.675119884
342.293451	7.00430386
351.3003059	7.214616023
360.3071235	7.345680116
369.3170294	7.303007721
378.3238471	7.1628
387.330702	7.062216023
389.766051	7.043928186
396.3375196	6.998207721
405.3474255	7.144512163
414.3542804	7.114032047
423.361098	7.226807721
432.3710039	7.427976256
441.3778216	7.565135907
450.3846765	7.574280116
459.3945451	7.586471814
468.4014	7.39749614
477.4082549	6.812280116
486.4150726	6.138671814
495.4249784	5.705855791
504.4317961	5.544312163
513.438651	5.64184807
522.4485196	6.004560233
531.4553745	6.144767953
540.4622294	6.086855791
549.4690471	6.044183977
558.4789529	5.998464093
567.4857706	5.983223744
576.4926255	6.071616023
585.5024941	5.815583977
594.509349	5.590032047
603.5162039	5.007864093
612.5230216	3.846575965
621.5329274	2.343912017
629.8052039	2.846832047
638.0804941	2.654808012
646.3528078	1.926336052
654.1252078	0.813816023
661.9006588	-0.381
669.6730588	-1.237487983
677.4454588	-2.081783977
685.726851	-2.633472105
694.0112941	-3.13029614
702.2927607	-3.971543919
710.0590588	-4.742688128
717.8284078	-5.827776256
725.5977568	-7.254239767
733.3671059	-7.565135907
741.0236432	-7.376160233
748.6802549	-7.117080116
756.3398432	-6.876287837
763.9964549	-6.726935907
772.1833412	-8.110728186
780.367251	-9.60729614
788.5511607	-11.34465637
796.7380471	-12.06398456
804.9219568	-15.5448
813.1057922	-18.75739228
820.6617961	-20.08327181
828.2178	-20.57095135
835.7738039	-21.44267953
843.3298078	-22.32355135
850.8858117	-23.13127181
858.7953568	-24.23769498
866.701851	-25.66720772
874.6083451	-27.2796
882.5148393	-28.74264093
890.4214078	-29.97098456
898.327902	-32.84524865
906.2374471	-34.98189498
913.6044393	-36.26815135
920.9715059	-36.85336912
928.338498	-37.61536912
935.7054902	-38.34384093
943.0725568	-39.09364633
951.2290078	-40.1513027
959.3854588	-40.82491274
967.5419098	-41.49242549
975.7014117	-42.15078995
983.8577883	-42.6780973
992.0142393	-43.15663088
1000.332243	-43.46752819
1008.650247	-43.83938456
1016.9652	-44.46422549
1025.283204	-44.89094363
1033.601208	-45.04334363
1041.919212	-45.15002549
1050.23409	-45.20488726
1058.552094	-45.11954363
1066.870098	-44.92142549
1075.188102	-44.64101005
1083.503055	-44.29963088
1091.455239	-44.10761005
1099.407498	-43.47057451
1107.359757	-42.53484093
1115.311941	-40.65422549
1123.2642	-38.11524093
1130.920812	-35.96944865
1138.577349	-34.75634363
1146.23091	-34.29
1153.887447	-33.57067181
1161.544059	-32.33623088
1169.200596	-30.099
1177.402812	-25.95372047
1185.608004	-21.05253591
1193.810145	-15.85569614
1201.677051	-13.35633591
1209.543957	-11.00023205
1217.407812	-8.4582
1225.274643	-6.455664093
1233.141549	-3.529583977
1241.008455	-0.58216799
1248.875286	0.780287983
1256.35509	1.780032047
1263.83802	2.499359942
1272.003623	3.002280116
1280.169079	3.703319884
1288.334682	4.312919884
1296.500286	5.1054
1304.669016	5.647944209
1312.83462	6.55624807
1321.000223	8.54049614
1329.165679	10.05230386
	
