 Elev(m)    dbdxp(-)    dbdxc(-)      I2p     I2c
  -24.1599998       0.00000000       0.00000000       0.00000000       0.00000000    
  -23.4300003       1.26354313E-02   6.46577869E-03   1.68335321E-03   8.61402310E-04
  -22.7000008       1.08001884E-02   1.31368758E-02   8.17226619E-03   5.19576715E-03
  -21.9599991       1.42311826E-02   2.36891489E-02   2.12498736E-02   1.71430036E-02
  -21.2299995       2.70753726E-02   3.75817157E-02   4.30336520E-02   4.20640111E-02
  -20.5000000       3.64112929E-02   3.68132107E-02   7.87784904E-02   8.50590691E-02
  -19.7700005       3.44521254E-02   3.85279283E-02  0.132422090      0.148002699    
  -19.0400009       3.42158414E-02   5.15487529E-02  0.204654753      0.232984081    
  -18.2999992       4.39600125E-02   6.15493879E-02  0.297565699      0.346362203    
  -17.5699997       5.52125685E-02   8.39747488E-02  0.412988812      0.492866427    
  -16.8400002       6.66577965E-02  0.137617335      0.557860315      0.688279629    
  -16.1100006       9.19504017E-02  0.185736448      0.740098536      0.956293166    
  -15.3699999      0.155738845      0.144807816      0.979251862       1.31568420    
  -14.6400003      0.155949473      0.138987601       1.29014206       1.75265849    
  -13.9099998      0.120306343      0.164795190       1.67936134       2.26791358    
  -13.1800003      0.103318967      0.166723296       2.13517690       2.86780572    
  -12.4499998      0.163557753      0.104006082       2.65633988       3.54793310    
  -11.7100000      0.145611733      0.187190205       3.26187253       4.31273317    
  -10.9799995      0.103368782      0.251355261       3.93413901       5.16494322    
  -10.2500000      0.120509483      0.279908866       4.66940117       6.14635468    
  -9.52000046      0.214144483      0.244129881       5.47907352       7.26835871    
  -8.77999973      0.227735475      0.237879604       6.40390348       8.54072189    
  -8.05000019      0.245699480      0.189500704       7.43897200       9.91790962    
  -7.32000017      0.233700871      0.146849856       8.60098267       11.3968458    
  -6.59000015      0.226745248      0.145893410       9.88820457       12.9595938    
  -5.86000013      0.181062952      0.135310486       11.2910995       14.5988054    
  -5.11999989      0.139575154      0.149833187       12.8110046       16.3364372    
  -4.38999987      0.122755893      0.149212778       14.3886127       18.1289291    
  -3.66000009      0.108733363      0.138837904       16.0320091       19.9996376    
  -2.93000007      0.114791386      0.115709506       17.7360249       21.9426327    
  -2.19000006      0.127014667       9.26704407E-02   19.5257874       23.9743824    
  -1.46000004      0.136287197       7.59221017E-02   21.3590889       26.0292740    
 -0.730000019      0.132635489       7.68587887E-02   23.2632980       28.1269798    
   0.00000000      0.127306461       9.18794796E-02   25.2379646       30.2675209    
  0.740000010      0.127187416      0.109564178       27.3086910       32.4870071    
   1.47000003      0.130472511      0.127769142       29.4201260       34.7353210    
   2.20000005      0.139790624      0.148352578       31.6018925       37.0520401    
   2.93000007      0.153457865      0.199865445       33.8587341       39.4519386    
   3.66000009      0.174606830      0.245371625       36.1983490       41.9575424    
   4.40000010      0.212648347      0.214081153       38.6659088       44.6188126    
   5.13000011      0.202502951      0.196532235       41.2077217       47.3608551    
   5.86000013      0.239350244      0.344614953       43.8637085       50.2297020    
   6.59000015      0.259175301      0.410823107       46.6449814       53.2712822    
   7.32999992      0.434470415      0.246933296       49.6240845       56.5441818    
   8.06000042      0.320746928      0.218223751       52.7572098       59.9236374    
   8.78999996      0.276159048       5.74467741E-02   56.0704651       63.4017868    
   9.52000046      0.150237620       3.13683152E-02   59.5200539       66.9284973    
   10.2500000       2.42516808E-02   2.13144459E-02   63.0496941       70.4740601    
   10.9899998       2.26697549E-02   2.18291469E-02   66.6575012       74.0810471    
   11.7200003       1.79597791E-02   6.99944375E-03   70.2283020       77.6489716    
   12.4499998       2.83814371E-02  -1.98426209E-02   73.8106918       81.2190094    
   13.1800003       1.38033424E-02  -1.98426209E-02   77.4048767       84.7820587    
   13.9200001      -1.68564171E-02  -1.98426209E-02   81.0535812       88.3832703    
   14.6499996      -1.98426209E-02  -1.98426209E-02   84.6476746       91.9251709    
   15.3800001      -1.98426209E-02  -1.98426209E-02   88.2316055       95.4564972    
   16.1100006      -1.98426209E-02  -1.98426209E-02   91.8049545       98.9772491    
   16.8400002      -1.98426209E-02  -1.98426209E-02   95.3677292       102.487427    
   17.5799999      -1.98426209E-02  -1.98426209E-02   98.9686584       106.035034    
   18.3099995      -1.98426209E-02  -1.98426209E-02   102.510284       109.524063    
   19.0400009      -1.98426209E-02  -1.98426209E-02   106.041344       113.002525    
   19.7700005      -1.98426209E-02  -1.98426209E-02   109.561821       116.470406    
   20.5100002      -1.98426209E-02  -1.98426209E-02   113.119881       119.975143    
   21.2399998      -1.98426209E-02  -1.98426209E-02   116.619209       123.421867    
   21.9699993      -1.98426209E-02  -1.98426209E-02   120.107964       126.858025    
   22.7000008      -1.98426209E-02  -1.98426209E-02   123.586151       130.283615    
   23.4300003      -1.98426209E-02  -1.98426209E-02   127.053757       133.698624    
   24.1700001      -1.98426209E-02  -1.98426209E-02   130.558212       137.149765    
   24.8999996      -1.98426209E-02  -1.98426209E-02   134.004669       140.543625    
   25.6299992      -1.98426209E-02  -1.98426209E-02   137.440552       143.926910    
   26.3600006      -1.98426209E-02  -1.98426209E-02   140.865875       147.299637    
   27.1000004      -1.98426209E-02  -1.98426209E-02   144.327469       150.707901    
   27.8299999      -1.98426209E-02  -1.98426209E-02   147.731628       154.059464    
   28.5599995      -1.98426209E-02  -1.98426209E-02   151.125214       157.400452    
   29.2900009      -1.98426209E-02  -1.98426209E-02   154.508224       160.730881    
   30.0300007      -1.98426209E-02  -1.98426209E-02   157.926941       164.096268    
   30.7600002      -1.98426209E-02  -1.98426209E-02   161.288803       167.405533    
   31.4899998      -1.98426209E-02  -1.98426209E-02   164.640091       170.704224    
   32.2200012      -1.98426209E-02  -1.98426209E-02   167.980820       173.992355    
   32.9500008      -1.98426209E-02  -1.98426209E-02   171.310959       177.269897    
   33.6899986      -1.98426209E-02  -1.98426209E-02   174.676071       180.581680    
   34.4199982      -1.98426209E-02  -1.98426209E-02   177.985062       183.838074    
   35.1500015      -1.98426209E-02  -1.98426209E-02   181.283508       187.083923    
   35.8800011      -1.98426209E-02  -1.98426209E-02   184.571350       190.319168    
   36.6199989      -1.98426209E-02  -1.98426209E-02   187.893570       193.588074    
   37.3499985      -1.98426209E-02  -1.98426209E-02   191.160278       196.802170    
   38.0800018      -1.98426209E-02  -1.98426209E-02   194.416412       200.005722    
   38.8100014      -1.98426209E-02  -1.98426209E-02   197.661972       203.198669    
   39.5400009      -1.98426209E-02  -1.98426209E-02   200.896942       206.381042    
   40.2799988      -1.98426209E-02  -1.98426209E-02   204.165573       209.596359    
   41.0099983      -1.98426209E-02  -1.98426209E-02   207.379410       212.757599    
   41.7400017      -1.98426209E-02  -1.98426209E-02   210.582672       215.908264    
   42.4700012      -1.98426209E-02  -1.98426209E-02   213.775345       219.048340    
   43.2099991      -1.98426209E-02  -1.98426209E-02   217.001114       222.220779    
   43.9399986      -1.98426209E-02  -1.98426209E-02   220.172638       225.339722    
   44.6699982      -1.98426209E-02  -1.98426209E-02   223.333603       228.448074    
   45.4000015      -1.98426209E-02  -1.98426209E-02   226.483994       231.545883    
   46.1300011      -1.98426209E-02  -1.98426209E-02   229.623810       234.633087    
   46.8699989      -1.98426209E-02  -1.98426209E-02   232.795975       237.751938    
   47.5999985      -1.98426209E-02  -1.98426209E-02   235.914627       240.817993    
   48.3300018      -1.98426209E-02  -1.98426209E-02   239.022736       243.873505    
   49.0600014      -1.98426209E-02  -1.98426209E-02   242.120239       246.918411    
