   480.099762      -31.2144470    
   537.405640      -31.2144470    
 NaN NaN
   454.429474      -30.4218464    
   552.643372      -30.4218464    
 NaN NaN
   436.563538      -29.6292439    
   567.455688      -29.6292439    
 NaN NaN
   364.714966      -28.8366413    
   581.798157      -28.8366413    
 NaN NaN
   346.582153      -28.0440407    
   606.960388      -28.0440407    
 NaN NaN
   336.002716      -27.2514381    
   619.732117      -27.2514381    
 NaN NaN
   326.602661      -26.4588356    
   632.467773      -26.4588356    
 NaN NaN
   315.056793      -25.6662331    
   642.624390      -25.6662331    
 NaN NaN
   294.254089      -24.8736324    
   649.696655      -24.8736324    
 NaN NaN
   275.636871      -24.0810299    
   656.005859      -24.0810299    
 NaN NaN
   251.809143      -23.2884274    
   661.769714      -23.2884274    
 NaN NaN
   227.694626      -22.4958267    
   672.516479      -22.4958267    
 NaN NaN
   217.789505      -21.7032242    
   687.375549      -21.7032242    
 NaN NaN
   211.655594      -20.9106216    
   695.237976      -20.9106216    
 NaN NaN
   206.492752      -20.1180210    
   701.724670      -20.1180210    
 NaN NaN
   201.013748      -19.3254185    
   706.439697      -19.3254185    
 NaN NaN
   195.932297      -18.5328159    
   711.064514      -18.5328159    
 NaN NaN
   192.349579      -17.7402153    
   717.740173      -17.7402153    
 NaN NaN
   189.010727      -16.9476128    
   724.542419      -16.9476128    
 NaN NaN
   186.425873      -16.1550102    
   731.476807      -16.1550102    
 NaN NaN
   183.841019      -15.3624086    
   738.270630      -15.3624086    
 NaN NaN
   181.189316      -14.5698071    
   744.804688      -14.5698071    
 NaN NaN
   178.775345      -13.7772045    
   750.728699      -13.7772045    
 NaN NaN
   176.361389      -12.9846029    
   756.548706      -12.9846029    
 NaN NaN
   173.956436      -12.1920013    
   762.932617      -12.1920013    
 NaN NaN
   171.709869      -11.3993988    
   770.302612      -11.3993988    
 NaN NaN
   169.724976      -10.6067972    
   775.675903      -10.6067972    
 NaN NaN
   167.779373      -9.81419563    
   781.820496      -9.81419563    
 NaN NaN
   165.787048      -9.02159309    
   788.862366      -9.02159309    
 NaN NaN
   163.713715      -8.22899151    
   797.057556      -8.22899151    
 NaN NaN
   161.640396      -7.43638945    
   803.671326      -7.43638945    
 NaN NaN
   159.586380      -6.64378738    
   808.643066      -6.64378738    
 NaN NaN
   157.656204      -5.85118532    
   813.892700      -5.85118532    
 NaN NaN
   155.736084      -5.05858326    
   819.519592      -5.05858326    
 NaN NaN
   153.815964      -4.26598167    
   827.235413      -4.26598167    
 NaN NaN
   151.895844      -3.47337961    
   849.048584      -3.47337961    
 NaN NaN
   149.947128      -2.68077755    
   858.483765      -2.68077755    
 NaN NaN
   147.942200      -1.88817573    
   865.894897      -1.88817573    
 NaN NaN
   145.745895      -1.09557378    
   874.450500      -1.09557378    
 NaN NaN
   143.488083     -0.302971840    
   883.921448     -0.302971840    
 NaN NaN
   140.962616      0.489630103    
   898.097900      0.489630103    
 NaN NaN
   138.437149       1.28223205    
   907.367065       1.28223205    
 NaN NaN
   135.132614       2.07483387    
   915.471680       2.07483387    
 NaN NaN
   129.925888       2.86743593    
   924.914734       2.86743593    
 NaN NaN
   124.211884       3.66003799    
   935.611816       3.66003799    
 NaN NaN
   117.754608       4.45263958    
   947.019592       4.45263958    
 NaN NaN
   1238.74548       4.45263958    
   1271.97986       4.45263958    
 NaN NaN
   20.7896519       5.24524164    
   68.2172852       5.24524164    
 NaN NaN
   109.917221       5.24524164    
   959.299377       5.24524164    
 NaN NaN
   972.192200       5.24524164    
   1044.57434       5.24524164    
 NaN NaN
   1213.27539       5.24524164    
   1336.30115       5.24524164    
 NaN NaN
   1414.38745       5.24524164    
   1502.53577       5.24524164    
 NaN NaN
   1622.47632       5.24524164    
   1636.03931       5.24524164    
 NaN NaN
   1652.36536       5.24524164    
   1688.08240       5.24524164    
 NaN NaN
   9.53475857       6.03784370    
   1366.38660       6.03784370    
 NaN NaN
   1395.50989       6.03784370    
   1516.10498       6.03784370    
 NaN NaN
   1560.67200       6.03784370    
   1693.94727       6.03784370    
 NaN NaN
   4.65674305       6.83044577    
   1693.94727       6.83044577    
 NaN NaN
   2.80154040E-06   7.62304783    
   1693.94727       7.62304783    
 NaN NaN
   0.00000000       8.41564941    
   1693.94727       8.41564941    
 NaN NaN
   0.00000000       9.20825195    
   1693.94727       9.20825195    
 NaN NaN
   0.00000000       10.0008535    
   1693.94727       10.0008535    
 NaN NaN
   0.00000000       10.7934551    
   1693.94727       10.7934551    
 NaN NaN
   0.00000000       11.5860577    
   1693.94727       11.5860577    
 NaN NaN
   0.00000000       12.3786592    
   1693.94727       12.3786592    
 NaN NaN
   0.00000000       13.1712608    
   1693.94727       13.1712608    
 NaN NaN
   0.00000000       13.9638634    
   1693.94727       13.9638634    
 NaN NaN
   0.00000000       14.7564650    
   1693.94727       14.7564650    
 NaN NaN
   0.00000000       15.5490665    
   1693.94727       15.5490665    
 NaN NaN
   0.00000000       16.3416691    
   1693.94727       16.3416691    
 NaN NaN
   0.00000000       17.1342716    
   1693.94727       17.1342716    
 NaN NaN
   0.00000000       17.9268723    
   1693.94727       17.9268723    
 NaN NaN
   0.00000000       18.7194748    
   1693.94727       18.7194748    
 NaN NaN
   0.00000000       19.5120773    
   1693.94727       19.5120773    
 NaN NaN
   0.00000000       20.3046780    
   1693.94727       20.3046780    
 NaN NaN
   0.00000000       21.0972805    
   1693.94727       21.0972805    
 NaN NaN
   0.00000000       21.8898830    
   1693.94727       21.8898830    
 NaN NaN
   0.00000000       22.6824837    
   1693.94727       22.6824837    
 NaN NaN
   0.00000000       23.4750862    
   1693.94727       23.4750862    
 NaN NaN
   0.00000000       24.2676888    
   1693.94727       24.2676888    
 NaN NaN
   0.00000000       25.0602913    
   1693.94727       25.0602913    
 NaN NaN
   0.00000000       25.8528919    
   1693.94727       25.8528919    
 NaN NaN
   0.00000000       26.6454945    
   1693.94727       26.6454945    
 NaN NaN
   0.00000000       27.4380970    
   1693.94727       27.4380970    
 NaN NaN
   0.00000000       28.2306976    
   1693.94727       28.2306976    
 NaN NaN
   0.00000000       29.0233002    
   1693.94727       29.0233002    
 NaN NaN
   0.00000000       29.8159027    
   1693.94727       29.8159027    
 NaN NaN
   0.00000000       30.6085033    
   1693.94727       30.6085033    
 NaN NaN
   0.00000000       31.4011059    
   1693.94727       31.4011059    
 NaN NaN
   0.00000000       32.1937065    
   1693.94727       32.1937065    
 NaN NaN
   0.00000000       32.9863091    
   1693.94727       32.9863091    
 NaN NaN
   0.00000000       33.7789116    
   1693.94727       33.7789116    
 NaN NaN
   0.00000000       34.5715141    
   1693.94727       34.5715141    
 NaN NaN
   0.00000000       35.3641167    
   1693.94727       35.3641167    
 NaN NaN
   0.00000000       36.1567192    
   1693.94727       36.1567192    
 NaN NaN
   0.00000000       36.9493179    
   1693.94727       36.9493179    
 NaN NaN
   0.00000000       37.7419205    
   1693.94727       37.7419205    
 NaN NaN
   0.00000000       38.5345230    
   1693.94727       38.5345230    
 NaN NaN
   0.00000000       39.3271255    
   1693.94727       39.3271255    
 NaN NaN
   0.00000000       40.1197281    
   1693.94727       40.1197281    
 NaN NaN
   0.00000000       40.9123306    
   1693.94727       40.9123306    
 NaN NaN
   0.00000000       41.7049294    
   1693.94727       41.7049294    
 NaN NaN
   0.00000000       42.4975319    
   1693.94727       42.4975319    
 NaN NaN
   0.00000000       43.2901344    
   1693.94727       43.2901344    
 NaN NaN
   0.00000000       44.0827370    
   1693.94727       44.0827370    
 NaN NaN
   0.00000000       44.8753395    
   1693.94727       44.8753395    
 NaN NaN
   0.00000000       45.6679420    
   1693.94727       45.6679420    
 NaN NaN
   0.00000000       46.4605446    
   1693.94727       46.4605446    
 NaN NaN
   0.00000000       47.2531433    
   1693.94727       47.2531433    
 NaN NaN
