 Elev(m)    dbdxp(-)    dbdxc(-)      I2p     I2c
  -26.7999992       0.00000000       0.00000000       0.00000000       0.00000000    
  -26.0300007       1.41460840E-02   3.84183116E-02   2.09679548E-03   5.69453277E-03
  -25.2700005       3.51282097E-02   9.56124663E-02   1.35395881E-02   3.68023515E-02
  -24.5000000       5.60414344E-02   9.85127240E-02   4.58541028E-02  0.116698913    
  -23.7399998       5.43146096E-02  0.200784132      0.107444540      0.268321484    
  -22.9699993       6.70523718E-02  0.214889765      0.203977242      0.527331769    
  -22.2099991       6.96684197E-02  0.200536996      0.337277621      0.905367732    
  -21.4500008       7.63622969E-02  0.166226804      0.511962056       1.39774323    
  -20.6800003       7.84478635E-02  0.119769000      0.733252585       1.99263847    
  -19.9200001      0.129823521       1.86505094E-02   1.00518882       2.64216614    
  -19.1499996       1.67206097E-02   1.45121589E-02   1.33288968       3.32540298    
  -18.3899994      -3.91607918E-02  -1.09307226E-02   1.67444766       4.00514936    
  -17.6200008      -2.03043744E-02  -4.49810363E-02   2.00840259       4.68607426    
  -16.8600006      -4.02899459E-02  -4.50332202E-02   2.32033968       5.33663559    
  -16.0900002      -5.97813539E-02  -5.64573258E-02   2.61268497       5.96754646    
  -15.3299999     -0.176514775      -8.81792158E-02   2.85156822       6.55397701    
  -14.5600004     -0.195903078     -0.141822964       3.00382876       7.09287453    
  -13.8000002     -0.143784583     -0.195480213       3.04927731       7.54112816    
  -13.0299997     -0.164567500     -0.169161513       2.99993110       7.89189243    
  -12.2700005     -0.168903425     -0.146957502       2.85668516       8.13789654    
  -11.5000000     -0.167335108     -0.144221425       2.61293697       8.29773808    
  -10.7399998     -0.154866129     -0.157439545       2.27540469       8.36819077    
  -9.97999954     -0.139782503     -0.168894500       1.84768045       8.34672070    
  -9.21000004     -0.134841084     -0.170190081       1.33052313       8.22697258    
  -8.44999981     -0.137510434     -0.163543776      0.739535153       8.00970459    
  -7.67999983     -0.139740407     -0.152617514       5.98376244E-02   7.69389820    
  -6.92000008     -0.140669763     -0.145094037     -0.693157852       7.29181051    
  -6.15000010     -0.142932341     -0.139215305      -1.53911507       6.79874277    
  -5.38999987     -0.146689132     -0.138845399      -2.45850611       6.22926855    
  -4.61999989     -0.156994462     -0.140129924      -3.47737169       5.57027721    
  -3.85999990     -0.185374379     -0.141738981      -4.57818174       4.83725023    
  -3.08999991     -0.210989907     -0.143529207      -5.80230665       4.01106405    
  -2.32999992     -0.218444914     -0.145376667      -7.13217449       3.11105013    
  -1.55999994     -0.217599943     -0.152435958      -8.60698891       2.11279106    
 -0.800000012     -0.205829680     -0.169165492      -10.1892061       1.03625727    
  -2.99999993E-02 -0.176655218     -0.197777018      -11.9108715     -0.155873433    
  0.730000019     -0.162492990     -0.208734706      -13.7164068      -1.44646060    
   1.50000000     -0.152401239     -0.212964609      -15.6419821      -2.87599778    
   2.25999999     -0.147239253     -0.207880616      -17.6330318      -4.41104364    
   3.01999998     -0.149374962     -0.186434865      -19.7113094      -6.06529617    
   3.78999996     -0.199911952     -0.163829699      -21.9120922      -7.85091114    
   4.55000019     -0.465170026     -0.152586296      -24.2339764      -9.71148109    
   5.32000017      -1.12173152     -0.219722256      -26.9189129      -11.6980009    
   6.07999992      -1.92601252     -0.575217485      -30.2528934      -13.8310194    
   6.84999990      -2.36912799      -1.14367747      -34.7131958      -16.3631668    
   7.61000013      -1.63027990      -1.22617936      -40.3367615      -19.4651737    
   8.38000011      0.262937903      -2.72583270      -46.8220062      -23.5404320    
   9.14000034      0.345772415      -2.15385151      -53.3328438      -28.8642330    
   9.90999985      0.340065539     -0.423079669      -59.7386513      -35.3538170    
   10.6700001      0.361937463      0.263915926      -65.8568802      -42.1597252    
   11.4399996      0.404143423      0.333291024      -71.8393631      -48.9899368    
   12.1999998      0.404143423      0.353267759      -77.5122757      -55.5423164    
   12.9700003      0.404143423      0.387294024      -83.0217972      -61.9707184    
   13.7299995      0.404143423      0.404150039      -88.2216873      -68.0899658    
   14.4899998      0.404143423      0.404150039      -93.1850891      -73.9751511    
   15.2600002      0.404143423      0.404150039      -97.9757614      -79.6997299    
   16.0200005      0.404143423      0.404150039      -102.466148      -85.1118927    
   16.7900009      0.404143423      0.404150039      -106.777588      -90.3572311    
   17.5499992      0.404143423      0.404150039      -110.794952      -95.2963715    
   18.3199997      0.404143423      0.404150039      -114.627159      -100.062469    
   19.0799999      0.404143423      0.404150039      -118.171532      -104.528603    
   19.8500004      0.404143423      0.404150039      -121.524506      -108.815453    
   20.6100006      0.404143423      0.404150039      -124.595871      -112.808571    
   21.3799992      0.404143423      0.404150039      -127.469597      -116.616180    
   22.1399994      0.404143423      0.404150039      -130.067947      -120.136276    
   22.9099998      0.404143423      0.404150039      -132.462463      -123.464653    
   23.6700001      0.404143423      0.404150039      -134.587799      -126.511742    
   24.4400005      0.404143423      0.404150039      -136.503082      -129.360870    
   25.2000008      0.404143423      0.404150039      -138.155411      -131.934937    
   25.9699993      0.404143423      0.404150039      -139.591446      -134.304825    
   26.7299995      0.404143423      0.404150039      -140.770782      -136.405884    
   27.4899998      0.404143423      0.404150039      -141.713608      -138.270432    
   28.2600002      0.404143423      0.404150039      -142.430801      -139.921463    
   29.0200005      0.404143423      0.404150039      -142.900620      -141.312988    
   29.7900009      0.404143423      0.404150039      -143.138580      -142.484772    
   30.5499992      0.404143423      0.404150039      -143.135376      -143.403290    
   31.3199997      0.404143423      0.404150039      -142.894104      -144.095840    
   32.0800018      0.404143423      0.404150039      -142.417908      -144.541336    
   32.8499985      0.404143423      0.404150039      -141.697403      -144.754639    
   33.6100006      0.404143423      0.404150039      -140.748184      -144.727127    
   34.3800011      0.404143423      0.404150039      -139.548447      -144.461197    
   35.1399994      0.404143423      0.404150039      -138.126236      -143.960648    
   35.9099998      0.404143423      0.404150039      -136.447266      -143.215485    
   36.6699982      0.404143423      0.404150039      -134.552032      -142.241928    
   37.4399986      0.404143423      0.404150039      -132.393829      -141.017517    
   38.2000008      0.404143423      0.404150039      -130.025589      -139.570953    
   38.9599991      0.404143423      0.404150039      -127.420860      -137.887863    
   39.7299995      0.404143423      0.404150039      -124.543808      -135.944595    
   40.4900017      0.404143423      0.404150039      -121.466049      -133.788498    
   41.2599983      0.404143423      0.404150039      -118.109779      -131.365997    
   42.0200005      0.404143423      0.404150039      -114.559013      -128.736877    
   42.7900009      0.404143423      0.404150039      -110.723495      -125.835129    
   43.5499992      0.404143423      0.404150039      -106.699738      -122.733009    
   44.3199997      0.404143423      0.404150039      -102.384987      -119.352013    
   45.0800018      0.404143423      0.404150039      -97.8881989      -115.776855    
   45.8499985      0.404143423      0.404150039      -93.0942383      -111.916649    
   46.6100006      0.404143423      0.404150039      -88.1244431      -107.868477    
   47.3800011      0.404143423      0.404150039      -82.8512268      -103.528999    
   48.1399994      0.404143423      0.404150039      -77.4084473      -99.0078354    
   48.9099998      0.404143423      0.404150039      -71.6559982      -94.1891174    
   49.6699982      0.404143423      0.404150039      -65.7402115      -89.1949387    
