	RS=108.71* 
0	7.684007721
7.62	6.973823744
10.07059228	6.690360233
15.24	6.303264093
20.13813591	6.01370386
22.86	6.220967953
30.01060772	6.797039767
30.20872819	6.812280116
30.48	6.839712163
33.7566	7.144512163
38.1	7.54989614
40.27931814	7.741919884
45.72	7.568183977
50.34686177	7.46150386
53.34	7.074407721
60.41745637	6.132576256
60.96	6.044183977
68.58	4.888992279
70.48804633	4.517135907
76.2	4.34949614
80.55254363	4.319016023
83.82	4.328159942
90.62313823	4.352543919
91.44305098	4.3434
99.06	4.376927895
100.6937235	4.331208012
106.68	4.233672105
110.7612765	4.081272105
114.303051	3.934967953
120.8318618	3.910583977
121.92	3.910583977
129.543051	3.88924807
130.9024564	3.89229614
137.16	3.950208012
140.97	3.96849614
144.78	3.913632047
151.0405946	3.852672105
152.403051	3.852672105
160.02	3.858767953
161.1111892	3.855719884
167.643051	4.553711872
171.1787235	4.928616023
175.263051	5.434583977
181.2493274	6.184392279
182.88	6.224016023
190.503051	6.416039767
191.3199127	6.446519884
198.123051	6.348983977
201.3874471	6.272783977
205.74	6.181344209
211.458051	6.123432047
213.363051	5.919216023
220.983051	5.041392279
221.5286363	4.980432047
228.603051	4.291583977
231.5931382	3.998975965
236.223051	3.931919884
241.6637235	3.794759942
243.84	3.776472105
251.463051	3.782567953
251.7343274	3.779519884
259.083051	3.742943919
261.8018618	3.742943919
266.703051	3.767327895
271.8724471	3.797808012
274.323051	3.867911872
281.943051	4.005072105
290.1452108	2.810256081
291.5594873	2.609088128
298.3473892	1.584959942
301.1759235	1.210056009
306.5526	0.48463201
310.7923598	0.033528
314.7547784	-0.310895994
320.4118471	-0.829056009
322.9569196	-1.167383977
330.028302	-2.173224035
331.159098	-2.319528041
339.3612765	-3.291840058
339.6447196	-3.325367953
347.5634549	-4.011167953
349.2611745	-4.19709614
355.7686471	-4.8768
358.8806804	-5.221223744
363.9708255	-5.824728186
368.497098	-6.428232047
372.1730039	-6.94029614
378.1135529	-7.589519884
380.3751451	-7.92784807
387.7269196	-8.933687837
388.5773235	-9.019032047
396.7825529	-9.7536
397.3433745	-9.802367953
404.9816804	-10.33272047
406.9628804	-10.49426409
413.1868726	-11.08252819
416.579298	-11.40256795
421.389051	-11.75003977
426.1957529	-12.07312819
429.5912294	-12.33525637
435.8121706	-12.82903205
437.7964216	-12.97838456
445.4316765	-13.40815251
445.995549	-13.45387181
454.2007784	-14.02689614
455.0480941	-14.08480772
462.4029196	-14.60601544
464.664549	-14.77670386
470.605098	-15.06016795
474.2810039	-15.24914363
478.8072765	-15.41373591
483.8974216	-15.64538456
487.0094549	-15.79473591
493.5169274	-16.06296023
495.2115961	-16.13611158
503.1333451	-16.46834363
503.4168255	-16.48053591
511.6190039	-16.86763205
512.7498	-16.92859228
519.8211451	-17.45894363
522.3662549	-17.66316023
528.0233235	-18.14474363
531.9857235	-18.47697567
536.225502	-18.72996023
541.6021784	-19.12010386
544.4306941	-19.36699228
551.2185961	-19.83943088
552.6328726	-19.94001544
560.835051	-20.51608726
569.0372294	-21.09215907
570.4515059	-21.18969498
577.2393706	-21.81148726
580.0679235	-22.07361544
585.4446	-22.40889498
589.6843784	-22.64968726
593.6437274	-22.87828726
599.3007961	-23.19223088
601.8489196	-23.36596912
608.917251	-23.83535907
610.051098	-23.90546409
618.2532765	-24.40838456
618.5367196	-24.42667181
626.4585059	-24.86253591
628.1532117	-24.95702316
634.6575961	-25.19781544
637.7695922	-25.31668726
642.8627883	-25.46604093
647.3860471	-25.62148726
651.0650039	-25.74035907
657.0055529	-25.96895907
659.2671451	-26.02992047
666.6220078	-26.21889498
667.4693607	-26.24023088
675.671502	-26.41396912
676.2383883	-26.42615907
683.8736432	-26.64256912
685.8548432	-26.70047953
692.0789098	-26.88640772
695.474349	-26.98089498
700.281051	-27.06014363
705.0908039	-27.11805637
708.4831922	-27.18815907
714.7072588	-27.31007953
716.6854078	-27.35884865
724.3236393	-27.52039228
724.887549	-27.53563088
733.0927412	-27.72155907
733.9400941	-27.7368
741.2949568	-27.85567181
743.5596	-27.90748726
749.497098	-28.03855135
753.1730039	-28.19095135
757.6992393	-28.39212047
762.7894588	-28.63595907
765.9014549	-28.79445637
772.4058393	-29.07487181
774.1066471	-29.13583088
782.0253451	-29.44977684
782.3087883	-29.45892047
790.5110039	-29.68752047
791.6418	-29.71190502
798.7131451	-29.90087953
801.2582549	-29.93440772
806.9153607	-30.04718456
810.8747098	-30.11424093
815.1205529	-30.16910502
820.4941412	-30.34284093
823.3196432	-30.42818456
830.1105961	-30.60801544
831.5249098	-30.64154363
839.727051	-30.80004093
848.7003451	-30.5562
848.8832549	-30.54705637
857.6766902	-30.04108726
858.0364078	-30.01670502
866.6470078	-29.47720772
867.1926117	-29.44672819
875.620302	-28.78835907
876.3456902	-28.73959228
884.5966471	-28.17875907
885.5018941	-28.13913591
893.5699412	-27.90139228
894.6550471	-27.84652819
902.5463607	-26.38958456
903.811251	-26.10002316
911.5196549	-24.79547953
912.9644039	-24.51201544
920.492949	-22.58567953
922.1206078	-22.1742
929.4662432	-21.1074
931.2737607	-20.86965637
938.4396117	-20.19604865
940.4298902	-20.01621544
947.4159568	-19.15058456
949.5799922	-18.80006409
956.389251	-17.12366409
958.7361961	-16.48358456
965.3625451	-14.33779228
967.365102	-13.63065637
967.889349	-13.44472819
974.3388902	-11.43914363
977.0455529	-10.75639228
983.3092078	-9.272016023
986.1987059	-8.75690386
986.5980117	-8.677655791
992.2855529	-7.531607721
995.3549098	-6.78484807
1001.258847	-4.910328186
1004.511039	-3.989832047
1010.232141	0.003048
1013.664192	2.350008012
1019.208561	4.322064093
1023.308106	5.516880116
1026.481047	5.519928186
1033.707843	5.510783977
1033.756659	5.510783977
1041.029145	5.48030386
1044.104604	5.468112163
1048.301706	5.471160233
1054.50129	5.462016023
1055.577243	5.471160233
1062.849804	5.553455791
1064.901102	5.574792279
1070.12229	5.650992279
1075.297788	5.72109614
1077.397902	5.751576256
1084.670388	5.882639767
1085.694549	5.900928186
1091.946	6.053328186
1096.09131	6.144767953
1099.218561	6.224016023
1106.491047	6.40689614
	
