   280.157990      -32.0578880    
   300.724121      -32.0578880    
 NaN NaN
   276.276672      -31.1729927    
   310.963104      -31.1729927    
 NaN NaN
   272.650726      -30.2880974    
   319.866730      -30.2880974    
 NaN NaN
   270.094452      -29.4032021    
   328.835907      -29.4032021    
 NaN NaN
   267.538208      -28.5183067    
   338.411774      -28.5183067    
 NaN NaN
   264.981934      -27.6334114    
   349.278687      -27.6334114    
 NaN NaN
   261.911163      -26.7485161    
   362.164368      -26.7485161    
 NaN NaN
   258.539764      -25.8636208    
   372.720337      -25.8636208    
 NaN NaN
   255.168365      -24.9787254    
   385.956909      -24.9787254    
 NaN NaN
   251.522797      -24.0938301    
   396.878387      -24.0938301    
 NaN NaN
   247.856796      -23.2089348    
   408.192017      -23.2089348    
 NaN NaN
   241.452164      -22.3240395    
   425.097412      -22.3240395    
 NaN NaN
   233.740997      -21.4391441    
   440.331573      -21.4391441    
 NaN NaN
   227.969849      -20.5542488    
   457.831238      -20.5542488    
 NaN NaN
   223.494492      -19.6693535    
   465.344940      -19.6693535    
 NaN NaN
   219.102356      -18.7844582    
   471.421234      -18.7844582    
 NaN NaN
   214.942856      -17.8995609    
   476.798218      -17.8995609    
 NaN NaN
   210.819321      -17.0146656    
   481.824951      -17.0146656    
 NaN NaN
   205.382767      -16.1297703    
   487.222900      -16.1297703    
 NaN NaN
   198.588776      -15.2448759    
   493.284576      -15.2448759    
 NaN NaN
   189.125977      -14.3599806    
   501.909454      -14.3599806    
 NaN NaN
   181.834763      -13.4750853    
   510.524963      -13.4750853    
 NaN NaN
   179.022873      -12.5901899    
   524.505249      -12.5901899    
 NaN NaN
   176.210968      -11.7052937    
   540.815369      -11.7052937    
 NaN NaN
   173.399078      -10.8203983    
   552.185669      -10.8203983    
 NaN NaN
   170.545532      -9.93550301    
   561.164673      -9.93550301    
 NaN NaN
   167.684937      -9.05060768    
   577.742737      -9.05060768    
 NaN NaN
   164.824356      -8.16571236    
   619.256409      -8.16571236    
 NaN NaN
   160.532242      -7.28081703    
   631.663208      -7.28081703    
 NaN NaN
   155.543442      -6.39592171    
   648.389160      -6.39592171    
 NaN NaN
   150.709671      -5.51102638    
   667.185791      -5.51102638    
 NaN NaN
   145.903885      -4.62613106    
   690.973511      -4.62613106    
 NaN NaN
   138.623138      -3.74123573    
   727.105652      -3.74123573    
 NaN NaN
   132.022141      -2.85634041    
   760.014587      -2.85634041    
 NaN NaN
   126.221329      -1.97144485    
   771.423218      -1.97144485    
 NaN NaN
   121.710777      -1.08654952    
   777.525085      -1.08654952    
 NaN NaN
   117.245972     -0.201654136    
   782.465637     -0.201654136    
 NaN NaN
   112.912888      0.683241248    
   787.657959      0.683241248    
 NaN NaN
   108.265625       1.56813669    
   793.244873       1.56813669    
 NaN NaN
   101.927055       2.45303202    
   800.950867       2.45303202    
 NaN NaN
   79.5395050       3.33792734    
   808.249695       3.33792734    
 NaN NaN
   71.7835236       4.22282267    
   815.615295       4.22282267    
 NaN NaN
   69.3429184       5.10771799    
   838.728516       5.10771799    
 NaN NaN
   66.9023056       5.99261379    
   843.753601       5.99261379    
 NaN NaN
   26.4991627       6.87750912    
   38.6997681       6.87750912    
 NaN NaN
   64.4616928       6.87750912    
   852.342712       6.87750912    
 NaN NaN
   17.0395508       7.76240444    
   860.962646       7.76240444    
 NaN NaN
   13.3786345       8.64729977    
   866.595825       8.64729977    
 NaN NaN
   9.71771812       9.53219509    
   870.530396       9.53219509    
 NaN NaN
   3.09248829       10.4170904    
   874.907227       10.4170904    
 NaN NaN
   0.00000000       11.3019857    
   883.167175       11.3019857    
 NaN NaN
   0.00000000       12.1868811    
   883.167175       12.1868811    
 NaN NaN
   0.00000000       13.0717764    
   883.167175       13.0717764    
 NaN NaN
   0.00000000       13.9566717    
   883.167175       13.9566717    
 NaN NaN
   0.00000000       14.8415670    
   883.167175       14.8415670    
 NaN NaN
   0.00000000       15.7264624    
   883.167175       15.7264624    
 NaN NaN
   0.00000000       16.6113586    
   883.167175       16.6113586    
 NaN NaN
   0.00000000       17.4962540    
   883.167175       17.4962540    
 NaN NaN
   0.00000000       18.3811493    
   883.167175       18.3811493    
 NaN NaN
   0.00000000       19.2660446    
   883.167175       19.2660446    
 NaN NaN
   0.00000000       20.1509399    
   883.167175       20.1509399    
 NaN NaN
   0.00000000       21.0358353    
   883.167175       21.0358353    
 NaN NaN
   0.00000000       21.9207306    
   883.167175       21.9207306    
 NaN NaN
   0.00000000       22.8056259    
   883.167175       22.8056259    
 NaN NaN
   0.00000000       23.6905212    
   883.167175       23.6905212    
 NaN NaN
   0.00000000       24.5754166    
   883.167175       24.5754166    
 NaN NaN
   0.00000000       25.4603119    
   883.167175       25.4603119    
 NaN NaN
   0.00000000       26.3452072    
   883.167175       26.3452072    
 NaN NaN
   0.00000000       27.2301025    
   883.167175       27.2301025    
 NaN NaN
   0.00000000       28.1149979    
   883.167175       28.1149979    
 NaN NaN
   0.00000000       28.9998932    
   883.167175       28.9998932    
 NaN NaN
   0.00000000       29.8847885    
   883.167175       29.8847885    
 NaN NaN
   0.00000000       30.7696838    
   883.167175       30.7696838    
 NaN NaN
   0.00000000       31.6545792    
   883.167175       31.6545792    
 NaN NaN
   0.00000000       32.5394745    
   883.167175       32.5394745    
 NaN NaN
   0.00000000       33.4243698    
   883.167175       33.4243698    
 NaN NaN
   0.00000000       34.3092651    
   883.167175       34.3092651    
 NaN NaN
   0.00000000       35.1941605    
   883.167175       35.1941605    
 NaN NaN
   0.00000000       36.0790558    
   883.167175       36.0790558    
 NaN NaN
   0.00000000       36.9639511    
   883.167175       36.9639511    
 NaN NaN
   0.00000000       37.8488464    
   883.167175       37.8488464    
 NaN NaN
   0.00000000       38.7337418    
   883.167175       38.7337418    
 NaN NaN
   0.00000000       39.6186371    
   883.167175       39.6186371    
 NaN NaN
   0.00000000       40.5035324    
   883.167175       40.5035324    
 NaN NaN
   0.00000000       41.3884277    
   883.167175       41.3884277    
 NaN NaN
   0.00000000       42.2733231    
   883.167175       42.2733231    
 NaN NaN
   0.00000000       43.1582184    
   883.167175       43.1582184    
 NaN NaN
   0.00000000       44.0431137    
   883.167175       44.0431137    
 NaN NaN
   0.00000000       44.9280090    
   883.167175       44.9280090    
 NaN NaN
   0.00000000       45.8129044    
   883.167175       45.8129044    
 NaN NaN
   0.00000000       46.6977997    
   883.167175       46.6977997    
 NaN NaN
   0.00000000       47.5826950    
   883.167175       47.5826950    
 NaN NaN
   0.00000000       48.4675903    
   883.167175       48.4675903    
 NaN NaN
   0.00000000       49.3524857    
   883.167175       49.3524857    
 NaN NaN
   0.00000000       50.2373810    
   883.167175       50.2373810    
 NaN NaN
   0.00000000       51.1222763    
   883.167175       51.1222763    
 NaN NaN
   0.00000000       52.0071716    
   883.167175       52.0071716    
 NaN NaN
   0.00000000       52.8920708    
   883.167175       52.8920708    
 NaN NaN
   0.00000000       53.7769661    
   883.167175       53.7769661    
 NaN NaN
   0.00000000       54.6618614    
   883.167175       54.6618614    
 NaN NaN
   0.00000000       55.5467567    
   883.167175       55.5467567    
 NaN NaN
