   451.152466      -41.5220490    
   512.286987      -41.5220490    
 NaN NaN
   432.313690      -40.5214539    
   546.626526      -40.5214539    
 NaN NaN
   413.045013      -39.5208549    
   558.684143      -39.5208549    
 NaN NaN
   399.040588      -38.5202560    
   567.045410      -38.5202560    
 NaN NaN
   377.264038      -37.5196609    
   574.085999      -37.5196609    
 NaN NaN
   359.987030      -36.5190620    
   582.482727      -36.5190620    
 NaN NaN
   340.939941      -35.5184669    
   593.277771      -35.5184669    
 NaN NaN
   314.920044      -34.5178680    
   620.094055      -34.5178680    
 NaN NaN
   296.385956      -33.5172691    
   633.275879      -33.5172691    
 NaN NaN
   288.352814      -32.5166740    
   639.242920      -32.5166740    
 NaN NaN
   281.921936      -31.5160751    
   645.277710      -31.5160751    
 NaN NaN
   276.869049      -30.5154781    
   651.300110      -30.5154781    
 NaN NaN
   271.983582      -29.5148811    
   656.495789      -29.5148811    
 NaN NaN
   266.916107      -28.5142822    
   661.339539      -28.5142822    
 NaN NaN
   261.257629      -27.5136852    
   666.169922      -27.5136852    
 NaN NaN
   254.044403      -26.5130882    
   671.318359      -26.5130882    
 NaN NaN
   246.408020      -25.5124912    
   677.800659      -25.5124912    
 NaN NaN
   240.928970      -24.5118942    
   683.814392      -24.5118942    
 NaN NaN
   236.394577      -23.5112953    
   689.486145      -23.5112953    
 NaN NaN
   231.373016      -22.5106983    
   695.014771      -22.5106983    
 NaN NaN
   225.296860      -21.5101013    
   699.524414      -21.5101013    
 NaN NaN
   217.866653      -20.5095024    
   703.411194      -20.5095024    
 NaN NaN
   211.246277      -19.5089054    
   708.133057      -19.5089054    
 NaN NaN
   206.055405      -18.5083084    
   711.926941      -18.5083084    
 NaN NaN
   200.172195      -17.5077114    
   715.272522      -17.5077114    
 NaN NaN
   194.333405      -16.5071144    
   718.473816      -16.5071144    
 NaN NaN
   189.420792      -15.5065155    
   721.623901      -15.5065155    
 NaN NaN
   185.207306      -14.5059185    
   724.049377      -14.5059185    
 NaN NaN
   181.846298      -13.5053215    
   726.436584      -13.5053215    
 NaN NaN
   178.571533      -12.5047235    
   728.656006      -12.5047235    
 NaN NaN
   175.488846      -11.5041256    
   730.758423      -11.5041256    
 NaN NaN
   172.361786      -10.5035286    
   732.860779      -10.5035286    
 NaN NaN
   168.997742      -9.50293159    
   735.945007      -9.50293159    
 NaN NaN
   165.523743      -8.50233364    
   739.437012      -8.50233364    
 NaN NaN
   162.146637      -7.50173616    
   743.364990      -7.50173616    
 NaN NaN
   158.909485      -6.50113869    
   747.474487      -6.50113869    
 NaN NaN
   155.671753      -5.50054121    
   751.798035      -5.50054121    
 NaN NaN
   152.295837      -4.49994373    
   755.960510      -4.49994373    
 NaN NaN
   148.940720      -3.49934626    
   759.896851      -3.49934626    
 NaN NaN
   145.386215      -2.49874878    
   764.949463      -2.49874878    
 NaN NaN
   141.727783      -1.49815130    
   770.628113      -1.49815130    
 NaN NaN
   137.171051     -0.497553825    
   777.429260     -0.497553825    
 NaN NaN
   132.571869      0.503043652    
   785.579834      0.503043652    
 NaN NaN
   124.556099       1.50364113    
   796.551636       1.50364113    
 NaN NaN
   835.345337       1.50364113    
   848.670105       1.50364113    
 NaN NaN
   114.499352       2.50423861    
   815.061340       2.50423861    
 NaN NaN
   830.177856       2.50423861    
   902.285645       2.50423861    
 NaN NaN
   93.2132492       3.50483608    
   910.083557       3.50483608    
 NaN NaN
   89.9008789       4.50543356    
   917.864197       4.50543356    
 NaN NaN
   86.5885162       5.50603104    
   934.982849       5.50603104    
 NaN NaN
   8.41262722       6.50662851    
   48.8460922       6.50662851    
 NaN NaN
   64.3712921       6.50662851    
   940.976074       6.50662851    
 NaN NaN
   0.00000000       7.50722599    
   946.245483       7.50722599    
 NaN NaN
   0.00000000       8.50782394    
   946.245483       8.50782394    
 NaN NaN
   0.00000000       9.50842094    
   946.245483       9.50842094    
 NaN NaN
   0.00000000       10.5090179    
   946.245483       10.5090179    
 NaN NaN
   0.00000000       11.5096159    
   946.245483       11.5096159    
 NaN NaN
   0.00000000       12.5102139    
   946.245483       12.5102139    
 NaN NaN
   0.00000000       13.5108109    
   946.245483       13.5108109    
 NaN NaN
   0.00000000       14.5114079    
   946.245483       14.5114079    
 NaN NaN
   0.00000000       15.5120058    
   946.245483       15.5120058    
 NaN NaN
   0.00000000       16.5126038    
   946.245483       16.5126038    
 NaN NaN
   0.00000000       17.5132008    
   946.245483       17.5132008    
 NaN NaN
   0.00000000       18.5137978    
   946.245483       18.5137978    
 NaN NaN
   0.00000000       19.5143967    
   946.245483       19.5143967    
 NaN NaN
   0.00000000       20.5149937    
   946.245483       20.5149937    
 NaN NaN
   0.00000000       21.5155907    
   946.245483       21.5155907    
 NaN NaN
   0.00000000       22.5161877    
   946.245483       22.5161877    
 NaN NaN
   0.00000000       23.5167847    
   946.245483       23.5167847    
 NaN NaN
   0.00000000       24.5173836    
   946.245483       24.5173836    
 NaN NaN
   0.00000000       25.5179806    
   946.245483       25.5179806    
 NaN NaN
   0.00000000       26.5185776    
   946.245483       26.5185776    
 NaN NaN
   0.00000000       27.5191765    
   946.245483       27.5191765    
 NaN NaN
   0.00000000       28.5197735    
   946.245483       28.5197735    
 NaN NaN
   0.00000000       29.5203705    
   946.245483       29.5203705    
 NaN NaN
   0.00000000       30.5209675    
   946.245483       30.5209675    
 NaN NaN
   0.00000000       31.5215645    
   946.245483       31.5215645    
 NaN NaN
   0.00000000       32.5221634    
   946.245483       32.5221634    
 NaN NaN
   0.00000000       33.5227585    
   946.245483       33.5227585    
 NaN NaN
   0.00000000       34.5233574    
   946.245483       34.5233574    
 NaN NaN
   0.00000000       35.5239563    
   946.245483       35.5239563    
 NaN NaN
   0.00000000       36.5245514    
   946.245483       36.5245514    
 NaN NaN
   0.00000000       37.5251503    
   946.245483       37.5251503    
 NaN NaN
   0.00000000       38.5257492    
   946.245483       38.5257492    
 NaN NaN
   0.00000000       39.5263443    
   946.245483       39.5263443    
 NaN NaN
   0.00000000       40.5269432    
   946.245483       40.5269432    
 NaN NaN
   0.00000000       41.5275421    
   946.245483       41.5275421    
 NaN NaN
   0.00000000       42.5281372    
   946.245483       42.5281372    
 NaN NaN
   0.00000000       43.5287361    
   946.245483       43.5287361    
 NaN NaN
   0.00000000       44.5293312    
   946.245483       44.5293312    
 NaN NaN
   0.00000000       45.5299301    
   946.245483       45.5299301    
 NaN NaN
   0.00000000       46.5305290    
   946.245483       46.5305290    
 NaN NaN
   0.00000000       47.5311241    
   946.245483       47.5311241    
 NaN NaN
   0.00000000       48.5317230    
   946.245483       48.5317230    
 NaN NaN
   0.00000000       49.5323181    
   946.245483       49.5323181    
 NaN NaN
   0.00000000       50.5329170    
   946.245483       50.5329170    
 NaN NaN
   0.00000000       51.5335159    
   946.245483       51.5335159    
 NaN NaN
   0.00000000       52.5341110    
   946.245483       52.5341110    
 NaN NaN
   0.00000000       53.5347099    
   946.245483       53.5347099    
 NaN NaN
   0.00000000       54.5353088    
   946.245483       54.5353088    
 NaN NaN
   0.00000000       55.5359039    
   946.245483       55.5359039    
 NaN NaN
   0.00000000       56.5365028    
   946.245483       56.5365028    
 NaN NaN
   0.00000000       57.5371017    
   946.245483       57.5371017    
 NaN NaN
