	RS=138.83* 
0	9.113519884
8.162544209	8.75995193
9.576816023	8.619744209
16.32203977	7.333487837
19.15667953	6.906767953
24.48458456	6.501383977
25.38679228	6.455664093
28.73349498	6.284976256
32.64407953	6.227064093
38.30726409	6.111239767
40.80662549	6.083807721
47.88712819	5.782055791
48.96611814	5.739383977
57.12866177	5.586983977
57.46394363	5.590032047
65.29121005	5.0292
66.90664633	4.782311872
74.79182549	3.617975965
75.75194363	3.413759942
84.29243628	0.789431974
84.60333823	0.697991988
93.44863088	-2.523743919
93.79305637	-2.67309614
102.2939235	-6.498335907
103.2936765	-6.915912163
111.1422765	-10.16812819
112.7942873	-10.74115251
119.9875691	-13.17345637
122.2949073	-13.96898456
128.8359127	-15.94408842
131.7955181	-16.66036795
137.6842564	-17.98015251
141.2961382	-18.58365637
146.529549	-19.48586409
150.796749	-20.18080772
155.374851	-20.94280772
160.2973598	-21.69261544
164.2231853	-22.26564093
169.7979892	-22.99411274
173.0684873	-23.40559228
179.295549	-24.06395907
181.9168402	-24.28036912
188.7961598	-24.84424865
190.7621235	-25.01798456
198.2998402	-25.82570502
199.6104765	-25.97810502
207.800451	-26.91079228
208.4557598	-26.9748
217.3010618	-27.32532047
226.234749	-26.47492819
226.615749	-26.42920772
235.1653853	-25.35631274
235.9273853	-25.28011274
244.0929892	-24.55773591
245.2420726	-24.48763088
253.0266765	-24.06091274
254.5537274	-23.99080772
261.9542618	-23.67381544
263.8653637	-23.60371274
270.884898	-23.37511274
273.180051	-23.30805637
279.8185853	-23.14651274
282.4916873	-23.07640772
288.7461892	-22.89962316
291.8063745	-22.80513591
297.6768255	-22.60396912
301.1180108	-22.48814363
306.6074618	-22.31745637
310.432698	-22.26259228
315.538098	-22.24125637
319.7474039	-22.26259228
324.4687529	-22.30831274
329.0590216	-22.23515907
333.3993706	-22.12238456
338.3737274	-21.88464093
342.3300255	-21.66518456
347.6853451	-21.4122
351.2576294	-21.24151274
357.000051	-21.01900772
360.191298	-20.90927953
366.3117059	-20.72335135
369.1219529	-20.64105637
375.6263745	-20.37283088
378.0495196	-20.26310502
384.9380294	-19.9644
386.9801745	-19.88210502
394.2496471	-19.63216912
395.9108294	-19.57120772
403.5643529	-19.27250386
404.8414471	-19.22983205
412.8759706	-19.05609614
413.772102	-19.03780772
422.1906765	-18.8976
422.7027196	-18.88845637
431.5053451	-18.68119228
431.6333745	-18.67814363
440.5609784	-18.24532819
440.820051	-18.23313591
449.4946471	-17.84908842
450.1317059	-17.82470386
458.425302	-17.54428842
459.4433235	-17.49856795
467.3529059	-17.18767181
468.7580294	-17.13890386
476.2865745	-16.87677567
478.0696471	-16.79447953
485.2141784	-16.46834363
487.3843529	-16.37690386
494.1447961	-16.08429614
496.6959706	-16.002
503.078502	-15.80692819
506.0106765	-15.74596795
512.0061059	-15.65147953
515.3222941	-15.61185637
520.9367235	-15.56003977
524.633949	-15.49298456
529.8673784	-15.40459228
533.9517059	-15.34058456
538.7979961	-15.24609614
543.2633235	-15.1638
547.728651	-15.0876
552.5780294	-14.99006409
556.6593059	-14.91386409
561.8896471	-14.81632819
565.5899235	-14.74012819
571.2043529	-14.60296795
574.5175274	-14.52067181
580.5159706	-14.34388842
583.4511961	-14.25244749
589.8276255	-14.0208
592.381851	-13.92326409
599.1422941	-13.70685637
601.3094549	-13.63370386
608.453949	-13.44167953
610.2431235	-13.38986409
617.7686549	-13.18869614
619.1707274	-13.15212047
627.0803098	-12.97838456
628.1013451	-12.96009614
636.3979922	-12.78940772
637.035051	-12.77721544
645.7096471	-12.56385637
645.9626549	-12.55776023
654.8933098	-12.29563205
655.021302	-12.29258456
663.8238902	-12.14627953
664.3360078	-12.14018456
672.7545451	-12.06093591
673.6475883	-12.05483977
681.6852	-12.01521544
682.9622941	-12.00912047
690.6158549	-11.97863977
692.273949	-11.96035251
699.5465098	-11.87500772
701.5886549	-11.82623977
708.4740393	-11.66774363
710.9003098	-11.5062
717.4077451	-11.08557567
720.2118902	-10.87526409
726.3384	-10.4394
729.5265961	-10.21384749
735.2660039	-9.82370386
738.841302	-9.610344209
744.1997098	-9.244583977
748.1560078	-9.006839767
753.1302902	-8.674607721
757.4675883	-8.372855791
762.0609451	-8.07110386
766.7822941	-7.744967953
770.9916	-7.409687837
776.093949	-6.903719884
779.9192039	-6.455664093
785.4056039	-5.672328186
788.8529098	-5.172455791
794.7203098	-4.358640058
797.7834902	-3.922775965
804.0318902	-3.163824035
806.7110941	-2.82244807
813.3465961	-1.871471959
815.2912588	-1.563624035
815.6448	-1.508759942
822.658251	-0.612647997
824.5724039	-0.329184013
831.9760078	0.402336016
833.5030588	0.512063984
841.2875883	1.139952003
842.4366902	1.2192
846.9081568	1.4478
850.5992432	1.636775965
851.3642941	1.694687983
859.913949	3.112008012
860.294949	3.218688128
869.2256039	5.7912
875.8672078	5.922264093
882.5117883	6.031992279
889.1533922	6.108192279
895.7980471	6.656832047
902.439651	8.08329614
	
