   325.333466      -37.4925957    
   393.724854      -37.4925957    
 NaN NaN
   262.070679      -36.6230621    
   408.156219      -36.6230621    
 NaN NaN
   250.980438      -35.7535286    
   419.356354      -35.7535286    
 NaN NaN
   244.791779      -34.8839951    
   427.131653      -34.8839951    
 NaN NaN
   240.936356      -34.0144615    
   433.580505      -34.0144615    
 NaN NaN
   237.088150      -33.1449280    
   440.872375      -33.1449280    
 NaN NaN
   229.542542      -32.2753944    
   451.726471      -32.2753944    
 NaN NaN
   222.372101      -31.4058609    
   467.335754      -31.4058609    
 NaN NaN
   217.056641      -30.5363274    
   482.079895      -30.5363274    
 NaN NaN
   214.651062      -29.6667938    
   495.333344      -29.6667938    
 NaN NaN
   212.245483      -28.7972603    
   505.620422      -28.7972603    
 NaN NaN
   209.839905      -27.9277267    
   518.564331      -27.9277267    
 NaN NaN
   207.378510      -27.0581932    
   528.318054      -27.0581932    
 NaN NaN
   204.848190      -26.1886597    
   541.890381      -26.1886597    
 NaN NaN
   202.317856      -25.3191261    
   553.726074      -25.3191261    
 NaN NaN
   199.787537      -24.4495926    
   563.606384      -24.4495926    
 NaN NaN
   197.003937      -23.5800610    
   572.464355      -23.5800610    
 NaN NaN
   194.180801      -22.7105274    
   581.596252      -22.7105274    
 NaN NaN
   191.357666      -21.8409939    
   591.029236      -21.8409939    
 NaN NaN
   188.195023      -20.9714603    
   600.177124      -20.9714603    
 NaN NaN
   184.852814      -20.1019268    
   612.970825      -20.1019268    
 NaN NaN
   181.510620      -19.2323933    
   624.006104      -19.2323933    
 NaN NaN
   179.335007      -18.3628597    
   635.274048      -18.3628597    
 NaN NaN
   177.232574      -17.4933262    
   649.422485      -17.4933262    
 NaN NaN
   175.130142      -16.6237926    
   665.641052      -16.6237926    
 NaN NaN
   173.027710      -15.7542591    
   681.990112      -15.7542591    
 NaN NaN
   170.927429      -14.8847256    
   700.744751      -14.8847256    
 NaN NaN
   168.828400      -14.0151920    
   715.937622      -14.0151920    
 NaN NaN
   166.729385      -13.1456585    
   730.633362      -13.1456585    
 NaN NaN
   164.630356      -12.2761250    
   768.380737      -12.2761250    
 NaN NaN
   162.494766      -11.4065914    
   772.884460      -11.4065914    
 NaN NaN
   160.278091      -10.5370579    
   775.710693      -10.5370579    
 NaN NaN
   158.061417      -9.66752434    
   778.536926      -9.66752434    
 NaN NaN
   155.844742      -8.79799080    
   780.661987      -8.79799080    
 NaN NaN
   153.465439      -7.92845726    
   782.328735      -7.92845726    
 NaN NaN
   150.510010      -7.05892372    
   783.995544      -7.05892372    
 NaN NaN
   147.554596      -6.18939066    
   785.662354      -6.18939066    
 NaN NaN
   144.604782      -5.31985712    
   787.329163      -5.31985712    
 NaN NaN
   141.686050      -4.45032358    
   789.099182      -4.45032358    
 NaN NaN
   138.767319      -3.58079004    
   791.393799      -3.58079004    
 NaN NaN
   135.814835      -2.71125650    
   793.688354      -2.71125650    
 NaN NaN
   132.181595      -1.84172308    
   795.982910      -1.84172308    
 NaN NaN
   128.548370     -0.972189605    
   798.543518     -0.972189605    
 NaN NaN
   124.037773     -0.102656126    
   802.081116     -0.102656126    
 NaN NaN
   118.813545      0.766877353    
   805.618713      0.766877353    
 NaN NaN
   108.413200       1.63641083    
   810.717163       1.63641083    
 NaN NaN
   102.231529       2.50594425    
   818.279968       2.50594425    
 NaN NaN
   894.878418       2.50594425    
   960.469177       2.50594425    
 NaN NaN
   972.817749       2.50594425    
   1002.26880       2.50594425    
 NaN NaN
   14.7448168       3.37547779    
   64.6835251       3.37547779    
 NaN NaN
   94.7667923       3.37547779    
   1009.50305       3.37547779    
 NaN NaN
   8.01913548       4.24501133    
   79.2705765       4.24501133    
 NaN NaN
   83.2866974       4.24501133    
   1014.27588       4.24501133    
 NaN NaN
   0.00000000       5.11454487    
   1024.43274       5.11454487    
 NaN NaN
   0.00000000       5.98407841    
   1024.43274       5.98407841    
 NaN NaN
   0.00000000       6.85361195    
   1024.43274       6.85361195    
 NaN NaN
   0.00000000       7.72314501    
   1024.43274       7.72314501    
 NaN NaN
   0.00000000       8.59267902    
   1024.43274       8.59267902    
 NaN NaN
   0.00000000       9.46221256    
   1024.43274       9.46221256    
 NaN NaN
   0.00000000       10.3317451    
   1024.43274       10.3317451    
 NaN NaN
   0.00000000       11.2012787    
   1024.43274       11.2012787    
 NaN NaN
   0.00000000       12.0708122    
   1024.43274       12.0708122    
 NaN NaN
   0.00000000       12.9403458    
   1024.43274       12.9403458    
 NaN NaN
   0.00000000       13.8098793    
   1024.43274       13.8098793    
 NaN NaN
   0.00000000       14.6794128    
   1024.43274       14.6794128    
 NaN NaN
   0.00000000       15.5489464    
   1024.43274       15.5489464    
 NaN NaN
   0.00000000       16.4184799    
   1024.43274       16.4184799    
 NaN NaN
   0.00000000       17.2880135    
   1024.43274       17.2880135    
 NaN NaN
   0.00000000       18.1575470    
   1024.43274       18.1575470    
 NaN NaN
   0.00000000       19.0270805    
   1024.43274       19.0270805    
 NaN NaN
   0.00000000       19.8966141    
   1024.43274       19.8966141    
 NaN NaN
   0.00000000       20.7661476    
   1024.43274       20.7661476    
 NaN NaN
   0.00000000       21.6356812    
   1024.43274       21.6356812    
 NaN NaN
   0.00000000       22.5052147    
   1024.43274       22.5052147    
 NaN NaN
   0.00000000       23.3747482    
   1024.43274       23.3747482    
 NaN NaN
   0.00000000       24.2442818    
   1024.43274       24.2442818    
 NaN NaN
   0.00000000       25.1138153    
   1024.43274       25.1138153    
 NaN NaN
   0.00000000       25.9833488    
   1024.43274       25.9833488    
 NaN NaN
   0.00000000       26.8528824    
   1024.43274       26.8528824    
 NaN NaN
   0.00000000       27.7224159    
   1024.43274       27.7224159    
 NaN NaN
   0.00000000       28.5919495    
   1024.43274       28.5919495    
 NaN NaN
   0.00000000       29.4614830    
   1024.43274       29.4614830    
 NaN NaN
   0.00000000       30.3310165    
   1024.43274       30.3310165    
 NaN NaN
   0.00000000       31.2005501    
   1024.43274       31.2005501    
 NaN NaN
   0.00000000       32.0700836    
   1024.43274       32.0700836    
 NaN NaN
   0.00000000       32.9396172    
   1024.43274       32.9396172    
 NaN NaN
   0.00000000       33.8091507    
   1024.43274       33.8091507    
 NaN NaN
   0.00000000       34.6786842    
   1024.43274       34.6786842    
 NaN NaN
   0.00000000       35.5482178    
   1024.43274       35.5482178    
 NaN NaN
   0.00000000       36.4177513    
   1024.43274       36.4177513    
 NaN NaN
   0.00000000       37.2872849    
   1024.43274       37.2872849    
 NaN NaN
   0.00000000       38.1568184    
   1024.43274       38.1568184    
 NaN NaN
   0.00000000       39.0263519    
   1024.43274       39.0263519    
 NaN NaN
   0.00000000       39.8958855    
   1024.43274       39.8958855    
 NaN NaN
   0.00000000       40.7654190    
   1024.43274       40.7654190    
 NaN NaN
   0.00000000       41.6349525    
   1024.43274       41.6349525    
 NaN NaN
   0.00000000       42.5044861    
   1024.43274       42.5044861    
 NaN NaN
   0.00000000       43.3740196    
   1024.43274       43.3740196    
 NaN NaN
   0.00000000       44.2435532    
   1024.43274       44.2435532    
 NaN NaN
   0.00000000       45.1130829    
   1024.43274       45.1130829    
 NaN NaN
   0.00000000       45.9826164    
   1024.43274       45.9826164    
 NaN NaN
   0.00000000       46.8521500    
   1024.43274       46.8521500    
 NaN NaN
   0.00000000       47.7216835    
   1024.43274       47.7216835    
 NaN NaN
   0.00000000       48.5912170    
   1024.43274       48.5912170    
 NaN NaN
