   235.968750      -24.5141506    
   267.782043      -24.5141506    
 NaN NaN
   229.863251      -23.8243885    
   278.338226      -23.8243885    
 NaN NaN
   224.469086      -23.1346264    
   289.319122      -23.1346264    
 NaN NaN
   219.593323      -22.4448624    
   303.718201      -22.4448624    
 NaN NaN
   216.054260      -21.7551003    
   315.733032      -21.7551003    
 NaN NaN
   213.051529      -21.0653381    
   328.350708      -21.0653381    
 NaN NaN
   210.048798      -20.3755760    
   345.308929      -20.3755760    
 NaN NaN
   207.546799      -19.6858139    
   377.745697      -19.6858139    
 NaN NaN
   205.273254      -18.9960518    
   398.881042      -18.9960518    
 NaN NaN
   202.999695      -18.3062878    
   418.691528      -18.3062878    
 NaN NaN
   200.726151      -17.6165257    
   449.657837      -17.6165257    
 NaN NaN
   198.372711      -16.9267635    
   487.823456      -16.9267635    
 NaN NaN
   195.982986      -16.2370014    
   610.253540      -16.2370014    
 NaN NaN
   193.593246      -15.5472393    
   655.489624      -15.5472393    
 NaN NaN
   735.019104      -15.5472393    
   785.298035      -15.5472393    
 NaN NaN
   191.203522      -14.8574762    
   800.655945      -14.8574762    
 NaN NaN
   187.921005      -14.1677141    
   809.224548      -14.1677141    
 NaN NaN
   184.520065      -13.4779520    
   814.800659      -13.4779520    
 NaN NaN
   180.726440      -12.7881889    
   819.940857      -12.7881889    
 NaN NaN
   175.450638      -12.0984268    
   824.375244      -12.0984268    
 NaN NaN
   170.874008      -11.4086647    
   828.488037      -11.4086647    
 NaN NaN
   167.036545      -10.7189016    
   831.951904      -10.7189016    
 NaN NaN
   163.329834      -10.0291395    
   835.415771      -10.0291395    
 NaN NaN
   160.604584      -9.33937740    
   838.479797      -9.33937740    
 NaN NaN
   157.879333      -8.64961433    
   841.377808      -8.64961433    
 NaN NaN
   155.154099      -7.95985222    
   844.275757      -7.95985222    
 NaN NaN
   152.408920      -7.27009010    
   847.176086      -7.27009010    
 NaN NaN
   149.658173      -6.58032751    
   850.078186      -6.58032751    
 NaN NaN
   146.907425      -5.89056492    
   852.980225      -5.89056492    
 NaN NaN
   144.316483      -5.20080280    
   855.932373      -5.20080280    
 NaN NaN
   141.901505      -4.51104021    
   858.949341      -4.51104021    
 NaN NaN
   139.486526      -3.82127786    
   861.966248      -3.82127786    
 NaN NaN
   137.071548      -3.13151550    
   865.164185      -3.13151550    
 NaN NaN
   134.567535      -2.44175315    
   868.609497      -2.44175315    
 NaN NaN
   132.027328      -1.75199068    
   872.054871      -1.75199068    
 NaN NaN
   129.487137      -1.06222820    
   875.629211      -1.06222820    
 NaN NaN
   126.959259     -0.372465849    
   879.238953     -0.372465849    
 NaN NaN
   124.512695      0.317296565    
   882.961487      0.317296565    
 NaN NaN
   122.066132       1.00705898    
   886.995911       1.00705898    
 NaN NaN
   119.619568       1.69682145    
   891.095276       1.69682145    
 NaN NaN
   116.934662       2.38658381    
   900.583740       2.38658381    
 NaN NaN
   113.914291       3.07634616    
   909.923279       3.07634616    
 NaN NaN
   110.893921       3.76610851    
   916.969666       3.76610851    
 NaN NaN
   96.7223587       4.45587111    
   920.712952       4.45587111    
 NaN NaN
   76.7283401       5.14563370    
   923.716736       5.14563370    
 NaN NaN
   67.3211746       5.83539581    
   926.720459       5.83539581    
 NaN NaN
   930.980225       5.83539581    
   972.297363       5.83539581    
 NaN NaN
   22.2702312       6.52515841    
   41.1253242       6.52515841    
 NaN NaN
   57.3860664       6.52515841    
   977.587585       6.52515841    
 NaN NaN
   16.1657810       7.21492052    
   982.369995       7.21492052    
 NaN NaN
   12.6545820       7.90468311    
   986.436340       7.90468311    
 NaN NaN
   9.14338589       8.59444523    
   990.502686       8.59444523    
 NaN NaN
   0.00000000       9.28420830    
   990.993225       9.28420830    
 NaN NaN
   0.00000000       9.97397041    
   990.993225       9.97397041    
 NaN NaN
   0.00000000       10.6637325    
   990.993225       10.6637325    
 NaN NaN
   0.00000000       11.3534956    
   990.993225       11.3534956    
 NaN NaN
   0.00000000       12.0432577    
   990.993225       12.0432577    
 NaN NaN
   0.00000000       12.7330198    
   990.993225       12.7330198    
 NaN NaN
   0.00000000       13.4227829    
   990.993225       13.4227829    
 NaN NaN
   0.00000000       14.1125450    
   990.993225       14.1125450    
 NaN NaN
   0.00000000       14.8023071    
   990.993225       14.8023071    
 NaN NaN
   0.00000000       15.4920692    
   990.993225       15.4920692    
 NaN NaN
   0.00000000       16.1818314    
   990.993225       16.1818314    
 NaN NaN
   0.00000000       16.8715954    
   990.993225       16.8715954    
 NaN NaN
   0.00000000       17.5613575    
   990.993225       17.5613575    
 NaN NaN
   0.00000000       18.2511196    
   990.993225       18.2511196    
 NaN NaN
   0.00000000       18.9408817    
   990.993225       18.9408817    
 NaN NaN
   0.00000000       19.6306438    
   990.993225       19.6306438    
 NaN NaN
   0.00000000       20.3204060    
   990.993225       20.3204060    
 NaN NaN
   0.00000000       21.0101681    
   990.993225       21.0101681    
 NaN NaN
   0.00000000       21.6999321    
   990.993225       21.6999321    
 NaN NaN
   0.00000000       22.3896942    
   990.993225       22.3896942    
 NaN NaN
   0.00000000       23.0794563    
   990.993225       23.0794563    
 NaN NaN
   0.00000000       23.7692184    
   990.993225       23.7692184    
 NaN NaN
   0.00000000       24.4589806    
   990.993225       24.4589806    
 NaN NaN
   0.00000000       25.1487427    
   990.993225       25.1487427    
 NaN NaN
   0.00000000       25.8385067    
   990.993225       25.8385067    
 NaN NaN
   0.00000000       26.5282688    
   990.993225       26.5282688    
 NaN NaN
   0.00000000       27.2180309    
   990.993225       27.2180309    
 NaN NaN
   0.00000000       27.9077930    
   990.993225       27.9077930    
 NaN NaN
   0.00000000       28.5975552    
   990.993225       28.5975552    
 NaN NaN
   0.00000000       29.2873173    
   990.993225       29.2873173    
 NaN NaN
   0.00000000       29.9770813    
   990.993225       29.9770813    
 NaN NaN
   0.00000000       30.6668434    
   990.993225       30.6668434    
 NaN NaN
   0.00000000       31.3566055    
   990.993225       31.3566055    
 NaN NaN
   0.00000000       32.0463676    
   990.993225       32.0463676    
 NaN NaN
   0.00000000       32.7361298    
   990.993225       32.7361298    
 NaN NaN
   0.00000000       33.4258919    
   990.993225       33.4258919    
 NaN NaN
   0.00000000       34.1156540    
   990.993225       34.1156540    
 NaN NaN
   0.00000000       34.8054161    
   990.993225       34.8054161    
 NaN NaN
   0.00000000       35.4951782    
   990.993225       35.4951782    
 NaN NaN
   0.00000000       36.1849403    
   990.993225       36.1849403    
 NaN NaN
   0.00000000       36.8747063    
   990.993225       36.8747063    
 NaN NaN
   0.00000000       37.5644684    
   990.993225       37.5644684    
 NaN NaN
   0.00000000       38.2542305    
   990.993225       38.2542305    
 NaN NaN
   0.00000000       38.9439926    
   990.993225       38.9439926    
 NaN NaN
   0.00000000       39.6337547    
   990.993225       39.6337547    
 NaN NaN
   0.00000000       40.3235168    
   990.993225       40.3235168    
 NaN NaN
   0.00000000       41.0132790    
   990.993225       41.0132790    
 NaN NaN
   0.00000000       41.7030411    
   990.993225       41.7030411    
 NaN NaN
   0.00000000       42.3928032    
   990.993225       42.3928032    
 NaN NaN
   0.00000000       43.0825653    
   990.993225       43.0825653    
 NaN NaN
   0.00000000       43.7723274    
   990.993225       43.7723274    
 NaN NaN
