   817.137695      -23.6216946    
   817.197388      -23.6216946    
 NaN NaN
   839.311462      -23.6216946    
   882.615540      -23.6216946    
 NaN NaN
   797.574646      -22.9904537    
   941.389404      -22.9904537    
 NaN NaN
   722.849365      -22.3592129    
   729.438354      -22.3592129    
 NaN NaN
   784.719666      -22.3592129    
   953.723755      -22.3592129    
 NaN NaN
   684.740540      -21.7279720    
   960.809875      -21.7279720    
 NaN NaN
   663.586548      -21.0967312    
   966.306885      -21.0967312    
 NaN NaN
   613.490295      -20.4654903    
   971.461853      -20.4654903    
 NaN NaN
   587.919373      -19.8342495    
   976.453003      -19.8342495    
 NaN NaN
   567.606689      -19.2030087    
   981.773682      -19.2030087    
 NaN NaN
   554.316833      -18.5717678    
   987.408508      -18.5717678    
 NaN NaN
   538.988708      -17.9405270    
   993.011108      -17.9405270    
 NaN NaN
   456.695129      -17.3092861    
   471.405640      -17.3092861    
 NaN NaN
   477.190369      -17.3092861    
   998.372009      -17.3092861    
 NaN NaN
   442.767426      -16.6780453    
   1003.13525      -16.6780453    
 NaN NaN
   433.463226      -16.0468044    
   1007.27716      -16.0468044    
 NaN NaN
   423.055969      -15.4155645    
   1011.37073      -15.4155645    
 NaN NaN
   414.200806      -14.7843237    
   1014.31946      -14.7843237    
 NaN NaN
   404.270874      -14.1530828    
   1017.02917      -14.1530828    
 NaN NaN
   396.212006      -13.5218420    
   1019.73883      -13.5218420    
 NaN NaN
   388.582794      -12.8906012    
   1022.42529      -12.8906012    
 NaN NaN
   382.793945      -12.2593603    
   1025.29541      -12.2593603    
 NaN NaN
   378.014008      -11.6281195    
   1028.12927      -11.6281195    
 NaN NaN
   373.480194      -10.9968786    
   1030.89246      -10.9968786    
 NaN NaN
   369.161346      -10.3656378    
   1033.65125      -10.3656378    
 NaN NaN
   365.018921      -9.73439693    
   1036.61182      -9.73439693    
 NaN NaN
   360.884186      -9.10315704    
   1039.60876      -9.10315704    
 NaN NaN
   356.907288      -8.47191620    
   1042.52710      -8.47191620    
 NaN NaN
   353.019989      -7.84067488    
   1045.23438      -7.84067488    
 NaN NaN
   347.271790      -7.20943403    
   1047.03760      -7.20943403    
 NaN NaN
   340.341644      -6.57819366    
   1048.67554      -6.57819366    
 NaN NaN
   334.820190      -5.94695282    
   1050.31238      -5.94695282    
 NaN NaN
   330.201141      -5.31571198    
   1051.94922      -5.31571198    
 NaN NaN
   324.665680      -4.68447113    
   1053.58606      -4.68447113    
 NaN NaN
   317.411987      -4.05323029    
   1054.95349      -4.05323029    
 NaN NaN
   314.694763      -3.42198944    
   1056.37610      -3.42198944    
 NaN NaN
   311.977509      -2.79074860    
   1057.97363      -2.79074860    
 NaN NaN
   309.761719      -2.15950799    
   1059.57129      -2.15950799    
 NaN NaN
   308.231323      -1.52826715    
   1060.66272      -1.52826715    
 NaN NaN
   306.700928     -0.897026360    
   1061.33789     -0.897026360    
 NaN NaN
   304.904541     -0.265785575    
   1062.01294     -0.265785575    
 NaN NaN
   302.739471      0.365455210    
   1062.68799      0.365455210    
 NaN NaN
   300.679993      0.996695995    
   1063.36304      0.996695995    
 NaN NaN
   298.652466       1.62793684    
   1064.03821       1.62793684    
 NaN NaN
   296.624939       2.25917768    
   1064.71326       2.25917768    
 NaN NaN
   294.597412       2.89041829    
   1065.38831       2.89041829    
 NaN NaN
   220.394028       3.52165914    
   261.849731       3.52165914    
 NaN NaN
   280.888062       3.52165914    
   1066.06335       3.52165914    
 NaN NaN
   166.878998       4.15289974    
   1066.73840       4.15289974    
 NaN NaN
   62.7891121       4.78414059    
   1070.08118       4.78414059    
 NaN NaN
   16.4317036       5.41538143    
   1077.08362       5.41538143    
 NaN NaN
   12.2329712       6.04662228    
   1095.14185       6.04662228    
 NaN NaN
   6.78584099       6.67786312    
   1108.99036       6.67786312    
 NaN NaN
   0.00000000       7.30910397    
   1108.99036       7.30910397    
 NaN NaN
   0.00000000       7.94034481    
   1108.99036       7.94034481    
 NaN NaN
   0.00000000       8.57158566    
   1108.99036       8.57158566    
 NaN NaN
   0.00000000       9.20282650    
   1108.99036       9.20282650    
 NaN NaN
   0.00000000       9.83406734    
   1108.99036       9.83406734    
 NaN NaN
   0.00000000       10.4653082    
   1108.99036       10.4653082    
 NaN NaN
   0.00000000       11.0965481    
   1108.99036       11.0965481    
 NaN NaN
   0.00000000       11.7277889    
   1108.99036       11.7277889    
 NaN NaN
   0.00000000       12.3590298    
   1108.99036       12.3590298    
 NaN NaN
   0.00000000       12.9902706    
   1108.99036       12.9902706    
 NaN NaN
   0.00000000       13.6215115    
   1108.99036       13.6215115    
 NaN NaN
   0.00000000       14.2527523    
   1108.99036       14.2527523    
 NaN NaN
   0.00000000       14.8839931    
   1108.99036       14.8839931    
 NaN NaN
   0.00000000       15.5152340    
   1108.99036       15.5152340    
 NaN NaN
   0.00000000       16.1464748    
   1108.99036       16.1464748    
 NaN NaN
   0.00000000       16.7777157    
   1108.99036       16.7777157    
 NaN NaN
   0.00000000       17.4089565    
   1108.99036       17.4089565    
 NaN NaN
   0.00000000       18.0401974    
   1108.99036       18.0401974    
 NaN NaN
   0.00000000       18.6714382    
   1108.99036       18.6714382    
 NaN NaN
   0.00000000       19.3026791    
   1108.99036       19.3026791    
 NaN NaN
   0.00000000       19.9339199    
   1108.99036       19.9339199    
 NaN NaN
   0.00000000       20.5651608    
   1108.99036       20.5651608    
 NaN NaN
   0.00000000       21.1964016    
   1108.99036       21.1964016    
 NaN NaN
   0.00000000       21.8276424    
   1108.99036       21.8276424    
 NaN NaN
   0.00000000       22.4588833    
   1108.99036       22.4588833    
 NaN NaN
   0.00000000       23.0901241    
   1108.99036       23.0901241    
 NaN NaN
   0.00000000       23.7213650    
   1108.99036       23.7213650    
 NaN NaN
   0.00000000       24.3526058    
   1108.99036       24.3526058    
 NaN NaN
   0.00000000       24.9838467    
   1108.99036       24.9838467    
 NaN NaN
   0.00000000       25.6150875    
   1108.99036       25.6150875    
 NaN NaN
   0.00000000       26.2463264    
   1108.99036       26.2463264    
 NaN NaN
   0.00000000       26.8775673    
   1108.99036       26.8775673    
 NaN NaN
   0.00000000       27.5088081    
   1108.99036       27.5088081    
 NaN NaN
   0.00000000       28.1400490    
   1108.99036       28.1400490    
 NaN NaN
   0.00000000       28.7712898    
   1108.99036       28.7712898    
 NaN NaN
   0.00000000       29.4025307    
   1108.99036       29.4025307    
 NaN NaN
   0.00000000       30.0337715    
   1108.99036       30.0337715    
 NaN NaN
   0.00000000       30.6650124    
   1108.99036       30.6650124    
 NaN NaN
   0.00000000       31.2962532    
   1108.99036       31.2962532    
 NaN NaN
   0.00000000       31.9274940    
   1108.99036       31.9274940    
 NaN NaN
   0.00000000       32.5587349    
   1108.99036       32.5587349    
 NaN NaN
   0.00000000       33.1899757    
   1108.99036       33.1899757    
 NaN NaN
   0.00000000       33.8212166    
   1108.99036       33.8212166    
 NaN NaN
   0.00000000       34.4524574    
   1108.99036       34.4524574    
 NaN NaN
   0.00000000       35.0836983    
   1108.99036       35.0836983    
 NaN NaN
   0.00000000       35.7149391    
   1108.99036       35.7149391    
 NaN NaN
   0.00000000       36.3461800    
   1108.99036       36.3461800    
 NaN NaN
   0.00000000       36.9774208    
   1108.99036       36.9774208    
 NaN NaN
   0.00000000       37.6086617    
   1108.99036       37.6086617    
 NaN NaN
   0.00000000       38.2399025    
   1108.99036       38.2399025    
 NaN NaN
   0.00000000       38.8711433    
   1108.99036       38.8711433    
 NaN NaN
