   686.942871      -36.8019180    
   709.331238      -36.8019180    
 NaN NaN
   682.540955      -35.8939819    
   714.420044      -35.8939819    
 NaN NaN
   678.287720      -34.9860420    
   718.759155      -34.9860420    
 NaN NaN
   673.203186      -34.0781059    
   722.949036      -34.0781059    
 NaN NaN
   627.187622      -33.1701660    
   627.988586      -33.1701660    
 NaN NaN
   667.211487      -33.1701660    
   727.676941      -33.1701660    
 NaN NaN
   601.183411      -32.2622299    
   732.788269      -32.2622299    
 NaN NaN
   584.819153      -31.3542900    
   738.377686      -31.3542900    
 NaN NaN
   567.962341      -30.4463520    
   744.407593      -30.4463520    
 NaN NaN
   554.233582      -29.5384140    
   751.680237      -29.5384140    
 NaN NaN
   544.728333      -28.6304760    
   759.308350      -28.6304760    
 NaN NaN
   537.597107      -27.7225380    
   766.018433      -27.7225380    
 NaN NaN
   530.549133      -26.8145981    
   773.343384      -26.8145981    
 NaN NaN
   524.431396      -25.9066601    
   779.980164      -25.9066601    
 NaN NaN
   519.077698      -24.9987221    
   784.431519      -24.9987221    
 NaN NaN
   513.244873      -24.0907841    
   788.825317      -24.0907841    
 NaN NaN
   507.130280      -23.1828461    
   791.935974      -23.1828461    
 NaN NaN
   499.908997      -22.2749081    
   795.021240      -22.2749081    
 NaN NaN
   492.592468      -21.3669701    
   798.019714      -21.3669701    
 NaN NaN
   485.572845      -20.4590321    
   800.702271      -20.4590321    
 NaN NaN
   479.392365      -19.5510941    
   803.384888      -19.5510941    
 NaN NaN
   472.820709      -18.6431541    
   805.846497      -18.6431541    
 NaN NaN
   465.759155      -17.7352161    
   808.514465      -17.7352161    
 NaN NaN
   457.618835      -16.8272781    
   811.267273      -16.8272781    
 NaN NaN
   448.819702      -15.9193401    
   814.130554      -15.9193401    
 NaN NaN
   439.748688      -15.0114021    
   817.852844      -15.0114021    
 NaN NaN
   428.209351      -14.1034641    
   821.801819      -14.1034641    
 NaN NaN
   420.274170      -13.1955252    
   826.434937      -13.1955252    
 NaN NaN
   413.328857      -12.2875872    
   831.448914      -12.2875872    
 NaN NaN
   407.542511      -11.3796492    
   838.783447      -11.3796492    
 NaN NaN
   401.233307      -10.4717102    
   844.833496      -10.4717102    
 NaN NaN
   395.331177      -9.56377220    
   849.986084      -9.56377220    
 NaN NaN
   387.073914      -8.65583420    
   853.227661      -8.65583420    
 NaN NaN
   380.095978      -7.74789619    
   856.469238      -7.74789619    
 NaN NaN
   369.074158      -6.83995771    
   859.129517      -6.83995771    
 NaN NaN
   356.298218      -5.93201923    
   860.896179      -5.93201923    
 NaN NaN
   346.512146      -5.02408123    
   862.662781      -5.02408123    
 NaN NaN
   341.223511      -4.11614323    
   864.429382      -4.11614323    
 NaN NaN
   335.038971      -3.20820475    
   866.196045      -3.20820475    
 NaN NaN
   327.591156      -2.30026650    
   868.590088      -2.30026650    
 NaN NaN
   312.775421      -1.39232826    
   871.681396      -1.39232826    
 NaN NaN
   303.781555     -0.484390020    
   874.772705     -0.484390020    
 NaN NaN
   296.735931      0.423548222    
   878.987671      0.423548222    
 NaN NaN
   288.616913       1.33148646    
   883.948120       1.33148646    
 NaN NaN
   280.850983       2.23942471    
   890.595398       2.23942471    
 NaN NaN
   272.116821       3.14736295    
   897.974670       3.14736295    
 NaN NaN
   259.740997       4.05530119    
   908.257080       4.05530119    
 NaN NaN
   923.245056       4.05530119    
   932.111511       4.05530119    
 NaN NaN
   159.247223       4.96323967    
   216.298889       4.96323967    
 NaN NaN
   238.911362       4.96323967    
   946.627747       4.96323967    
 NaN NaN
   0.00000000       5.87117767    
   3.78638291       5.87117767    
 NaN NaN
   68.3431473       5.87117767    
   970.904907       5.87117767    
 NaN NaN
   0.00000000       6.77911568    
   9.67531013       6.77911568    
 NaN NaN
   27.3408775       6.77911568    
   988.290649       6.77911568    
 NaN NaN
   1020.69714       6.77911568    
   1021.17688       6.77911568    
 NaN NaN
   0.00000000       7.68705416    
   1006.37030       7.68705416    
 NaN NaN
   1006.37036       7.68705416    
   1025.41736       7.68705416    
 NaN NaN
   0.00000000       8.59499264    
   1025.41736       8.59499264    
 NaN NaN
   0.00000000       9.50293064    
   1025.41736       9.50293064    
 NaN NaN
   0.00000000       10.4108686    
   1025.41736       10.4108686    
 NaN NaN
   0.00000000       11.3188076    
   1025.41736       11.3188076    
 NaN NaN
   0.00000000       12.2267456    
   1025.41736       12.2267456    
 NaN NaN
   0.00000000       13.1346836    
   1025.41736       13.1346836    
 NaN NaN
   0.00000000       14.0426216    
   1025.41736       14.0426216    
 NaN NaN
   0.00000000       14.9505596    
   1025.41736       14.9505596    
 NaN NaN
   0.00000000       15.8584986    
   1025.41736       15.8584986    
 NaN NaN
   0.00000000       16.7664375    
   1025.41736       16.7664375    
 NaN NaN
   0.00000000       17.6743755    
   1025.41736       17.6743755    
 NaN NaN
   0.00000000       18.5823135    
   1025.41736       18.5823135    
 NaN NaN
   0.00000000       19.4902515    
   1025.41736       19.4902515    
 NaN NaN
   0.00000000       20.3981895    
   1025.41736       20.3981895    
 NaN NaN
   0.00000000       21.3061275    
   1025.41736       21.3061275    
 NaN NaN
   0.00000000       22.2140656    
   1025.41736       22.2140656    
 NaN NaN
   0.00000000       23.1220036    
   1025.41736       23.1220036    
 NaN NaN
   0.00000000       24.0299416    
   1025.41736       24.0299416    
 NaN NaN
   0.00000000       24.9378815    
   1025.41736       24.9378815    
 NaN NaN
   0.00000000       25.8458195    
   1025.41736       25.8458195    
 NaN NaN
   0.00000000       26.7537575    
   1025.41736       26.7537575    
 NaN NaN
   0.00000000       27.6616955    
   1025.41736       27.6616955    
 NaN NaN
   0.00000000       28.5696335    
   1025.41736       28.5696335    
 NaN NaN
   0.00000000       29.4775715    
   1025.41736       29.4775715    
 NaN NaN
   0.00000000       30.3855095    
   1025.41736       30.3855095    
 NaN NaN
   0.00000000       31.2934494    
   1025.41736       31.2934494    
 NaN NaN
   0.00000000       32.2013855    
   1025.41736       32.2013855    
 NaN NaN
   0.00000000       33.1093254    
   1025.41736       33.1093254    
 NaN NaN
   0.00000000       34.0172615    
   1025.41736       34.0172615    
 NaN NaN
   0.00000000       34.9252014    
   1025.41736       34.9252014    
 NaN NaN
   0.00000000       35.8331413    
   1025.41736       35.8331413    
 NaN NaN
   0.00000000       36.7410774    
   1025.41736       36.7410774    
 NaN NaN
   0.00000000       37.6490173    
   1025.41736       37.6490173    
 NaN NaN
   0.00000000       38.5569534    
   1025.41736       38.5569534    
 NaN NaN
   0.00000000       39.4648933    
   1025.41736       39.4648933    
 NaN NaN
   0.00000000       40.3728294    
   1025.41736       40.3728294    
 NaN NaN
   0.00000000       41.2807693    
   1025.41736       41.2807693    
 NaN NaN
   0.00000000       42.1887054    
   1025.41736       42.1887054    
 NaN NaN
   0.00000000       43.0966454    
   1025.41736       43.0966454    
 NaN NaN
   0.00000000       44.0045853    
   1025.41736       44.0045853    
 NaN NaN
   0.00000000       44.9125214    
   1025.41736       44.9125214    
 NaN NaN
   0.00000000       45.8204613    
   1025.41736       45.8204613    
 NaN NaN
   0.00000000       46.7283974    
   1025.41736       46.7283974    
 NaN NaN
   0.00000000       47.6363373    
   1025.41736       47.6363373    
 NaN NaN
   0.00000000       48.5442734    
   1025.41736       48.5442734    
 NaN NaN
   0.00000000       49.4522133    
   1025.41736       49.4522133    
 NaN NaN
   0.00000000       50.3601532    
   1025.41736       50.3601532    
 NaN NaN
   0.00000000       51.2680893    
   1025.41736       51.2680893    
 NaN NaN
   0.00000000       52.1760292    
   1025.41736       52.1760292    
 NaN NaN
   0.00000000       53.0839653    
   1025.41736       53.0839653    
 NaN NaN
