 Elev(m)    dbdxp(-)    dbdxc(-)      I2p     I2c
  -31.6499996       0.00000000       0.00000000       0.00000000       0.00000000    
  -30.9099998       3.95701081E-02   4.74562049E-02   5.41714439E-03   6.49675028E-03
  -30.1700001       4.42597196E-02   5.99569157E-02   2.77277287E-02   3.41950990E-02
  -29.4300003       5.57652973E-02   8.00307766E-02   7.52080306E-02   9.57625955E-02
  -28.6900005       6.81381449E-02  0.102466829      0.153344110      0.201478302    
  -27.9599991       7.13039115E-02  0.139582232      0.266247272      0.363548487    
  -27.2199993       8.18046331E-02  0.162997887      0.420485497      0.601944327    
  -26.4799995       9.22290310E-02  0.150502443      0.619509459      0.924681485    
  -25.7399998      0.118313439      0.109808967      0.871181846       1.32597339    
  -25.0000000      0.125842035       7.69029632E-02   1.18510234       1.78846276    
  -24.2700005      0.113515817       5.73159903E-02   1.56052184       2.28829217    
  -23.5300007       9.83079523E-02   4.23739105E-02   2.00240207       2.82673907    
  -22.7900009       7.05649257E-02   4.82985340E-02   2.49639940       3.39124656    
  -22.0499992       5.55596016E-02   5.11596240E-02   3.03078341       3.98178434    
  -21.3099995       5.38803414E-02   4.65728715E-02   3.59741473       4.59931612    
  -20.5699997       6.62599057E-02   4.57365550E-02   4.19547558       5.24286461    
  -19.8400002       6.77025840E-02   6.59205765E-02   4.82001877       5.90546846    
  -19.1000004       6.72924891E-02   7.07746297E-02   5.48968649       6.61093950    
  -18.3600006       8.10264945E-02   7.88503364E-02   6.19814014       7.35560751    
  -17.6200008       8.61947089E-02   9.64128077E-02   6.94979095       8.14475250    
  -16.8799992       8.85535255E-02  0.100115135       7.74825954       8.98479843    
  -16.1499996      0.101638891      0.145362318       8.58557224       9.87363625    
  -15.4099998      0.117686562      0.311021268       9.49006271       10.8702755    
  -14.6700001      0.194058850      0.304505229       10.4672556       12.0136585    
  -13.9300003      0.276509315      0.178390905       11.5515480       13.3074150    
  -13.1899996      0.242717415      0.151408419       12.7713442       14.7124319    
  -12.4600000      0.203788206      0.140193030       14.1059027       16.1829185    
  -11.7200003      0.164926887      0.136295766       15.5695105       17.7507744    
  -10.9799995      0.142511353      0.132492036       17.1256847       19.3932819    
  -10.2399998      0.132614762      0.129626378       18.7616100       21.1084671    
  -9.50000000      0.127273843      0.128416508       20.4707794       22.8948631    
  -8.76000023      0.124615826      0.126790822       22.2500095       24.7515221    
  -8.02999973      0.120613046      0.124919146       24.0727901       26.6520176    
  -7.28999996      0.119560301      0.120368131       25.9865284       28.6461143    
  -6.55000019      0.120241106      0.119169913       27.9659748       30.7065811    
  -5.80999994      0.120188795      0.120110862       30.0111656       32.8325996    
  -5.07000017      0.116342776      0.119742148       32.1216545       35.0242119    
  -4.34000015      0.105921783      0.118192956       34.2659912       37.2511749    
  -3.59999990      0.132626399       9.69641656E-02   36.5023727       39.5702248    
  -2.85999990      0.134497017      0.117836073       38.8079834       41.9481354    
  -2.11999989      0.136367798      0.133281410       41.1872406       44.3898277    
  -1.38000000      0.137205899      0.141439617       43.6410332       46.9035110    
 -0.639999986      0.138179630      0.164991930       46.1699753       49.4967537    
   9.00000036E-02  0.140057757      0.195993513       48.7400284       52.1457520    
  0.829999983      0.154299334      0.353605509       51.4231529       54.9550247    
   1.57000005      0.175351113      0.534350753       54.1917038       57.9610939    
   2.30999994      0.361515939      0.377070546       57.0788803       61.2135010    
   3.04999995      0.698005974       4.57836725E-02   60.1846008       64.6485672    
   3.77999997      0.559219360      -8.19579512E-02   63.5635567       68.0893707    
   4.51999998      0.190235496     -0.112664632       67.2611542       71.5457840    
   5.26000023      -2.34629083E-02 -0.134160191       71.0841904       74.9417572    
   6.00000000      -9.33972821E-02 -0.134160191       74.9140472       78.2672043    
   6.73999977     -0.118394874     -0.134160191       78.6989212       81.5191956    
   7.48000002     -0.134151235     -0.134160191       82.4202271       84.6977158    
   8.21000004     -0.134151235     -0.134160191       86.0204010       87.7603073    
   8.94999981     -0.134151235     -0.134160191       89.5969391       90.7918930    
   9.68999958     -0.134151235     -0.134160191       93.1000137       93.7500153    
   10.4300003     -0.134151235     -0.134160191       96.5296326       96.6346741    
   11.1700001     -0.134151235     -0.134160191       99.8857880       99.4458618    
   11.8999996     -0.134151235     -0.134160191       103.123619       102.146088    
   12.6400003     -0.134151235     -0.134160191       106.332855       104.810349    
   13.3800001     -0.134151235     -0.134160191       109.468628       107.401138    
   14.1199999     -0.134151235     -0.134160191       112.530937       109.918457    
   14.8599997     -0.134151235     -0.134160191       115.519783       112.362320    
   15.6000004     -0.134151235     -0.134160191       118.435173       114.732712    
   16.3299999     -0.134151235     -0.134160191       121.238197       116.998100    
   17.0699997     -0.134151235     -0.134160191       124.006660       119.221558    
   17.8099995     -0.134151235     -0.134160191       126.701668       121.371552    
   18.5499992     -0.134151235     -0.134160191       129.323212       123.448082    
   19.2900009     -0.134151235     -0.134160191       131.871292       125.451149    
   20.0200005     -0.134151235     -0.134160191       134.311981       127.354172    
   20.7600002     -0.134151235     -0.134160191       136.713135       129.210297    
   21.5000000     -0.134151235     -0.134160191       139.040833       130.992966    
   22.2399998     -0.134151235     -0.134160191       141.295059       132.702164    
   22.9799995     -0.134151235     -0.134160191       143.475845       134.337891    
   23.7099991     -0.134151235     -0.134160191       145.554184       135.878540    
   24.4500008     -0.134151235     -0.134160191       147.588043       137.367340    
   25.1900005     -0.134151235     -0.134160191       149.548431       138.782684    
   25.9300003     -0.134151235     -0.134160191       151.435364       140.124542    
   26.6700001     -0.134151235     -0.134160191       153.248825       141.392944    
   27.4099998     -0.134151235     -0.134160191       154.988831       142.587875    
   28.1399994     -0.134151235     -0.134160191       156.632370       143.693695    
   28.8799992     -0.134151235     -0.134160191       158.225449       144.741699    
   29.6200008     -0.134151235     -0.134160191       159.745071       145.716232    
   30.3600006     -0.134151235     -0.134160191       161.191238       146.617310    
   31.1000004     -0.134151235     -0.134160191       162.563934       147.444916    
   31.8299999     -0.134151235     -0.134160191       163.845123       148.188354    
   32.5699997     -0.134151235     -0.134160191       165.070908       148.869034    
   33.3100014     -0.134151235     -0.134160191       166.223221       149.476242    
   34.0499992     -0.134151235     -0.134160191       167.302078       150.009979    
   34.7900009     -0.134151235     -0.134160191       168.307480       150.470245    
   35.5299988     -0.134151235     -0.134160191       169.239410       150.857056    
   36.2599983     -0.134151235     -0.134160191       170.085785       151.165665    
   37.0000000     -0.134151235     -0.134160191       170.870804       151.405548    
   37.7400017     -0.134151235     -0.134160191       171.582352       151.571960    
   38.4799995     -0.134151235     -0.134160191       172.220444       151.664902    
   39.2200012     -0.134151235     -0.134160191       172.785080       151.684372    
   39.9500008     -0.134151235     -0.134160191       173.269104       151.630615    
   40.6899986     -0.134151235     -0.134160191       173.686813       151.503159    
   41.4300003     -0.134151235     -0.134160191       174.031067       151.302246    
   42.1699982     -0.134151235     -0.134160191       174.301849       151.027847    
