   1256.46216      -22.7761822    
   1293.41748      -22.7761822    
 NaN NaN
   1232.37512      -22.0339928    
   1298.84570      -22.0339928    
 NaN NaN
   1212.23022      -21.2918053    
   1303.68677      -21.2918053    
 NaN NaN
   1196.19592      -20.5496178    
   1307.87402      -20.5496178    
 NaN NaN
   1129.10596      -19.8074303    
   1157.72559      -19.8074303    
 NaN NaN
   1168.97693      -19.8074303    
   1311.37598      -19.8074303    
 NaN NaN
   1098.19678      -19.0652409    
   1314.73523      -19.0652409    
 NaN NaN
   1079.86035      -18.3230534    
   1317.32385      -18.3230534    
 NaN NaN
   1066.39526      -17.5808659    
   1319.81274      -17.5808659    
 NaN NaN
   1054.90735      -16.8386765    
   1322.30164      -16.8386765    
 NaN NaN
   1044.52661      -16.0964890    
   1324.83167      -16.0964890    
 NaN NaN
   1035.13818      -15.3543015    
   1327.13843      -15.3543015    
 NaN NaN
   1027.08105      -14.6121130    
   1329.44519      -14.6121130    
 NaN NaN
   1018.17444      -13.8699255    
   1331.82983      -13.8699255    
 NaN NaN
   1009.06232      -13.1277370    
   1334.63977      -13.1277370    
 NaN NaN
   999.372986      -12.3855495    
   1338.41772      -12.3855495    
 NaN NaN
   988.663696      -11.6433611    
   1342.43909      -11.6433611    
 NaN NaN
   974.363770      -10.9011726    
   1347.64575      -10.9011726    
 NaN NaN
   957.384644      -10.1589851    
   1352.52869      -10.1589851    
 NaN NaN
   907.822998      -9.41679668    
   1356.09558      -9.41679668    
 NaN NaN
   897.804016      -8.67460918    
   1358.89197      -8.67460918    
 NaN NaN
   890.123779      -7.93242073    
   1361.68835      -7.93242073    
 NaN NaN
   880.219727      -7.19023275    
   1364.58533      -7.19023275    
 NaN NaN
   852.795166      -6.44804478    
   1366.89575      -6.44804478    
 NaN NaN
   832.048462      -5.70585680    
   1369.20618      -5.70585680    
 NaN NaN
   816.974060      -4.96366882    
   1371.44019      -4.96366882    
 NaN NaN
   803.659912      -4.22148085    
   1373.57861      -4.22148085    
 NaN NaN
   792.711609      -3.47929263    
   1374.40881      -3.47929263    
 NaN NaN
   780.536194      -2.73710465    
   1375.23901      -2.73710465    
 NaN NaN
   765.293030      -1.99491668    
   1376.06921      -1.99491668    
 NaN NaN
   753.807373      -1.25272858    
   1376.89941      -1.25272858    
 NaN NaN
   742.548218     -0.510540545    
   1377.72961     -0.510540545    
 NaN NaN
   733.538940      0.231647491    
   1378.56421      0.231647491    
 NaN NaN
   727.833740      0.973835528    
   1379.39929      0.973835528    
 NaN NaN
   722.495850       1.71602356    
   1380.23425       1.71602356    
 NaN NaN
   717.302368       2.45821166    
   1381.06921       2.45821166    
 NaN NaN
   711.997375       3.20039964    
   1381.90417       3.20039964    
 NaN NaN
   706.970764       3.94258761    
   1382.73914       3.94258761    
 NaN NaN
   703.417297       4.68477583    
   1383.71179       4.68477583    
 NaN NaN
   699.863892       5.42696381    
   1385.75647       5.42696381    
 NaN NaN
   61.1272583       6.16915178    
   86.2341614       6.16915178    
 NaN NaN
   696.679810       6.16915178    
   1387.98303       6.16915178    
 NaN NaN
   41.5498924       6.91133976    
   103.367805       6.91133976    
 NaN NaN
   693.773010       6.91133976    
   1390.20947       6.91133976    
 NaN NaN
   35.5409088       7.65352774    
   160.232712       7.65352774    
 NaN NaN
   359.197205       7.65352774    
   368.434448       7.65352774    
 NaN NaN
   566.495789       7.65352774    
   574.178467       7.65352774    
 NaN NaN
   690.866211       7.65352774    
   1392.43604       7.65352774    
 NaN NaN
   1465.98499       7.65352774    
   1503.44946       7.65352774    
 NaN NaN
   30.7846870       8.39571571    
   219.837982       8.39571571    
 NaN NaN
   329.086487       8.39571571    
   373.040161       8.39571571    
 NaN NaN
   391.593475       8.39571571    
   421.600098       8.39571571    
 NaN NaN
   451.864044       8.39571571    
   510.371429       8.39571571    
 NaN NaN
   560.509644       8.39571571    
   674.986755       8.39571571    
 NaN NaN
   684.211121       8.39571571    
   1398.07056       8.39571571    
 NaN NaN
   1403.68994       8.39571571    
   1522.61536       8.39571571    
 NaN NaN
   27.4256268       9.13790417    
   232.693161       9.13790417    
 NaN NaN
   260.346924       9.13790417    
   279.465149       9.13790417    
 NaN NaN
   295.357300       9.13790417    
   434.490326       9.13790417    
 NaN NaN
   436.891937       9.13790417    
   532.134216       9.13790417    
 NaN NaN
   550.634460       9.13790417    
   1529.08911       9.13790417    
 NaN NaN
   24.2068901       9.88009167    
   1532.78699       9.88009167    
 NaN NaN
   21.0564365       10.6222801    
   1535.93481       10.6222801    
 NaN NaN
   17.7298698       11.3644676    
   1539.02942       11.3644676    
 NaN NaN
   14.3403015       12.1066561    
   1542.39771       12.1066561    
 NaN NaN
   11.0045090       12.8488445    
   1546.07043       12.8488445    
 NaN NaN
   0.00000000       13.5910320    
   1551.33447       13.5910320    
 NaN NaN
   0.00000000       14.3332205    
   1551.33447       14.3332205    
 NaN NaN
   0.00000000       15.0754080    
   1551.33447       15.0754080    
 NaN NaN
   0.00000000       15.8175964    
   1551.33447       15.8175964    
 NaN NaN
   0.00000000       16.5597839    
   1551.33447       16.5597839    
 NaN NaN
   0.00000000       17.3019714    
   1551.33447       17.3019714    
 NaN NaN
   0.00000000       18.0441608    
   1551.33447       18.0441608    
 NaN NaN
   0.00000000       18.7863483    
   1551.33447       18.7863483    
 NaN NaN
   0.00000000       19.5285358    
   1551.33447       19.5285358    
 NaN NaN
   0.00000000       20.2707253    
   1551.33447       20.2707253    
 NaN NaN
   0.00000000       21.0129128    
   1551.33447       21.0129128    
 NaN NaN
   0.00000000       21.7551003    
   1551.33447       21.7551003    
 NaN NaN
   0.00000000       22.4972878    
   1551.33447       22.4972878    
 NaN NaN
   0.00000000       23.2394772    
   1551.33447       23.2394772    
 NaN NaN
   0.00000000       23.9816647    
   1551.33447       23.9816647    
 NaN NaN
   0.00000000       24.7238522    
   1551.33447       24.7238522    
 NaN NaN
   0.00000000       25.4660416    
   1551.33447       25.4660416    
 NaN NaN
   0.00000000       26.2082291    
   1551.33447       26.2082291    
 NaN NaN
   0.00000000       26.9504166    
   1551.33447       26.9504166    
 NaN NaN
   0.00000000       27.6926041    
   1551.33447       27.6926041    
 NaN NaN
   0.00000000       28.4347935    
   1551.33447       28.4347935    
 NaN NaN
   0.00000000       29.1769810    
   1551.33447       29.1769810    
 NaN NaN
   0.00000000       29.9191685    
   1551.33447       29.9191685    
 NaN NaN
   0.00000000       30.6613579    
   1551.33447       30.6613579    
 NaN NaN
   0.00000000       31.4035454    
   1551.33447       31.4035454    
 NaN NaN
   0.00000000       32.1457329    
   1551.33447       32.1457329    
 NaN NaN
   0.00000000       32.8879204    
   1551.33447       32.8879204    
 NaN NaN
   0.00000000       33.6301079    
   1551.33447       33.6301079    
 NaN NaN
   0.00000000       34.3722954    
   1551.33447       34.3722954    
 NaN NaN
   0.00000000       35.1144867    
   1551.33447       35.1144867    
 NaN NaN
   0.00000000       35.8566742    
   1551.33447       35.8566742    
 NaN NaN
   0.00000000       36.5988617    
   1551.33447       36.5988617    
 NaN NaN
   0.00000000       37.3410492    
   1551.33447       37.3410492    
 NaN NaN
   0.00000000       38.0832367    
   1551.33447       38.0832367    
 NaN NaN
   0.00000000       38.8254242    
   1551.33447       38.8254242    
 NaN NaN
   0.00000000       39.5676117    
   1551.33447       39.5676117    
 NaN NaN
   0.00000000       40.3098030    
   1551.33447       40.3098030    
 NaN NaN
   0.00000000       41.0519905    
   1551.33447       41.0519905    
 NaN NaN
   0.00000000       41.7941780    
   1551.33447       41.7941780    
 NaN NaN
   0.00000000       42.5363655    
   1551.33447       42.5363655    
 NaN NaN
   0.00000000       43.2785530    
   1551.33447       43.2785530    
 NaN NaN
   0.00000000       44.0207405    
   1551.33447       44.0207405    
 NaN NaN
   0.00000000       44.7629280    
   1551.33447       44.7629280    
 NaN NaN
   0.00000000       45.5051193    
   1551.33447       45.5051193    
 NaN NaN
   0.00000000       46.2473068    
   1551.33447       46.2473068    
 NaN NaN
   0.00000000       46.9894943    
   1551.33447       46.9894943    
 NaN NaN
   0.00000000       47.7316818    
   1551.33447       47.7316818    
 NaN NaN
   0.00000000       48.4738693    
   1551.33447       48.4738693    
 NaN NaN
   0.00000000       49.2160568    
   1551.33447       49.2160568    
 NaN NaN
   0.00000000       49.9582443    
   1551.33447       49.9582443    
 NaN NaN
   0.00000000       50.7004356    
   1551.33447       50.7004356    
 NaN NaN
