 Elev(m)    dbdxp(-)    dbdxc(-)      I2p     I2c
  -34.0900002       0.00000000       0.00000000       0.00000000       0.00000000    
  -33.2500000      -2.00335681E-02  -3.14194849E-03  -3.53392260E-03  -5.54239901E-04
  -32.4099998      -3.20591293E-02  -5.95682021E-03  -1.97909232E-02  -3.26774316E-03
  -31.5599995     -0.132367298      -8.22765380E-03  -7.45448470E-02  -1.01398239E-02
  -30.7199993     -0.222419605      -9.10895988E-02 -0.220585108      -3.69822048E-02
  -29.8799992     -0.150286898     -0.157077178     -0.494955242     -0.125120789    
  -29.0300007     -0.162831679      -7.53147900E-02 -0.894353271     -0.299600124    
  -28.1900005     -0.105124950      -8.25525522E-02  -1.39220476     -0.541351080    
  -27.3500004      -7.74181262E-02  -6.58940151E-02  -1.96952426     -0.837135792    
  -26.5100002      -7.21212849E-02  -4.91752066E-02  -2.60542321      -1.17940474    
  -25.6599998      -6.95746019E-02  -4.42454666E-02  -3.30058074      -1.56276774    
  -24.8199997      -6.92552030E-02  -4.52766046E-02  -4.03733826      -1.97408533    
  -23.9799995      -7.50211850E-02  -4.40772064E-02  -4.82403564      -2.41695690    
  -23.1299992      -9.38976333E-02  -3.86828072E-02  -5.67564964      -2.89564919    
  -22.2900009     -0.104426429      -4.11782265E-02  -6.58237457      -3.39756656    
  -21.4500008     -0.129118726      -4.13470864E-02  -7.56528330      -3.92813039    
  -20.6000004     -0.155087173      -4.10060585E-02  -8.65171528      -4.49426794    
  -19.7600002     -0.181424960      -4.28592637E-02  -9.83545017      -5.08323717    
  -18.9200001     -0.214866236      -4.60604876E-02  -11.1484518      -5.70268583    
  -18.0799999     -0.253895938      -5.22886403E-02  -12.6140480      -6.35516834    
  -17.2299995     -0.289691061      -5.98142892E-02  -14.2766562      -7.05274916    
  -16.3899994     -0.289124727      -7.49017522E-02  -16.1188221      -7.78589439    
  -15.5500002     -0.268563509      -9.12228450E-02  -18.1614666      -8.57210732    
  -14.6999998     -0.239797175     -0.104809172      -20.4176540      -9.43191433    
  -13.8599997     -0.175498396     -0.136241108      -22.8112850      -10.3591137    
  -13.0200005     -0.134486780     -0.145714283      -25.3328514      -11.3785706    
  -12.1800003     -0.126309752     -0.134276181      -27.9551086      -12.4971552    
  -11.3299999     -0.133181512     -0.119170777      -30.7009087      -13.7237434    
  -10.4899998     -0.143410698     -0.111658841      -33.5095100      -15.0218525    
  -9.64999962     -0.158688858     -0.105057083      -36.4201889      -16.3989105    
  -8.80000019     -0.162457913     -0.106286660      -39.4760933      -17.8683243    
  -7.96000004     -0.165447161     -0.100877859      -42.6112099      -19.3947144    
  -7.11999989     -0.171399310      -9.80172083E-02  -45.8635864      -20.9927349    
  -6.26999998     -0.186168849      -9.17742401E-02  -49.2778816      -22.6787624    
  -5.42999983     -0.198444173      -8.87122452E-02  -52.7836761      -24.4106636    
  -4.59000015     -0.208507419      -8.57873634E-02  -56.4291000      -26.2051830    
  -3.75000000     -0.228487939      -8.46884474E-02  -60.2233963      -28.0605583    
  -2.90000010     -0.261524230      -8.24039355E-02  -64.2273026      -29.9979267    
  -2.05999994     -0.297501355      -7.42370859E-02  -68.3701782      -31.9699554    
  -1.22000003     -0.329578102      -6.51984289E-02  -72.7222748      -33.9942093    
 -0.370000005     -0.346383333      -5.99607863E-02  -77.3573608      -36.0895309    
  0.469999999     -0.436327189      -4.55690958E-02  -82.1966248      -38.2011566    
   1.30999994     -0.589587688      -3.72027420E-02  -87.3549347      -40.3459969    
   2.16000009      -1.21702647      -2.95125600E-02  -93.0764618      -42.5429153    
   3.00000000      -2.46092725      -2.61926316E-02  -99.7019043      -44.7357216    
   3.83999991      -2.81819916     -0.158578068      -107.907379      -46.9709473    
   4.67999983      -2.68670797     -0.301572025      -118.015152      -49.3199348    
   5.53000021      -1.50687981      -1.09120524      -129.965637      -52.0247116    
   6.36999989      -1.12384987      -1.20879018      -142.988037      -55.3519630    
   7.21000004      -1.02775431     -0.779996157      -156.854050      -59.4357567    
   8.06000042     -0.934268892     -0.466775954      -171.615295      -64.1430969    
   8.89999962     -0.934268892     -0.266021609      -186.882629      -69.1468277    
   9.73999977     -0.934268892     -0.210862473      -202.809219      -74.3639603    
   10.5799999     -0.934268892     -0.210862473      -219.395020      -79.7396088    
   11.4300003     -0.934268892     -0.210862473      -236.841431      -85.3289185    
   12.2700005     -0.934268892     -0.210862473      -254.745667      -91.0021286    
   13.1099997     -0.934268892     -0.210862473      -273.309113      -96.8241196    
   13.9600000     -0.934268892     -0.210862473      -292.756714      -102.865105    
   14.8000002     -0.934268892     -0.210862473      -312.638641      -108.984673    
   15.6400003     -0.934268892     -0.210862473      -333.179749      -115.253021    
   16.4899998     -0.934268892     -0.210862473      -354.628540      -121.745659    
   17.3299999     -0.934268892     -0.210862473      -376.488098      -128.311584    
   18.1700001     -0.934268892     -0.210862473      -399.006897      -135.026291    
   19.0100002     -0.934268892     -0.210862473      -422.184906      -141.889786    
   19.8600006     -0.934268892     -0.210862473      -446.302002      -148.984650    
   20.7000008     -0.934268892     -0.210862473      -470.798431      -156.145706    
   21.5400009     -0.934268892     -0.210862473      -495.954102      -163.455551    
   22.3899994     -0.934268892     -0.210862473      -522.072327      -171.002075    
   23.2299995     -0.934268892     -0.210862473      -548.546448      -178.609497    
   24.0699997     -0.934268892     -0.210862473      -575.679810      -186.365692    
   24.9099998     -0.934268892     -0.210862473      -603.472351      -194.270676    
   25.7600002     -0.934268892     -0.210862473      -632.258911      -202.419434    
   26.6000004     -0.934268892     -0.210862473      -661.369873      -210.621979    
   27.4400005     -0.934268892     -0.210862473      -691.140076      -218.973328    
   28.2900009     -0.934268892     -0.210862473      -721.927856      -227.573746    
   29.1299992     -0.934268892     -0.210862473      -753.016479      -236.222641    
   29.9699993     -0.934268892     -0.210862473      -784.764343      -245.020325    
   30.8199997     -0.934268892     -0.210862473      -817.553284      -254.072433    
   31.6599998     -0.934268892     -0.210862473      -850.619629      -263.167694    
   32.5000000     -0.934268892     -0.210862473      -884.345154      -272.411743    
   33.3400002     -0.934268892     -0.210862473      -918.729919      -281.804565    
   34.1899986     -0.934268892     -0.210862473      -954.187073      -291.458862    
   35.0299988     -0.934268892     -0.210862473      -989.890259      -301.149261    
   35.8699989     -0.934268892     -0.210862473      -1026.25269      -310.988434    
   36.7200012     -0.934268892     -0.210862473      -1063.71118      -321.094452    
   37.5600014     -0.934268892     -0.210862473      -1101.39209      -331.231201    
   38.4000015     -0.934268892     -0.210862473      -1139.73218      -341.516754    
   39.2500000     -0.934268892     -0.210862473      -1179.19177      -352.074371    
   40.0900002     -0.934268892     -0.210862473      -1218.85022      -362.657471    
   40.9300003     -0.934268892     -0.210862473      -1259.16797      -373.389374    
   41.7700005     -0.934268892     -0.210862473      -1300.14490      -384.270050    
   42.6199989     -0.934268892     -0.210862473      -1342.27283      -395.429901    
   43.4599991     -0.934268892     -0.210862473      -1384.56812      -406.608154    
   44.2999992     -0.934268892     -0.210862473      -1427.52283      -417.935181    
   45.1500015     -0.934268892     -0.210862473      -1471.65198      -429.546753    
   45.9900017     -0.934268892     -0.210862473      -1515.92505      -441.171356    
   46.8300018     -0.934268892     -0.210862473      -1560.85742      -452.944733    
   47.6699982     -0.934268892     -0.210862473      -1606.44861      -464.866852    
   48.5200005     -0.934268892     -0.210862473      -1653.24622      -477.080658    
   49.3600006     -0.934268892     -0.210862473      -1700.15613      -489.300385    
   50.2000008     -0.934268892     -0.210862473      -1747.72534      -501.668915    
