 Elev(m)    Area(m2)     Peri(m)      Radi(m)   Conv(m3/s)    topWidth(m)    newI1(m3)    dPdA(1/m)
   -39.76        0.00        0.00         NaN                 NaN               0.000           0.000             NaN
   -38.83       14.82       24.67        0.60             421.855              24.563           6.857           1.665
   -37.91       43.17       36.47        1.18            1932.023              36.219          33.694           0.416
   -36.98       81.53       46.41        1.76            4747.870              45.973          91.407           0.259
   -36.06      128.20       55.59        2.31            8950.751              54.950         188.476           0.197
   -35.13      183.55       66.53        2.76           14442.676              65.694         332.767           0.198
   -34.20      250.83       81.14        3.09           21291.477              80.110         533.817           0.217
   -33.28      330.71       93.02        3.56           30813.934              91.769         802.975           0.149
   -32.35      420.30      103.01        4.08           42927.969             101.527        1150.569           0.111
   -31.43      518.66      112.80        4.60           57365.641             111.089        1585.154           0.100
   -30.50      626.01      122.95        5.09           74107.477             121.004        2114.950           0.095
   -29.58      743.00      134.25        5.53           92987.305             132.073        2748.580           0.097
   -28.65      871.26      147.45        5.91          113903.719             145.048        3495.722           0.103
   -27.72     1011.71      161.41        6.27          137571.828             158.786        4367.232           0.099
   -26.80     1166.77      180.06        6.48          162217.391             177.272        5375.516           0.120
   -25.87     1339.98      199.47        6.72          190823.859             196.546        6535.734           0.112
   -24.95     1529.45      217.68        7.03          224428.719             214.605        7863.818           0.096
   -24.02     1737.73      238.15        7.30          261496.688             234.940        9375.997           0.098
   -23.10     1964.74      259.23        7.58          303235.344             255.884       11089.640           0.093
   -22.17     2211.39      279.75        7.90          351007.344             276.277       13022.512           0.083
   -21.24     2475.63      297.55        8.32          406594.031             293.934       15191.845           0.067
   -20.32     2754.54      312.00        8.83          470656.594             308.228       17612.568           0.052
   -19.39     3047.57      329.45        9.25          537180.500             325.527       20298.012           0.060
   -18.47     3358.57      351.68        9.55          604715.625             347.610       23263.021           0.071
   -17.54     3691.60      374.22        9.86          679207.688             369.981       26526.109           0.068
   -16.62     4041.37      389.71       10.37          768736.312             385.301       30105.230           0.044
   -15.69     4405.39      406.23       10.84          863350.438             401.642       34014.723           0.045
   -14.76     4791.06      438.32       10.93          943880.000             433.595       38271.199           0.083
   -13.84     5218.87      498.20       10.48          999433.562             493.314       42904.184           0.140
   -12.91     5682.39      512.80       11.08         1129747.625             507.730       47949.711           0.031
   -11.99     6160.08      532.00       11.58         1261136.375             526.718       53430.863           0.040
   -11.06     6655.03      546.27       12.18         1409415.125             540.755       59362.195           0.029
   -10.14     7160.94      563.78       12.70         1559335.125             558.012       65756.758           0.035
    -9.21     7679.39      568.29       13.51         1742696.750             562.134       72625.438           0.009
    -8.29     8201.67      572.86       14.32         1934336.625             566.304       79975.812           0.009
    -7.36     8727.82      577.42       15.12         2134222.500             570.475       87811.438           0.009
    -6.43     9257.82      581.99       15.91         2342243.750             574.645       96135.891           0.009
    -5.51     9791.60      586.17       16.70         2559371.500             578.351      104952.711           0.008
    -4.58    10328.37      589.79       17.51         2786008.000             581.374      114265.008           0.007
    -3.66    10867.93      593.40       18.31         3020445.250             584.396      124075.477           0.007
    -2.73    11410.29      597.02       19.11         3262583.000             587.419      134386.703           0.007
    -1.81    11955.45      600.64       19.90         3512327.500             590.441      145201.281           0.007
    -0.88    12504.08      605.71       20.64         3763887.250             594.992      156522.094           0.009
     0.05    13057.00      610.87       21.37         4022539.250             599.636      168352.750           0.009
     0.97    13614.21      616.03       22.10         4288585.000             604.279      180697.219           0.009
     1.90    14269.43      940.41       15.17         3498309.000             928.148      193602.859           0.495
     2.82    15218.06     1253.17       12.14         3216017.500            1240.344      207250.812           0.330
     3.75    16449.82     1373.61       11.98         3444183.250            1360.259      221907.938           0.098
     4.67    17722.86     1417.15       12.51         3819495.500            1403.432      237724.391           0.034
     5.60    19042.22     1460.96       13.03         4218549.500            1446.848      254740.688           0.033
     6.53    20403.09     1495.39       13.64         4659982.500            1480.947      272997.500           0.025
     7.45    21773.96     1495.39       14.56         5193423.000            1480.947      292518.688           0.000
     8.38    23144.85     1495.39       15.48         5749741.500            1480.947      313308.875           0.000
     9.30    24515.72     1495.39       16.39         6328475.000            1480.947      335368.031           0.000
    10.23    25886.60     1495.39       17.31         6929197.000            1480.947      358696.156           0.000
    11.15    27257.48     1495.39       18.23         7551515.000            1480.947      383293.344           0.000
    12.08    28628.36     1495.39       19.14         8195058.500            1480.947      409159.469          -0.000
    13.01    29999.24     1495.39       20.06         8859481.000            1480.947      436294.594           0.000
    13.93    31370.12     1495.39       20.98         9544464.000            1480.947      464698.719           0.000
    14.86    32741.00     1495.39       21.89        10249699.000            1480.947      494371.844           0.000
    15.78    34111.88     1495.39       22.81        10974899.000            1480.947      525313.938           0.000
    16.71    35482.76     1495.39       23.73        11719799.000            1480.947      557525.062           0.000
    17.63    36853.64     1495.39       24.64        12484135.000            1480.947      591005.188          -0.000
    18.56    38224.52     1495.39       25.56        13267667.000            1480.947      625754.188           0.000
    19.49    39595.40     1495.39       26.48        14070160.000            1480.947      661772.312           0.000
    20.41    40966.28     1495.39       27.40        14891396.000            1480.947      699059.438           0.000
    21.34    42337.16     1495.39       28.31        15731156.000            1480.947      737615.438           0.000
    22.26    43708.04     1495.39       29.23        16589247.000            1480.947      777440.500           0.000
    23.19    45078.92     1495.39       30.15        17465470.000            1480.947      818534.562           0.000
    24.11    46449.80     1495.39       31.06        18359640.000            1480.947      860897.562          -0.000
    25.04    47820.68     1495.39       31.98        19271582.000            1480.947      904529.625           0.000
    25.97    49191.56     1495.39       32.90        20201120.000            1480.947      949430.688           0.000
    26.89    50562.44     1495.39       33.81        21148090.000            1480.947      995600.750           0.000
    27.82    51933.32     1495.39       34.73        22112336.000            1480.947     1043039.688           0.000
    28.74    53304.20     1495.39       35.65        23093698.000            1480.947     1091747.750           0.000
    29.67    54675.07     1495.39       36.56        24092032.000            1480.947     1141724.750           0.000
    30.59    56045.95     1495.39       37.48        25107198.000            1480.947     1192970.625          -0.000
    31.52    57416.83     1495.39       38.40        26139054.000            1480.947     1245485.625           0.000
    32.44    58787.71     1495.39       39.31        27187470.000            1480.947     1299269.750           0.000
    33.37    60158.59     1495.39       40.23        28252308.000            1480.947     1354322.750           0.000
    34.30    61529.47     1495.39       41.15        29333448.000            1480.947     1410644.500           0.000
    35.22    62900.35     1495.39       42.06        30430770.000            1480.947     1468235.500           0.000
    36.15    64271.23     1495.39       42.98        31544154.000            1480.947     1527095.500          -0.000
    37.07    65642.11     1495.39       43.90        32673478.000            1480.947     1587224.375           0.000
    38.00    67012.99     1495.39       44.81        33818644.000            1480.947     1648622.375           0.000
    38.92    68383.88     1495.39       45.73        34979536.000            1480.947     1711289.375           0.000
    39.85    69754.75     1495.39       46.65        36156036.000            1480.947     1775225.375           0.000
    40.78    71125.62     1495.39       47.56        37348052.000            1480.947     1840430.000           0.000
    41.70    72496.51     1495.39       48.48        38555496.000            1480.947     1906904.000           0.000
    42.63    73867.39     1495.39       49.40        39778260.000            1480.947     1974646.875          -0.000
    43.55    75238.27     1495.39       50.31        41016236.000            1480.947     2043658.750           0.000
    44.48    76609.15     1495.39       51.23        42269348.000            1480.947     2113939.750           0.000
    45.40    77980.03     1495.39       52.15        43537504.000            1480.947     2185489.750           0.000
    46.33    79350.91     1495.39       53.06        44820600.000            1480.947     2258308.250           0.000
    47.26    80721.78     1495.39       53.98        46118556.000            1480.947     2332396.250           0.000
    48.18    82092.66     1495.39       54.90        47431304.000            1480.947     2407753.000           0.000
    49.11    83463.55     1495.39       55.81        48758748.000            1480.947     2484379.000          -0.000
    50.03    84834.43     1495.39       56.73        50100812.000            1480.947     2562273.750           0.000
    50.96    86205.30     1495.39       57.65        51457396.000            1480.947     2641437.750           0.000
    51.88    87576.19     1495.39       58.56        52828456.000            1480.947     2721870.500           0.000
    52.81    88947.06     1495.39       59.48        54213884.000            1480.947     2803572.250           0.000
