   492.712738      -14.8066969    
   586.722168      -14.8066969    
 NaN NaN
   481.922485      -14.2789059    
   604.434387      -14.2789059    
 NaN NaN
   470.920197      -13.7511139    
   636.343811      -13.7511139    
 NaN NaN
   436.278137      -13.2233219    
   682.553162      -13.2233219    
 NaN NaN
   412.415314      -12.6955309    
   747.774780      -12.6955309    
 NaN NaN
   391.645264      -12.1677389    
   827.484558      -12.1677389    
 NaN NaN
   374.298431      -11.6399469    
   846.247375      -11.6399469    
 NaN NaN
   357.893890      -11.1121559    
   857.181641      -11.1121559    
 NaN NaN
   342.611847      -10.5843639    
   869.088562      -10.5843639    
 NaN NaN
   331.925476      -10.0565720    
   887.559143      -10.0565720    
 NaN NaN
   322.960327      -9.52877998    
   939.401611      -9.52877998    
 NaN NaN
   311.089020      -9.00098896    
   950.833252      -9.00098896    
 NaN NaN
   292.903687      -8.47319698    
   961.092773      -8.47319698    
 NaN NaN
   285.506531      -7.94540548    
   967.720764      -7.94540548    
 NaN NaN
   280.973419      -7.41761351    
   974.199158      -7.41761351    
 NaN NaN
   274.616699      -6.88982201    
   979.266785      -6.88982201    
 NaN NaN
   266.538727      -6.36203051    
   983.132263      -6.36203051    
 NaN NaN
   259.509674      -5.83423853    
   987.640869      -5.83423853    
 NaN NaN
   249.428406      -5.30644703    
   991.454773      -5.30644703    
 NaN NaN
   236.179794      -4.77865505    
   995.125854      -4.77865505    
 NaN NaN
   197.276688      -4.25086355    
   998.682617      -4.25086355    
 NaN NaN
   158.016876      -3.72307205    
   1002.14233      -3.72307205    
 NaN NaN
   151.193329      -3.19528031    
   1005.72192      -3.19528031    
 NaN NaN
   145.426041      -2.66748857    
   1009.44513      -2.66748857    
 NaN NaN
   140.206207      -2.13969684    
   1014.46704      -2.13969684    
 NaN NaN
   135.821945      -1.61190522    
   1019.53815      -1.61190522    
 NaN NaN
   132.056625      -1.08411360    
   1024.09167      -1.08411360    
 NaN NaN
   128.643890     -0.556321859    
   1029.18152     -0.556321859    
 NaN NaN
   125.594055      -2.85301805E-02
   1034.38318      -2.85301805E-02
 NaN NaN
   122.704391      0.499261498    
   1039.19495      0.499261498    
 NaN NaN
   119.917992       1.02705312    
   1045.49939       1.02705312    
 NaN NaN
   117.312317       1.55484486    
   1051.10950       1.55484486    
 NaN NaN
   114.706635       2.08263659    
   1059.67322       2.08263659    
 NaN NaN
   111.960747       2.61042833    
   1066.10144       2.61042833    
 NaN NaN
   109.179695       3.13821983    
   1073.73181       3.13821983    
 NaN NaN
   106.671844       3.66601157    
   1087.10815       3.66601157    
 NaN NaN
   104.578812       4.19380331    
   1091.71021       4.19380331    
 NaN NaN
   102.485779       4.72159481    
   1094.19434       4.72159481    
 NaN NaN
   100.384300       5.24938679    
   1096.77502       5.24938679    
 NaN NaN
   98.2497635       5.77717829    
   1099.46765       5.77717829    
 NaN NaN
   96.1152267       6.30496979    
   1102.13745       6.30496979    
 NaN NaN
   93.3583679       6.83276176    
   1104.79456       6.83276176    
 NaN NaN
   80.7124329       7.36055326    
   1130.00208       7.36055326    
 NaN NaN
   1165.97949       7.36055326    
   1183.11572       7.36055326    
 NaN NaN
   22.2715549       7.88834476    
   1198.51074       7.88834476    
 NaN NaN
   17.0259380       8.41613674    
   1204.24731       8.41613674    
 NaN NaN
   14.8953772       8.94392872    
   1207.06091       8.94392872    
 NaN NaN
   12.7648191       9.47171974    
   1209.03040       9.47171974    
 NaN NaN
   10.6342583       9.99951172    
   1211.00000       9.99951172    
 NaN NaN
   7.44743443       10.5273037    
   1212.96948       10.5273037    
 NaN NaN
   1.34568681E-05   11.0550947    
   1214.64331       11.0550947    
 NaN NaN
   0.00000000       11.5828867    
   1214.64331       11.5828867    
 NaN NaN
   0.00000000       12.1106787    
   1214.64331       12.1106787    
 NaN NaN
   0.00000000       12.6384697    
   1214.64331       12.6384697    
 NaN NaN
   0.00000000       13.1662617    
   1214.64331       13.1662617    
 NaN NaN
   0.00000000       13.6940536    
   1214.64331       13.6940536    
 NaN NaN
   0.00000000       14.2218456    
   1214.64331       14.2218456    
 NaN NaN
   0.00000000       14.7496367    
   1214.64331       14.7496367    
 NaN NaN
   0.00000000       15.2774286    
   1214.64331       15.2774286    
 NaN NaN
   0.00000000       15.8052206    
   1214.64331       15.8052206    
 NaN NaN
   0.00000000       16.3330116    
   1214.64331       16.3330116    
 NaN NaN
   0.00000000       16.8608036    
   1214.64331       16.8608036    
 NaN NaN
   0.00000000       17.3885956    
   1214.64331       17.3885956    
 NaN NaN
   0.00000000       17.9163876    
   1214.64331       17.9163876    
 NaN NaN
   0.00000000       18.4441795    
   1214.64331       18.4441795    
 NaN NaN
   0.00000000       18.9719696    
   1214.64331       18.9719696    
 NaN NaN
   0.00000000       19.4997616    
   1214.64331       19.4997616    
 NaN NaN
   0.00000000       20.0275536    
   1214.64331       20.0275536    
 NaN NaN
   0.00000000       20.5553455    
   1214.64331       20.5553455    
 NaN NaN
   0.00000000       21.0831375    
   1214.64331       21.0831375    
 NaN NaN
   0.00000000       21.6109295    
   1214.64331       21.6109295    
 NaN NaN
   0.00000000       22.1387196    
   1214.64331       22.1387196    
 NaN NaN
   0.00000000       22.6665115    
   1214.64331       22.6665115    
 NaN NaN
   0.00000000       23.1943035    
   1214.64331       23.1943035    
 NaN NaN
   0.00000000       23.7220955    
   1214.64331       23.7220955    
 NaN NaN
   0.00000000       24.2498875    
   1214.64331       24.2498875    
 NaN NaN
   0.00000000       24.7776794    
   1214.64331       24.7776794    
 NaN NaN
   0.00000000       25.3054695    
   1214.64331       25.3054695    
 NaN NaN
   0.00000000       25.8332615    
   1214.64331       25.8332615    
 NaN NaN
   0.00000000       26.3610535    
   1214.64331       26.3610535    
 NaN NaN
   0.00000000       26.8888454    
   1214.64331       26.8888454    
 NaN NaN
   0.00000000       27.4166374    
   1214.64331       27.4166374    
 NaN NaN
   0.00000000       27.9444294    
   1214.64331       27.9444294    
 NaN NaN
   0.00000000       28.4722214    
   1214.64331       28.4722214    
 NaN NaN
   0.00000000       29.0000114    
   1214.64331       29.0000114    
 NaN NaN
   0.00000000       29.5278034    
   1214.64331       29.5278034    
 NaN NaN
   0.00000000       30.0555954    
   1214.64331       30.0555954    
 NaN NaN
   0.00000000       30.5833874    
   1214.64331       30.5833874    
 NaN NaN
   0.00000000       31.1111794    
   1214.64331       31.1111794    
 NaN NaN
   0.00000000       31.6389713    
   1214.64331       31.6389713    
 NaN NaN
   0.00000000       32.1667633    
   1214.64331       32.1667633    
 NaN NaN
   0.00000000       32.6945534    
   1214.64331       32.6945534    
 NaN NaN
   0.00000000       33.2223473    
   1214.64331       33.2223473    
 NaN NaN
   0.00000000       33.7501373    
   1214.64331       33.7501373    
 NaN NaN
   0.00000000       34.2779274    
   1214.64331       34.2779274    
 NaN NaN
   0.00000000       34.8057213    
   1214.64331       34.8057213    
 NaN NaN
   0.00000000       35.3335114    
   1214.64331       35.3335114    
 NaN NaN
   0.00000000       35.8613052    
   1214.64331       35.8613052    
 NaN NaN
   0.00000000       36.3890953    
   1214.64331       36.3890953    
 NaN NaN
   0.00000000       36.9168892    
   1214.64331       36.9168892    
 NaN NaN
   0.00000000       37.4446793    
   1214.64331       37.4446793    
 NaN NaN
