   921.744446      -48.8196907    
   947.858032      -48.8196907    
 NaN NaN
   905.797791      -47.6735229    
   953.909546      -47.6735229    
 NaN NaN
   892.301086      -46.5273514    
   958.426025      -46.5273514    
 NaN NaN
   883.645386      -45.3811836    
   962.936279      -45.3811836    
 NaN NaN
   876.685913      -44.2350121    
   967.399597      -44.2350121    
 NaN NaN
   870.051392      -43.0888443    
   971.896790      -43.0888443    
 NaN NaN
   862.708618      -41.9426727    
   976.767578      -41.9426727    
 NaN NaN
   855.076843      -40.7965012    
   981.623352      -40.7965012    
 NaN NaN
   846.680054      -39.6503334    
   986.425659      -39.6503334    
 NaN NaN
   838.017456      -38.5041618    
   990.620178      -38.5041618    
 NaN NaN
   827.373535      -37.3579941    
   993.570251      -37.3579941    
 NaN NaN
   816.196106      -36.2118225    
   996.520386      -36.2118225    
 NaN NaN
   805.513733      -35.0656548    
   999.325439      -35.0656548    
 NaN NaN
   794.610840      -33.9194832    
   1001.69824      -33.9194832    
 NaN NaN
   782.516052      -32.7733154    
   1004.07098      -32.7733154    
 NaN NaN
   771.537354      -31.6271439    
   1006.44379      -31.6271439    
 NaN NaN
   761.501221      -30.4809742    
   1008.97076      -30.4809742    
 NaN NaN
   752.080505      -29.3348045    
   1011.70673      -29.3348045    
 NaN NaN
   739.927795      -28.1886349    
   1014.44263      -28.1886349    
 NaN NaN
   728.819153      -27.0424652    
   1017.24646      -27.0424652    
 NaN NaN
   714.476868      -25.8962936    
   1020.62372      -25.8962936    
 NaN NaN
   696.662231      -24.7501240    
   1024.00098      -24.7501240    
 NaN NaN
   682.062439      -23.6039543    
   1028.49976      -23.6039543    
 NaN NaN
   668.717407      -22.4577847    
   1034.56445      -22.4577847    
 NaN NaN
   657.546387      -21.3116150    
   1042.04602      -21.3116150    
 NaN NaN
   646.230713      -20.1654453    
   1048.12000      -20.1654453    
 NaN NaN
   633.640747      -19.0192757    
   1053.50586      -19.0192757    
 NaN NaN
   619.248718      -17.8731041    
   1057.52283      -17.8731041    
 NaN NaN
   610.676270      -16.7269344    
   1061.53979      -16.7269344    
 NaN NaN
   598.145325      -15.5807648    
   1064.76172      -15.5807648    
 NaN NaN
   575.882812      -14.4345951    
   1067.80212      -14.4345951    
 NaN NaN
   563.333191      -13.2884254    
   1070.84253      -13.2884254    
 NaN NaN
   552.888977      -12.1422558    
   1073.34546      -12.1422558    
 NaN NaN
   543.858765      -10.9960861    
   1075.73645      -10.9960861    
 NaN NaN
   532.559875      -9.84991550    
   1078.12756      -9.84991550    
 NaN NaN
   522.004211      -8.70374584    
   1080.51855      -8.70374584    
 NaN NaN
   510.311340      -7.55757618    
   1082.90454      -7.55757618    
 NaN NaN
   497.632141      -6.41140604    
   1085.29065      -6.41140604    
 NaN NaN
   439.745026      -5.26523590    
   1087.67664      -5.26523590    
 NaN NaN
   353.953705      -4.11906624    
   1090.16016      -4.11906624    
 NaN NaN
   352.490173      -2.97289634    
   1092.97974      -2.97289634    
 NaN NaN
   351.026611      -1.82672644    
   1095.79932      -1.82672644    
 NaN NaN
   349.563080     -0.680556536    
   1098.64880     -0.680556536    
 NaN NaN
   348.099548      0.465613365    
   1109.34863      0.465613365    
 NaN NaN
   1591.15698      0.465613365    
   1610.54102      0.465613365    
 NaN NaN
   346.635986       1.61178327    
   1153.96582       1.61178327    
 NaN NaN
   1550.15784       1.61178327    
   1632.97363       1.61178327    
 NaN NaN
   1953.54175       1.61178327    
   1964.06409       1.61178327    
 NaN NaN
   345.172455       2.75795317    
   1159.42712       2.75795317    
 NaN NaN
   1250.67029       2.75795317    
   1487.16199       2.75795317    
 NaN NaN
   1513.47192       2.75795317    
   1964.06409       2.75795317    
 NaN NaN
   341.627319       3.90412307    
   1170.52222       3.90412307    
 NaN NaN
   1239.38074       3.90412307    
   1964.06409       3.90412307    
 NaN NaN
   0.00000000       5.05029297    
   55.1395569       5.05029297    
 NaN NaN
   337.826324       5.05029297    
   1205.33862       5.05029297    
 NaN NaN
   1234.05396       5.05029297    
   1964.06409       5.05029297    
 NaN NaN
   0.00000000       6.19646263    
   247.905899       6.19646263    
 NaN NaN
   330.309875       6.19646263    
   1217.16650       6.19646263    
 NaN NaN
   1228.72705       6.19646263    
   1964.06409       6.19646263    
 NaN NaN
   0.00000000       7.34263277    
   1964.06409       7.34263277    
 NaN NaN
   0.00000000       8.48880291    
   1964.06409       8.48880291    
 NaN NaN
   0.00000000       9.63497257    
   1964.06409       9.63497257    
 NaN NaN
   0.00000000       10.7811422    
   1964.06409       10.7811422    
 NaN NaN
   0.00000000       11.9273129    
   1964.06409       11.9273129    
 NaN NaN
   0.00000000       13.0734825    
   1964.06409       13.0734825    
 NaN NaN
   0.00000000       14.2196522    
   1964.06409       14.2196522    
 NaN NaN
   0.00000000       15.3658218    
   1964.06409       15.3658218    
 NaN NaN
   0.00000000       16.5119915    
   1964.06409       16.5119915    
 NaN NaN
   0.00000000       17.6581612    
   1964.06409       17.6581612    
 NaN NaN
   0.00000000       18.8043327    
   1964.06409       18.8043327    
 NaN NaN
   0.00000000       19.9505024    
   1964.06409       19.9505024    
 NaN NaN
   0.00000000       21.0966721    
   1964.06409       21.0966721    
 NaN NaN
   0.00000000       22.2428417    
   1964.06409       22.2428417    
 NaN NaN
   0.00000000       23.3890114    
   1964.06409       23.3890114    
 NaN NaN
   0.00000000       24.5351810    
   1964.06409       24.5351810    
 NaN NaN
   0.00000000       25.6813507    
   1964.06409       25.6813507    
 NaN NaN
   0.00000000       26.8275204    
   1964.06409       26.8275204    
 NaN NaN
   0.00000000       27.9736900    
   1964.06409       27.9736900    
 NaN NaN
   0.00000000       29.1198616    
   1964.06409       29.1198616    
 NaN NaN
   0.00000000       30.2660313    
   1964.06409       30.2660313    
 NaN NaN
   0.00000000       31.4122009    
   1964.06409       31.4122009    
 NaN NaN
   0.00000000       32.5583725    
   1964.06409       32.5583725    
 NaN NaN
   0.00000000       33.7045403    
   1964.06409       33.7045403    
 NaN NaN
   0.00000000       34.8507118    
   1964.06409       34.8507118    
 NaN NaN
   0.00000000       35.9968796    
   1964.06409       35.9968796    
 NaN NaN
   0.00000000       37.1430511    
   1964.06409       37.1430511    
 NaN NaN
   0.00000000       38.2892189    
   1964.06409       38.2892189    
 NaN NaN
   0.00000000       39.4353905    
   1964.06409       39.4353905    
 NaN NaN
   0.00000000       40.5815582    
   1964.06409       40.5815582    
 NaN NaN
   0.00000000       41.7277298    
   1964.06409       41.7277298    
 NaN NaN
   0.00000000       42.8739014    
   1964.06409       42.8739014    
 NaN NaN
   0.00000000       44.0200691    
   1964.06409       44.0200691    
 NaN NaN
   0.00000000       45.1662407    
   1964.06409       45.1662407    
 NaN NaN
   0.00000000       46.3124084    
   1964.06409       46.3124084    
 NaN NaN
   0.00000000       47.4585800    
   1964.06409       47.4585800    
 NaN NaN
   0.00000000       48.6047478    
   1964.06409       48.6047478    
 NaN NaN
   0.00000000       49.7509193    
   1964.06409       49.7509193    
 NaN NaN
   0.00000000       50.8970871    
   1964.06409       50.8970871    
 NaN NaN
   0.00000000       52.0432587    
   1964.06409       52.0432587    
 NaN NaN
   0.00000000       53.1894302    
   1964.06409       53.1894302    
 NaN NaN
   0.00000000       54.3355980    
   1964.06409       54.3355980    
 NaN NaN
   0.00000000       55.4817696    
   1964.06409       55.4817696    
 NaN NaN
   0.00000000       56.6279373    
   1964.06409       56.6279373    
 NaN NaN
   0.00000000       57.7741089    
   1964.06409       57.7741089    
 NaN NaN
   0.00000000       58.9202766    
   1964.06409       58.9202766    
 NaN NaN
   0.00000000       60.0664482    
   1964.06409       60.0664482    
 NaN NaN
   0.00000000       61.2126198    
   1964.06409       61.2126198    
 NaN NaN
   0.00000000       62.3587875    
   1964.06409       62.3587875    
 NaN NaN
   0.00000000       63.5049591    
   1964.06409       63.5049591    
 NaN NaN
   0.00000000       64.6511307    
   1964.06409       64.6511307    
 NaN NaN
