 Elev(m)    Area(m2)     Peri(m)      Radi(m)   Conv(m3/s)    topWidth(m)    newI1(m3)    dPdA(1/m)
   -30.21        0.00        0.00         NaN                 NaN               0.000           0.000             NaN
   -29.38       12.30       24.69        0.50             309.051              24.612           5.117           2.008
   -28.55       38.51       37.81        1.02            1559.006              37.604          26.255           0.501
   -27.72       76.90       56.31        1.37            3786.566              55.959          74.274           0.482
   -26.88      132.45       78.06        1.70            7537.567              77.573         161.383           0.392
   -26.05      206.46      101.23        2.04           13280.923             100.611         302.398           0.313
   -25.22      298.74      118.79        2.51           22098.760             118.000         512.603           0.190
   -24.39      402.41      132.77        3.03           33710.926             131.815         804.340           0.135
   -23.55      516.59      143.30        3.60           48580.277             142.163        1186.718           0.092
   -22.72      651.09      205.93        3.16           56101.766             204.617        1672.565           0.466
   -21.89      846.57      250.70        3.38           76218.898             249.234        2295.715           0.229
   -21.06     1063.94      275.00        3.87          104883.555             273.376        3090.646           0.112
   -20.23     1301.09      298.18        4.36          138969.422             296.409        4074.698           0.098
   -19.39     1557.39      320.97        4.85          178543.109             319.072        5264.061           0.089
   -18.56     1832.06      344.18        5.32          223407.469             342.161        6674.348           0.085
   -17.73     2126.68      366.93        5.80          274479.188             364.784        8321.509           0.077
   -16.90     2439.37      388.72        6.28          331968.125             386.511       10221.360           0.070
   -16.06     2771.48      413.85        6.70          393866.688             411.584       12389.502           0.076
   -15.23     3123.90      437.35        7.14          463446.969             435.018       14842.465           0.067
   -14.40     3494.60      457.85        7.63          541886.625             455.425       17596.307           0.055
   -13.57     3881.52      477.09        8.14          628050.750             474.578       20665.381           0.050
   -12.74     4283.32      492.82        8.69          724274.000             490.198       24062.629           0.039
   -11.90     4696.31      505.08        9.30          830638.125             502.345       27798.900           0.030
   -11.07     5119.00      516.39        9.91          944891.750             513.526       31882.875           0.027
   -10.24     5551.18      528.46       10.50         1065025.750             525.475       36322.547           0.028
    -9.41     5993.87      542.29       11.05         1189650.250             539.189       41126.242           0.031
    -8.58     6449.16      558.57       11.55         1317793.500             555.367       46303.566           0.036
    -7.74     6917.99      574.56       12.04         1453677.750             571.259       51865.406           0.034
    -6.91     7399.03      588.44       12.57         1600360.625             585.031       57822.465           0.029
    -6.08     7889.86      597.04       13.22         1764038.500             593.354       64183.898           0.018
    -5.25     8386.27      603.71       13.89         1938448.500             599.704       70956.117           0.013
    -4.41     8887.92      610.21       14.57         2120350.000             605.871       78143.609           0.013
    -3.58     9394.62      616.59       15.24         2309559.500             611.918       85750.656           0.013
    -2.75     9906.45      623.27       15.89         2504992.500             618.272       93781.492           0.013
    -1.92    10423.64      630.07       16.54         2707087.250             624.744      102240.484           0.013
    -1.09    10946.49      637.49       17.17         2914308.500             631.852      111132.227           0.014
    -0.25    11475.46      645.97       17.76         3125120.250             640.017      120461.609           0.016
     0.58    12012.10      656.67       18.29         3335761.500             650.383      130234.375           0.020
     1.41    12557.20      664.03       18.91         3565232.750             657.335      140457.234           0.014
     2.24    13105.31      667.18       19.64         3816321.250             659.986      151134.953           0.006
     3.07    13655.63      670.32       20.37         4074347.000             662.637      162269.719           0.006
     3.91    14208.16      673.46       21.10         4339237.000             665.288      173863.359           0.006
     4.74    14762.89      676.61       21.82         4610922.000             667.939      185917.703           0.006
     5.57    15319.83      679.75       22.54         4889336.500             670.590      198434.594           0.006
     6.40    15883.83      716.27       22.18         5014943.000             706.715      211417.891           0.065
     7.24    16541.23      889.32       18.60         4644812.000             879.432      224909.391           0.263
     8.07    17284.77      909.90       19.00         4922311.500             899.896      238983.812           0.028
     8.90    18036.92      917.49       19.66         5255270.500             907.295      253680.547           0.010
     9.73    18794.75      924.47       20.33         5600056.500             914.068      269005.562           0.009
    10.56    19558.55      932.22       20.98         5951262.000             921.630      284963.688           0.010
    11.40    20332.40      946.38       21.48         6285344.500             935.693      301561.625           0.018
    12.23    21111.05      946.38       22.31         6691617.500             935.693      318805.531           0.000
    13.06    21889.70      946.38       23.13         7108006.500             935.693      336697.375           0.000
    13.89    22668.35      946.38       23.95         7534389.000             935.693      355237.188          -0.000
    14.73    23447.00      946.38       24.78         7970649.500             935.693      374425.000           0.000
    15.56    24225.65      946.38       25.60         8416677.000             935.693      394260.750           0.000
    16.39    25004.30      946.38       26.42         8872366.000             935.693      414744.469           0.000
    17.22    25782.96      946.38       27.24         9337616.000             935.693      435876.156           0.000
    18.05    26561.61      946.38       28.07         9812328.000             935.693      457655.812          -0.000
    18.89    27340.26      946.38       28.89        10296410.000             935.693      480083.406           0.000
    19.72    28118.91      946.38       29.71        10789773.000             935.693      503159.062           0.000
    20.55    28897.56      946.38       30.53        11292328.000             935.693      526882.625           0.000
    21.38    29676.21      946.38       31.36        11803993.000             935.693      551254.125           0.000
    22.21    30454.86      946.38       32.18        12324688.000             935.693      576273.562          -0.000
    23.05    31233.51      946.38       33.00        12854334.000             935.693      601941.062           0.000
    23.88    32012.16      946.38       33.83        13392857.000             935.693      628256.438           0.000
    24.71    32790.82      946.38       34.65        13940186.000             935.693      655219.812           0.000
    25.54    33569.47      946.38       35.47        14496248.000             935.693      682831.188           0.000
    26.38    34348.12      946.38       36.29        15060975.000             935.693      711090.500           0.000
    27.21    35126.77      946.38       37.12        15634304.000             935.693      739997.812          -0.000
    28.04    35905.42      946.38       37.94        16216169.000             935.693      769553.062           0.000
    28.87    36684.07      946.38       38.76        16806506.000             935.693      799756.312           0.000
    29.70    37462.72      946.38       39.59        17405254.000             935.693      830607.438           0.000
    30.54    38241.38      946.38       40.41        18012362.000             935.693      862106.625           0.000
    31.37    39020.03      946.38       41.23        18627766.000             935.693      894253.688          -0.000
    32.20    39798.68      946.38       42.05        19251414.000             935.693      927048.875           0.000
    33.03    40577.33      946.38       42.88        19883244.000             935.693      960491.875           0.000
    33.86    41355.98      946.38       43.70        20523214.000             935.693      994582.875           0.000
    34.70    42134.63      946.38       44.52        21171268.000             935.693     1029321.875           0.000
    35.53    42913.28      946.38       45.34        21827352.000             935.693     1064708.875          -0.000
    36.36    43691.93      946.38       46.17        22491426.000             935.693     1100743.750           0.000
    37.19    44470.59      946.38       46.99        23163434.000             935.693     1137426.625           0.000
    38.03    45249.23      946.38       47.81        23843330.000             935.693     1174757.375           0.000
    38.86    46027.89      946.38       48.64        24531074.000             935.693     1212736.250           0.000
    39.69    46806.54      946.38       49.46        25226622.000             935.693     1251363.000          -0.000
    40.52    47585.19      946.38       50.28        25929920.000             935.693     1290637.750           0.000
    41.35    48363.84      946.38       51.10        26640936.000             935.693     1330560.375           0.000
    42.19    49142.49      946.38       51.93        27359624.000             935.693     1371131.125           0.000
    43.02    49921.14      946.38       52.75        28085946.000             935.693     1412349.875           0.000
    43.85    50699.80      946.38       53.57        28819860.000             935.693     1454216.500          -0.000
    44.68    51478.45      946.38       54.39        29561328.000             935.693     1496731.125           0.000
    45.52    52257.10      946.38       55.22        30310306.000             935.693     1539893.625           0.000
    46.35    53035.75      946.38       56.04        31066764.000             935.693     1583704.125           0.000
    47.18    53814.40      946.38       56.86        31830666.000             935.693     1628162.625           0.000
    48.01    54593.05      946.38       57.69        32601966.000             935.693     1673269.000           0.000
    48.84    55371.70      946.38       58.51        33380640.000             935.693     1719023.375          -0.000
    49.68    56150.36      946.38       59.33        34166648.000             935.693     1765425.750           0.000
    50.51    56929.00      946.38       60.15        34959952.000             935.693     1812476.125           0.000
    51.34    57707.66      946.38       60.98        35760524.000             935.693     1860174.375           0.000
    52.17    58486.31      946.38       61.80        36568336.000             935.693     1908520.625           0.000
    53.00    59264.96      946.38       62.62        37383344.000             935.693     1957514.875          -0.000
