   293.975159      -23.6955795    
   333.388763      -23.6955795    
 NaN NaN
   288.094299      -22.9492474    
   349.650116      -22.9492474    
 NaN NaN
   282.841522      -22.2029133    
   362.674347      -22.2029133    
 NaN NaN
   277.534485      -21.4565811    
   372.851257      -21.4565811    
 NaN NaN
   272.005585      -20.7102470    
   381.408539      -20.7102470    
 NaN NaN
   266.023712      -19.9639130    
   392.364777      -19.9639130    
 NaN NaN
   260.263275      -19.2175808    
   403.205383      -19.2175808    
 NaN NaN
   254.719940      -18.4712467    
   415.305115      -18.4712467    
 NaN NaN
   250.416946      -17.7249146    
   426.957794      -17.7249146    
 NaN NaN
   246.715500      -16.9785805    
   437.699402      -16.9785805    
 NaN NaN
   242.442245      -16.2322464    
   446.165741      -16.2322464    
 NaN NaN
   238.314377      -15.4859142    
   455.553680      -15.4859142    
 NaN NaN
   234.426361      -14.7395811    
   472.125610      -14.7395811    
 NaN NaN
   230.626846      -13.9932470    
   498.173737      -13.9932470    
 NaN NaN
   226.929428      -13.2469139    
   511.532257      -13.2469139    
 NaN NaN
   223.732452      -12.5005808    
   523.753113      -12.5005808    
 NaN NaN
   220.513672      -11.7542477    
   539.354126      -11.7542477    
 NaN NaN
   217.251892      -11.0079145    
   558.526855      -11.0079145    
 NaN NaN
   213.828552      -10.2615805    
   570.333618      -10.2615805    
 NaN NaN
   210.405212      -9.51524734    
   581.636780      -9.51524734    
 NaN NaN
   206.415039      -8.76891422    
   595.298157      -8.76891422    
 NaN NaN
   202.203369      -8.02258110    
   610.186035      -8.02258110    
 NaN NaN
   197.758835      -7.27624750    
   629.376282      -7.27624750    
 NaN NaN
   192.903336      -6.52991438    
   650.307983      -6.52991438    
 NaN NaN
   188.671188      -5.78358126    
   666.628906      -5.78358126    
 NaN NaN
   184.096054      -5.03724766    
   683.404297      -5.03724766    
 NaN NaN
   179.520920      -4.29091454    
   709.641357      -4.29091454    
 NaN NaN
   174.940155      -3.54458117    
   722.590088      -3.54458117    
 NaN NaN
   170.477097      -2.79824781    
   745.171814      -2.79824781    
 NaN NaN
   166.941772      -2.05191469    
   759.108276      -2.05191469    
 NaN NaN
   163.406448      -1.30558133    
   775.239319      -1.30558133    
 NaN NaN
   159.426712     -0.559247971    
   803.547668     -0.559247971    
 NaN NaN
   155.017487      0.187085330    
   818.883057      0.187085330    
 NaN NaN
   150.131973      0.933418632    
   855.540955      0.933418632    
 NaN NaN
   144.471970       1.67975187    
   864.599915       1.67975187    
 NaN NaN
   138.630676       2.42608523    
   869.609741       2.42608523    
 NaN NaN
   133.207214       3.17241859    
   875.031616       3.17241859    
 NaN NaN
   131.664444       3.91875172    
   880.902954       3.91875172    
 NaN NaN
   130.145721       4.66508532    
   887.910034       4.66508532    
 NaN NaN
   128.627014       5.41141844    
   931.855225       5.41141844    
 NaN NaN
   127.108284       6.15775156    
   978.945435       6.15775156    
 NaN NaN
   125.589569       6.90408516    
   987.392578       6.90408516    
 NaN NaN
   1143.00818       6.90408516    
   1147.72083       6.90408516    
 NaN NaN
   123.965485       7.65041828    
   996.229980       7.65041828    
 NaN NaN
   1009.39740       7.65041828    
   1027.64929       7.65041828    
 NaN NaN
   1129.30518       7.65041828    
   1166.38611       7.65041828    
 NaN NaN
   1190.19409       7.65041828    
   1194.61121       7.65041828    
 NaN NaN
   26.2049007       8.39675140    
   97.8486862       8.39675140    
 NaN NaN
   120.097084       8.39675140    
   1034.17920       8.39675140    
 NaN NaN
   1115.91772       8.39675140    
   1235.16150       8.39675140    
 NaN NaN
   1473.25964       8.39675140    
   1479.81616       8.39675140    
 NaN NaN
   18.9518528       9.14308453    
   110.420509       9.14308453    
 NaN NaN
   116.228683       9.14308453    
   1044.51514       9.14308453    
 NaN NaN
   1078.45923       9.14308453    
   1252.28931       9.14308453    
 NaN NaN
   1390.58276       9.14308453    
   1535.76221       9.14308453    
 NaN NaN
   14.3955755       9.88941860    
   1265.65967       9.88941860    
 NaN NaN
   1365.97571       9.88941860    
   1535.76221       9.88941860    
 NaN NaN
   10.5431795       10.6357517    
   1277.40088       10.6357517    
 NaN NaN
   1345.47192       10.6357517    
   1535.76221       10.6357517    
 NaN NaN
   6.83405113       11.3820848    
   1288.28235       11.3820848    
 NaN NaN
   1330.39819       11.3820848    
   1535.76221       11.3820848    
 NaN NaN
   3.41702771       12.1284180    
   1535.76221       12.1284180    
 NaN NaN
   4.36631763E-06   12.8747511    
   1535.76221       12.8747511    
 NaN NaN
   0.00000000       13.6210852    
   1535.76221       13.6210852    
 NaN NaN
   0.00000000       14.3674183    
   1535.76221       14.3674183    
 NaN NaN
   0.00000000       15.1137514    
   1535.76221       15.1137514    
 NaN NaN
   0.00000000       15.8600845    
   1535.76221       15.8600845    
 NaN NaN
   0.00000000       16.6064186    
   1535.76221       16.6064186    
 NaN NaN
   0.00000000       17.3527508    
   1535.76221       17.3527508    
 NaN NaN
   0.00000000       18.0990849    
   1535.76221       18.0990849    
 NaN NaN
   0.00000000       18.8454170    
   1535.76221       18.8454170    
 NaN NaN
   0.00000000       19.5917511    
   1535.76221       19.5917511    
 NaN NaN
   0.00000000       20.3380852    
   1535.76221       20.3380852    
 NaN NaN
   0.00000000       21.0844173    
   1535.76221       21.0844173    
 NaN NaN
   0.00000000       21.8307514    
   1535.76221       21.8307514    
 NaN NaN
   0.00000000       22.5770836    
   1535.76221       22.5770836    
 NaN NaN
   0.00000000       23.3234177    
   1535.76221       23.3234177    
 NaN NaN
   0.00000000       24.0697517    
   1535.76221       24.0697517    
 NaN NaN
   0.00000000       24.8160839    
   1535.76221       24.8160839    
 NaN NaN
   0.00000000       25.5624180    
   1535.76221       25.5624180    
 NaN NaN
   0.00000000       26.3087502    
   1535.76221       26.3087502    
 NaN NaN
   0.00000000       27.0550842    
   1535.76221       27.0550842    
 NaN NaN
   0.00000000       27.8014183    
   1535.76221       27.8014183    
 NaN NaN
   0.00000000       28.5477505    
   1535.76221       28.5477505    
 NaN NaN
   0.00000000       29.2940845    
   1535.76221       29.2940845    
 NaN NaN
   0.00000000       30.0404167    
   1535.76221       30.0404167    
 NaN NaN
   0.00000000       30.7867508    
   1535.76221       30.7867508    
 NaN NaN
   0.00000000       31.5330849    
   1535.76221       31.5330849    
 NaN NaN
   0.00000000       32.2794189    
   1535.76221       32.2794189    
 NaN NaN
   0.00000000       33.0257492    
   1535.76221       33.0257492    
 NaN NaN
   0.00000000       33.7720833    
   1535.76221       33.7720833    
 NaN NaN
   0.00000000       34.5184174    
   1535.76221       34.5184174    
 NaN NaN
   0.00000000       35.2647514    
   1535.76221       35.2647514    
 NaN NaN
   0.00000000       36.0110855    
   1535.76221       36.0110855    
 NaN NaN
   0.00000000       36.7574158    
   1535.76221       36.7574158    
 NaN NaN
   0.00000000       37.5037498    
   1535.76221       37.5037498    
 NaN NaN
   0.00000000       38.2500839    
   1535.76221       38.2500839    
 NaN NaN
   0.00000000       38.9964180    
   1535.76221       38.9964180    
 NaN NaN
   0.00000000       39.7427521    
   1535.76221       39.7427521    
 NaN NaN
   0.00000000       40.4890823    
   1535.76221       40.4890823    
 NaN NaN
   0.00000000       41.2354164    
   1535.76221       41.2354164    
 NaN NaN
   0.00000000       41.9817505    
   1535.76221       41.9817505    
 NaN NaN
   0.00000000       42.7280846    
   1535.76221       42.7280846    
 NaN NaN
   0.00000000       43.4744186    
   1535.76221       43.4744186    
 NaN NaN
   0.00000000       44.2207489    
   1535.76221       44.2207489    
 NaN NaN
   0.00000000       44.9670830    
   1535.76221       44.9670830    
 NaN NaN
   0.00000000       45.7134171    
   1535.76221       45.7134171    
 NaN NaN
   0.00000000       46.4597511    
   1535.76221       46.4597511    
 NaN NaN
   0.00000000       47.2060852    
   1535.76221       47.2060852    
 NaN NaN
   0.00000000       47.9524155    
   1535.76221       47.9524155    
 NaN NaN
   0.00000000       48.6987495    
   1535.76221       48.6987495    
 NaN NaN
   0.00000000       49.4450836    
   1535.76221       49.4450836    
 NaN NaN
   0.00000000       50.1914177    
   1535.76221       50.1914177    
 NaN NaN
