 Elev(m)    Area(m2)     Peri(m)      Radi(m)   Conv(m3/s)    topWidth(m)    newI1(m3)    dPdA(1/m)
   -14.65        0.00        0.00         NaN                 NaN               0.000           0.000             NaN
   -14.09        8.04       28.27        0.28             139.117              28.242           2.255           3.515
   -13.53       29.39       49.18        0.60             833.895              49.104          12.748           0.980
   -12.97       70.68      117.63        0.60            2012.973             117.506          40.804           1.658
   -12.41      193.02      303.77        0.64            5706.598             303.586         114.742           1.521
   -11.85      396.61      388.22        1.02           16092.228             387.968         280.067           0.415
   -11.29      620.67      412.78        1.50           32584.986             412.477         565.298           0.110
   -10.73      875.40      469.29        1.87           53061.570             468.918         984.776           0.222
   -10.17     1142.27      482.95        2.37           81109.930             482.522        1550.503           0.051
    -9.60     1423.66      530.66        2.68          109949.664             530.160        2269.953           0.170
    -9.04     1735.12      572.60        3.03          145337.672             572.035        3155.630           0.135
    -8.48     2060.09      587.67        3.51          190157.328             587.065        4219.753           0.046
    -7.92     2394.50      607.30        3.94          239046.203             606.657        5468.757           0.059
    -7.36     2741.41      634.33        4.32          290943.125             633.647        6908.793           0.078
    -6.80     3104.90      658.86        4.71          349095.594             658.144        8548.014           0.067
    -6.24     3477.56      671.29        5.18          416463.438             670.525       10393.639           0.033
    -5.68     3856.05      680.06        5.67          490457.000             679.211       12449.878           0.023
    -5.12     4239.60      690.39        6.14          568687.312             689.460       14719.782           0.027
    -4.56     4629.37      701.65        6.60          651400.375             700.650       17206.512           0.029
    -4.00     5025.59      713.98        7.04          738323.750             712.906       19913.625           0.031
    -3.44     5428.97      727.01        7.47          829652.750             725.857       22844.934           0.032
    -2.88     5839.82      740.27        7.89          925693.500             739.036       26004.541           0.032
    -2.31     6257.48      751.14        8.33         1028600.562             749.821       29396.449           0.026
    -1.75     6680.51      760.25        8.79         1137900.875             758.847       33024.074           0.022
    -1.19     7108.11      767.89        9.26         1253476.375             766.396       36890.203           0.018
    -0.63     7540.26      776.76        9.71         1372499.750             775.190       40997.395           0.021
    -0.07     7977.51      785.86       10.15         1496033.000             784.220       45348.352           0.021
     0.49     8419.70      794.51       10.60         1624876.125             792.794       49945.895           0.020
     1.05     8866.65      802.98       11.04         1758693.500             801.182       54792.734           0.019
     1.61     9318.17      811.04       11.49         1897801.125             809.161       59891.492           0.018
     2.17     9774.11      818.64       11.94         2042329.000             816.681       65244.695           0.017
     2.73    10233.96      825.43       12.40         2192866.500             823.376       70854.664           0.015
     3.29    10697.55      832.17       12.86         2348154.250             830.020       76723.555           0.015
     3.85    11164.79      838.74       13.31         2508380.000             836.493       82853.438           0.014
     4.41    11635.79      845.66       13.76         2672522.000             843.325       89246.391           0.015
     4.98    12110.60      852.49       14.21         2841460.000             850.063       95904.531           0.014
     5.54    12589.20      859.27       14.65         3015120.000             856.741      102829.992           0.014
     6.10    13071.40      865.44       15.10         3194759.500             862.810      110024.859           0.013
     6.66    13556.58      870.37       15.58         3382009.750             867.601      117490.961           0.010
     7.22    14044.45      875.31       16.05         3573766.250             872.411      125229.891           0.010
     7.78    14546.66      930.92       15.63         3636834.250             927.895      133246.422           0.111
     8.34    15087.45     1002.05       15.06         3679820.750             998.898      141555.406           0.132
     8.90    15667.13     1067.17       14.68         3757381.500            1063.832      150178.547           0.112
     9.46    16277.74     1114.91       14.60         3889473.500            1111.455      159135.422           0.078
    10.02    16906.56     1131.39       14.94         4102780.750            1127.879      168439.828           0.026
    10.58    17541.70     1140.76       15.38         4338942.000            1137.181      178098.609           0.015
    11.14    18181.86     1149.23       15.82         4583375.000            1145.579      188114.984           0.013
    11.70    18826.30     1156.59       16.28         4836692.500            1152.850      198491.531           0.011
    12.27    19473.99     1160.28       16.78         5106341.500            1156.479      209230.375           0.006
    12.83    20123.25     1162.97       17.30         5384901.000            1159.110      220332.875           0.004
    13.39    20773.98     1165.66       17.82         5669498.500            1161.742      231799.859           0.004
    13.95    21425.46     1165.66       18.38         5968910.500            1161.742      243631.969           0.000
    14.51    22076.93     1165.66       18.94         6274455.000            1161.742      255829.406           0.000
    15.07    22728.40     1165.66       19.50         6586070.000            1161.742      268392.188           0.000
    15.63    23379.87     1165.66       20.06         6903697.500            1161.742      281320.250           0.000
    16.19    24031.34     1165.66       20.62         7227282.000            1161.742      294613.688          -0.000
    16.75    24682.81     1165.66       21.17         7556767.500            1161.742      308272.406           0.000
    17.31    25334.29     1165.66       21.73         7892102.500            1161.742      322296.500           0.000
    17.87    25985.76     1165.66       22.29         8233236.000            1161.742      336685.875           0.000
    18.43    26637.23     1165.66       22.85         8580120.000            1161.742      351440.625           0.000
    18.99    27288.70     1165.66       23.41         8932704.000            1161.742      366560.656           0.000
    19.56    27940.17     1165.66       23.97         9290948.000            1161.742      382046.062          -0.000
    20.12    28591.64     1165.66       24.53         9654804.000            1161.742      397896.719           0.000
    20.68    29243.11     1165.66       25.09        10024230.000            1161.742      414112.781           0.000
    21.24    29894.58     1165.66       25.65        10399182.000            1161.742      430694.094           0.000
    21.80    30546.05     1165.66       26.20        10779622.000            1161.742      447640.812           0.000
    22.36    31197.53     1165.66       26.76        11165511.000            1161.742      464952.844           0.000
    22.92    31849.00     1165.66       27.32        11556810.000            1161.742      482630.156          -0.000
    23.48    32500.47     1165.66       27.88        11953482.000            1161.742      500672.844           0.000
    24.04    33151.94     1165.66       28.44        12355488.000            1161.742      519080.781           0.000
    24.60    33803.41     1165.66       29.00        12762799.000            1161.742      537854.125           0.000
    25.16    34454.88     1165.66       29.56        13175374.000            1161.742      556992.750           0.000
    25.72    35106.36     1165.66       30.12        13593184.000            1161.742      576496.750           0.000
    26.28    35757.82     1165.66       30.68        14016196.000            1161.742      596366.000          -0.000
    26.85    36409.30     1165.66       31.23        14444377.000            1161.742      616600.625           0.000
    27.41    37060.77     1165.66       31.79        14877697.000            1161.742      637200.562           0.000
    27.97    37712.24     1165.66       32.35        15316126.000            1161.742      658165.812           0.000
    28.53    38363.71     1165.66       32.91        15759630.000            1161.742      679496.375           0.000
    29.09    39015.18     1165.66       33.47        16208184.000            1161.742      701192.375           0.000
    29.65    39666.65     1165.66       34.03        16661761.000            1161.742      723253.562          -0.000
    30.21    40318.12     1165.66       34.59        17120332.000            1161.742      745680.188           0.000
    30.77    40969.60     1165.66       35.15        17583870.000            1161.742      768472.125           0.000
    31.33    41621.07     1165.66       35.71        18052350.000            1161.742      791629.312           0.000
    31.89    42272.54     1165.66       36.26        18525742.000            1161.742      815151.875           0.000
    32.45    42924.02     1165.66       36.82        19004022.000            1161.742      839039.812           0.000
    33.01    43575.48     1165.66       37.38        19487162.000            1161.742      863292.875          -0.000
    33.57    44226.95     1165.66       37.94        19975150.000            1161.742      887911.438           0.000
    34.14    44878.43     1165.66       38.50        20467950.000            1161.742      912895.375           0.000
    34.70    45529.90     1165.66       39.06        20965544.000            1161.742      938244.562           0.000
    35.26    46181.37     1165.66       39.62        21467904.000            1161.742      963958.938           0.000
    35.82    46832.84     1165.66       40.18        21975010.000            1161.742      990038.812           0.000
    36.38    47484.31     1165.66       40.74        22486848.000            1161.742     1016484.062          -0.000
    36.94    48135.79     1165.66       41.29        23003384.000            1161.742     1043294.562           0.000
    37.50    48787.25     1165.66       41.85        23524602.000            1161.742     1070470.250           0.000
    38.06    49438.73     1165.66       42.41        24050482.000            1161.742     1098011.500           0.000
    38.62    50090.20     1165.66       42.97        24581000.000            1161.742     1125918.000           0.000
    39.18    50741.67     1165.66       43.53        25116138.000            1161.742     1154189.750           0.000
    39.74    51393.14     1165.66       44.09        25655880.000            1161.742     1182827.000          -0.000
    40.30    52044.61     1165.66       44.65        26200200.000            1161.742     1211829.250           0.000
    40.86    52696.08     1165.66       45.21        26749080.000            1161.742     1241197.125           0.000
    41.43    53347.55     1165.66       45.77        27302506.000            1161.742     1270930.250           0.000
