   876.225098      -32.3833542    
   909.613586      -32.3833542    
 NaN NaN
   864.944031      -31.4977894    
   915.987549      -31.4977894    
 NaN NaN
   851.680725      -30.6122227    
   921.522400      -30.6122227    
 NaN NaN
   839.048767      -29.7266579    
   926.417114      -29.7266579    
 NaN NaN
   828.971497      -28.8410912    
   931.451965      -28.8410912    
 NaN NaN
   822.051819      -27.9555244    
   936.396057      -27.9555244    
 NaN NaN
   816.288635      -27.0699596    
   941.912048      -27.0699596    
 NaN NaN
   810.869202      -26.1843929    
   947.457825      -26.1843929    
 NaN NaN
   804.908325      -25.2988281    
   954.290710      -25.2988281    
 NaN NaN
   798.527771      -24.4132614    
   961.562012      -24.4132614    
 NaN NaN
   791.429688      -23.5276947    
   968.024902      -23.5276947    
 NaN NaN
   783.577393      -22.6421299    
   972.702454      -22.6421299    
 NaN NaN
   774.223572      -21.7565632    
   977.012878      -21.7565632    
 NaN NaN
   765.263672      -20.8709984    
   980.492798      -20.8709984    
 NaN NaN
   756.324097      -19.9854317    
   983.958557      -19.9854317    
 NaN NaN
   745.357849      -19.0998650    
   987.031982      -19.0998650    
 NaN NaN
   730.687439      -18.2143002    
   990.105408      -18.2143002    
 NaN NaN
   712.874756      -17.3287334    
   993.159668      -17.3287334    
 NaN NaN
   696.354065      -16.4431686    
   996.246277      -16.4431686    
 NaN NaN
   675.827576      -15.5576019    
   999.332947      -15.5576019    
 NaN NaN
   636.351074      -14.6720362    
   1002.51617      -14.6720362    
 NaN NaN
   598.975098      -13.7864704    
   1005.72369      -13.7864704    
 NaN NaN
   522.249512      -12.9009047    
   1008.70355      -12.9009047    
 NaN NaN
   441.919708      -12.0153389    
   1011.65656      -12.0153389    
 NaN NaN
   357.536438      -11.1297722    
   1014.60956      -11.1297722    
 NaN NaN
   332.370880      -10.2442064    
   1017.60785      -10.2442064    
 NaN NaN
   316.262115      -9.35864067    
   1020.64917      -9.35864067    
 NaN NaN
   305.038574      -8.47307491    
   1023.93890      -8.47307491    
 NaN NaN
   297.022583      -7.58750868    
   1027.50159      -7.58750868    
 NaN NaN
   290.928864      -6.70194292    
   1031.07629      -6.70194292    
 NaN NaN
   286.467438      -5.81637669    
   1035.44495      -5.81637669    
 NaN NaN
   282.237549      -4.93081093    
   1039.76868      -4.93081093    
 NaN NaN
   278.600647      -4.04524517    
   1045.81421      -4.04524517    
 NaN NaN
   274.966064      -3.15967894    
   1052.18091      -3.15967894    
 NaN NaN
   271.524292      -2.27411318    
   1058.31384      -2.27411318    
 NaN NaN
   268.082092      -1.38854718    
   1064.54871      -1.38854718    
 NaN NaN
   264.419495     -0.502981246    
   1070.59534     -0.502981246    
 NaN NaN
   261.653687      0.382584691    
   1077.14355      0.382584691    
 NaN NaN
   259.202118       1.26815057    
   1085.34448       1.26815057    
 NaN NaN
   256.624115       2.15371656    
   1094.77087       2.15371656    
 NaN NaN
   253.851974       3.03928256    
   1114.62097       3.03928256    
 NaN NaN
   250.674881       3.92484856    
   1145.04956       3.92484856    
 NaN NaN
   245.545700       4.81041431    
   1162.84619       4.81041431    
 NaN NaN
   233.620804       5.69598007    
   1167.62549       5.69598007    
 NaN NaN
   88.1122513       6.58154631    
   93.5746460       6.58154631    
 NaN NaN
   215.190796       6.58154631    
   1186.36804       6.58154631    
 NaN NaN
   37.6755486       7.46711206    
   106.491127       7.46711206    
 NaN NaN
   110.252907       7.46711206    
   1258.96838       7.46711206    
 NaN NaN
   31.3866425       8.35267830    
   1266.27246       8.35267830    
 NaN NaN
   21.9259853       9.23824406    
   1269.69580       9.23824406    
 NaN NaN
   14.3983259       10.1238098    
   1273.02026       10.1238098    
 NaN NaN
   0.00000000       11.0093756    
   1275.52087       11.0093756    
 NaN NaN
   0.00000000       11.8949423    
   1275.52087       11.8949423    
 NaN NaN
   0.00000000       12.7805080    
   1275.52087       12.7805080    
 NaN NaN
   0.00000000       13.6660738    
   1275.52087       13.6660738    
 NaN NaN
   0.00000000       14.5516396    
   1275.52087       14.5516396    
 NaN NaN
   0.00000000       15.4372053    
   1275.52087       15.4372053    
 NaN NaN
   0.00000000       16.3227711    
   1275.52087       16.3227711    
 NaN NaN
   0.00000000       17.2083378    
   1275.52087       17.2083378    
 NaN NaN
   0.00000000       18.0939026    
   1275.52087       18.0939026    
 NaN NaN
   0.00000000       18.9794693    
   1275.52087       18.9794693    
 NaN NaN
   0.00000000       19.8650360    
   1275.52087       19.8650360    
 NaN NaN
   0.00000000       20.7506008    
   1275.52087       20.7506008    
 NaN NaN
   0.00000000       21.6361675    
   1275.52087       21.6361675    
 NaN NaN
   0.00000000       22.5217323    
   1275.52087       22.5217323    
 NaN NaN
   0.00000000       23.4072990    
   1275.52087       23.4072990    
 NaN NaN
   0.00000000       24.2928658    
   1275.52087       24.2928658    
 NaN NaN
   0.00000000       25.1784306    
   1275.52087       25.1784306    
 NaN NaN
   0.00000000       26.0639973    
   1275.52087       26.0639973    
 NaN NaN
   0.00000000       26.9495621    
   1275.52087       26.9495621    
 NaN NaN
   0.00000000       27.8351288    
   1275.52087       27.8351288    
 NaN NaN
   0.00000000       28.7206955    
   1275.52087       28.7206955    
 NaN NaN
   0.00000000       29.6062603    
   1275.52087       29.6062603    
 NaN NaN
   0.00000000       30.4918270    
   1275.52087       30.4918270    
 NaN NaN
   0.00000000       31.3773918    
   1275.52087       31.3773918    
 NaN NaN
   0.00000000       32.2629585    
   1275.52087       32.2629585    
 NaN NaN
   0.00000000       33.1485252    
   1275.52087       33.1485252    
 NaN NaN
   0.00000000       34.0340919    
   1275.52087       34.0340919    
 NaN NaN
   0.00000000       34.9196548    
   1275.52087       34.9196548    
 NaN NaN
   0.00000000       35.8052216    
   1275.52087       35.8052216    
 NaN NaN
   0.00000000       36.6907883    
   1275.52087       36.6907883    
 NaN NaN
   0.00000000       37.5763550    
   1275.52087       37.5763550    
 NaN NaN
   0.00000000       38.4619217    
   1275.52087       38.4619217    
 NaN NaN
   0.00000000       39.3474846    
   1275.52087       39.3474846    
 NaN NaN
   0.00000000       40.2330513    
   1275.52087       40.2330513    
 NaN NaN
   0.00000000       41.1186180    
   1275.52087       41.1186180    
 NaN NaN
   0.00000000       42.0041847    
   1275.52087       42.0041847    
 NaN NaN
   0.00000000       42.8897514    
   1275.52087       42.8897514    
 NaN NaN
   0.00000000       43.7753143    
   1275.52087       43.7753143    
 NaN NaN
   0.00000000       44.6608810    
   1275.52087       44.6608810    
 NaN NaN
   0.00000000       45.5464478    
   1275.52087       45.5464478    
 NaN NaN
   0.00000000       46.4320145    
   1275.52087       46.4320145    
 NaN NaN
   0.00000000       47.3175812    
   1275.52087       47.3175812    
 NaN NaN
   0.00000000       48.2031441    
   1275.52087       48.2031441    
 NaN NaN
   0.00000000       49.0887108    
   1275.52087       49.0887108    
 NaN NaN
   0.00000000       49.9742775    
   1275.52087       49.9742775    
 NaN NaN
   0.00000000       50.8598442    
   1275.52087       50.8598442    
 NaN NaN
   0.00000000       51.7454071    
   1275.52087       51.7454071    
 NaN NaN
   0.00000000       52.6309738    
   1275.52087       52.6309738    
 NaN NaN
   0.00000000       53.5165405    
   1275.52087       53.5165405    
 NaN NaN
   0.00000000       54.4021072    
   1275.52087       54.4021072    
 NaN NaN
   0.00000000       55.2876740    
   1275.52087       55.2876740    
 NaN NaN
