 Elev(m)    Area(m2)     Peri(m)      Radi(m)   Conv(m3/s)    topWidth(m)    newI1(m3)    dPdA(1/m)
   -46.09        0.00        0.00         NaN                 NaN               0.000           0.000             NaN
   -45.04       16.45       26.90        0.61             474.173              26.803           8.677           1.635
   -43.99       54.66       45.03        1.21            2487.828              44.798          46.181           0.474
   -42.93      109.71       59.26        1.85            6616.427              58.854         132.870           0.259
   -41.88      178.27       71.49        2.49           13113.145              70.887         284.757           0.178
   -40.82      259.64       83.71        3.10           22086.990              82.907         515.720           0.150
   -39.77      352.64       94.49        3.73           33936.711              93.449         838.647           0.116
   -38.71      456.91      105.43        4.33           48581.188             104.150        1265.621           0.105
   -37.66      572.22      115.99        4.93           66330.875             114.473        1808.411           0.092
   -36.60      698.21      125.97        5.54           87469.727             124.194        2478.471           0.079
   -35.55      834.21      135.68        6.15          111987.812             133.646        3286.708           0.071
   -34.49      980.28      145.85        6.72          139649.859             143.527        4243.717           0.070
   -33.44     1137.27      156.93        7.25          170354.969             154.321        5360.568           0.071
   -32.38     1306.00      168.70        7.74          204430.875             165.801        6649.211           0.070
   -31.33     1486.98      180.67        8.23          242460.844             177.462        8122.301           0.066
   -30.27     1681.56      195.20        8.61          282655.844             191.693        9793.474           0.075
   -29.22     1891.38      209.75        9.02          327761.781             205.938       11677.936           0.069
   -28.16     2115.86      223.63        9.46          378608.531             219.537       13791.459           0.062
   -27.11     2355.09      239.10        9.85          432859.562             234.758       16149.555           0.065
   -26.05     2610.88      254.68       10.25          492845.656             250.076       18768.732           0.061
   -25.00     2883.46      272.56       10.58          555826.000             267.715       21666.588           0.066
   -23.94     3177.75      295.01       10.77          619970.750             289.958       24863.436           0.076
   -22.89     3492.91      313.42       11.14          697082.875             308.180       28381.715           0.058
   -21.83     3826.61      329.77       11.60          784528.625             324.341       32242.223           0.049
   -20.78     4178.75      349.16       11.97          874551.938             343.605       36464.461           0.055
   -19.72     4552.18      371.05       12.27          968578.875             365.386       41069.383           0.059
   -18.67     4948.37      390.57       12.67         1075718.250             384.776       46080.219           0.049
   -17.61     5361.85      405.82       13.21         1198655.250             399.856       51518.098           0.037
   -16.56     5793.73      426.56       13.58         1319277.875             420.433       57401.848           0.048
   -15.50     6248.28      446.11       14.01         1452222.250             439.792       63753.109           0.043
   -14.45     6720.50      462.22       14.54         1601388.375             455.703       70593.188           0.034
   -13.39     7208.62      476.69       15.12         1763273.250             469.947       77939.766           0.030
   -12.34     7713.06      493.44       15.63         1928763.500             486.467       85809.844           0.033
   -11.28     8233.47      508.72       16.18         2107223.500             501.506       94220.453           0.029
   -10.23     8771.70      525.80       16.68         2290784.750             518.355      103189.414           0.032
    -9.18     9334.15      573.91       16.26         2396742.250             566.250      112738.914           0.086
    -8.12     9969.51      642.18       15.52         2481666.250             634.271      122920.164           0.107
    -7.07    10641.86      648.77       16.40         2748075.750             640.499      133791.141           0.010
    -6.01    11320.66      655.06       17.28         3026862.250             646.417      145374.734           0.009
    -4.96    12005.59      661.18       18.16         3317569.250             652.156      157677.609           0.009
    -3.90    12696.69      667.60       19.02         3618538.000             658.193      170706.219           0.009
    -2.85    13393.81      673.34       19.89         3933197.250             663.409      184467.031           0.008
    -1.79    14096.64      679.52       20.74         4257140.000             669.067      198966.203           0.009
    -0.74    14805.17      685.30       21.60         4593679.500             674.312      214209.766           0.008
     0.32    15519.33      691.26       22.45         4940313.500             679.736      230203.688           0.008
     1.37    16256.59      764.59       21.26         4990666.500             752.492      246963.141           0.099
     2.43    17336.41     1257.73       13.78         3986581.250            1244.877      264680.969           0.457
     3.48    18803.32     1444.08       13.02         4162840.250            1430.715      283742.000           0.127
     4.54    20332.42     1489.43       13.65         4645463.500            1475.763      304383.188           0.030
     5.59    21924.98     1567.45       13.99         5091300.000            1553.588      326670.844           0.049
     6.65    23645.18     1763.09       13.41         5338849.000            1749.149      350705.719           0.114
     7.70    25490.28     1763.09       14.46         6051095.500            1749.150      376621.031           0.000
     8.76    27335.37     1763.09       15.50         6798577.000            1749.150      404482.656           0.000
     9.81    29180.46     1763.09       16.55         7580479.500            1749.150      434290.562           0.000
    10.87    31025.56     1763.09       17.60         8396064.000            1749.150      466044.781          -0.000
    11.92    32870.65     1763.09       18.64         9244646.000            1749.150      499745.312           0.000
    12.98    34715.75     1763.09       19.69        10125595.000            1749.150      535392.125           0.000
    14.03    36560.84     1763.09       20.74        11038329.000            1749.150      572985.250          -0.000
    15.09    38405.93     1763.09       21.78        11982301.000            1749.150      612524.625           0.000
    16.14    40251.02     1763.09       22.83        12957003.000            1749.150      654010.312           0.000
    17.20    42096.12     1763.09       23.88        13961964.000            1749.150      697442.438          -0.000
    18.25    43941.21     1763.09       24.92        14996728.000            1749.150      742820.750           0.000
    19.31    45786.31     1763.09       25.97        16060872.000            1749.150      790145.312           0.000
    20.36    47631.40     1763.09       27.02        17153998.000            1749.150      839416.250          -0.000
    21.42    49476.49     1763.09       28.06        18275722.000            1749.150      890633.438           0.000
    22.47    51321.59     1763.09       29.11        19425692.000            1749.150      943796.938           0.000
    23.53    53166.68     1763.09       30.16        20603562.000            1749.150      998906.750          -0.000
    24.58    55011.77     1763.09       31.20        21809004.000            1749.150     1055962.875           0.000
    25.64    56856.87     1763.09       32.25        23041704.000            1749.150     1114965.250           0.000
    26.69    58701.96     1763.09       33.29        24301374.000            1749.150     1175914.125          -0.000
    27.74    60547.05     1763.09       34.34        25587710.000            1749.150     1238809.125           0.000
    28.80    62392.15     1763.09       35.39        26900456.000            1749.150     1303650.375           0.000
    29.85    64237.24     1763.09       36.43        28239340.000            1749.150     1370438.000          -0.000
    30.91    66082.34     1763.09       37.48        29604112.000            1749.150     1439171.875           0.000
    31.96    67927.43     1763.09       38.53        30994530.000            1749.150     1509852.125           0.000
    33.02    69772.52     1763.09       39.57        32410356.000            1749.150     1582478.750           0.000
    34.07    71617.62     1763.09       40.62        33851368.000            1749.150     1657051.500           0.000
    35.13    73462.71     1763.09       41.67        35317340.000            1749.150     1733570.625           0.000
    36.18    75307.80     1763.09       42.71        36808072.000            1749.150     1812036.000           0.000
    37.24    77152.90     1763.09       43.76        38323348.000            1749.150     1892447.750           0.000
    38.29    78997.99     1763.09       44.81        39862984.000            1749.150     1974805.750          -0.000
    39.35    80843.09     1763.09       45.85        41426784.000            1749.150     2059110.000           0.000
    40.40    82688.18     1763.09       46.90        43014556.000            1749.150     2145360.750           0.000
    41.46    84533.27     1763.09       47.95        44626128.000            1749.150     2233557.500          -0.000
    42.51    86378.37     1763.09       48.99        46261324.000            1749.150     2323700.750           0.000
    43.57    88223.46     1763.09       50.04        47919972.000            1749.150     2415790.250           0.000
    44.62    90068.55     1763.09       51.09        49601908.000            1749.150     2509826.000          -0.000
    45.68    91913.64     1763.09       52.13        51306972.000            1749.150     2605808.250           0.000
    46.73    93758.74     1763.09       53.18        53035012.000            1749.150     2703737.000           0.000
    47.79    95603.84     1763.09       54.23        54785876.000            1749.150     2803611.500          -0.000
    48.84    97448.93     1763.09       55.27        56559412.000            1749.150     2905432.500           0.000
    49.90    99294.02     1763.09       56.32        58355472.000            1749.150     3009200.000           0.000
    50.95   101139.12     1763.09       57.36        60173928.000            1749.150     3114913.500          -0.000
    52.01   102984.21     1763.09       58.41        62014628.000            1749.150     3222573.500           0.000
    53.06   104829.30     1763.09       59.46        63877448.000            1749.150     3332179.750           0.000
    54.12   106674.40     1763.09       60.50        65762260.000            1749.150     3443732.250          -0.000
    55.17   108519.49     1763.09       61.55        67668936.000            1749.150     3557231.000           0.000
    56.23   110364.59     1763.09       62.60        69597336.000            1749.150     3672676.000           0.000
    57.28   112209.68     1763.09       63.64        71547360.000            1749.150     3790067.500          -0.000
    58.34   114054.77     1763.09       64.69        73518872.000            1749.150     3909405.250           0.000
    59.39   115899.86     1763.09       65.74        75511768.000            1749.150     4030689.250           0.000
