 Elev(m)    dbdxp(-)    dbdxc(-)      I2p     I2c
  -23.5200005       0.00000000       0.00000000       0.00000000       0.00000000    
  -22.8700008      -1.09308842E-03  -2.80428887E-03  -1.15457326E-04  -2.96202663E-04
  -22.2099991       1.15825713E-03   3.56674450E-03  -3.43041844E-04  -8.17189575E-04
  -21.5599995       5.02785947E-03   1.18102282E-02   9.32181720E-05   3.75664473E-04
  -20.8999996       1.10682398E-02   2.27102209E-02   2.89979903E-03   6.88226754E-03
  -20.2500000       1.96042918E-02  0.242986858       1.06295459E-02   4.50559705E-02
  -19.5900002       3.21741365E-02  0.265562654       2.72369310E-02  0.166028440    
  -18.9400005      0.208720639      0.124777175       7.45891258E-02  0.380926907    
  -18.2800007      0.253506601       9.77421626E-02  0.197328463      0.664499104    
  -17.6200008      0.288376778       3.80130447E-02  0.427629143      0.986637175    
  -16.9699993      0.161615700       7.01014930E-03  0.760075152       1.32320726    
  -16.3099995       7.14708418E-02   8.74437690E-02   1.17051637       1.67975974    
  -15.6599998      0.125119179      -4.63799909E-02   1.62049627       2.04537511    
  -15.0000000      -5.33001386E-02  -4.79892902E-02   2.10606909       2.41105175    
  -14.3500004      -4.73515168E-02  -6.53886199E-02   2.58135438       2.74909353    
  -13.6899996      -7.78902024E-02  -7.04164132E-02   3.03992867       3.06583214    
  -13.0299997     -0.130134925      -9.37945917E-02   3.46289420       3.35044003    
  -12.3800001     -0.109549366     -0.114361160       3.83182883       3.59114146    
  -11.7200003     -0.118993610     -0.114584014       4.15659380       3.78903913    
  -11.0699997      -9.72011164E-02 -0.126150161       4.42909670       3.93396211    
  -10.4099998      -9.93225202E-02  -9.93707404E-02   4.66184759       4.03147554    
  -9.76000023     -0.102656215     -0.101747774       4.84866524       4.08208609    
  -9.10000038     -0.106086031     -0.104136705       4.99464655       4.09015942    
  -8.44999981     -0.109393142     -0.106655270       5.09327364       4.05376959    
  -7.78999996     -0.112255856     -0.108999774       5.14689636       3.97143364    
  -7.13000011     -0.120593496     -0.110322222       5.15179205       3.84245253    
  -6.48000002     -0.137126088     -0.113697536       5.10442495       3.66824651    
  -5.82000017     -0.165919229     -0.121886544       4.99667978       3.44245100    
  -5.17000008     -0.194574967     -0.132176474       4.81999540       3.16798043    
  -4.51000023     -0.186702535     -0.150331244       4.56165743       2.83219934    
  -3.85999990     -0.159776807     -0.175181478       4.22975397       2.43683147    
  -3.20000005     -0.152430519     -0.174513161       3.82260799       1.96353352    
  -2.53999996     -0.150434628     -0.163238660       3.34948015       1.41648734    
  -1.88999999     -0.156145200     -0.151351646       2.81866384      0.808285713    
  -1.23000002     -0.157802716     -0.150431976       2.21363950      0.125111535    
 -0.579999983     -0.158355117     -0.151115164       1.55072498     -0.611921370    
   7.99999982E-02 -0.157380119     -0.153776407      0.810354352      -1.42483819    
  0.730000019     -0.154444903     -0.157664657       1.44100757E-02  -2.29102635    
   1.38999999     -0.152750388     -0.159419775     -0.859670103      -3.23743415    
   2.03999996     -0.150868937     -0.159541324      -1.78551555      -4.23719263    
   2.70000005     -0.145456120     -0.160356626      -2.78946733      -5.32032967    
   3.35999990     -0.181094185     -0.159554198      -3.86017299      -6.47208548    
   4.01000023     -0.338368446     -0.152566433      -5.00453949      -7.67366171    
   4.67000008     -0.341073960     -0.278177410      -6.29398870      -8.97269535    
   5.32000017     -0.347065777     -0.316960901      -7.70943975      -10.3610945    
   5.98000002     -0.439049244     -0.338325173      -9.30350304      -11.9038973    
   6.63000011      -4.88153249E-02 -0.619027436      -11.0092363      -13.5947075    
   7.28999996      -5.47788925E-02 -0.233720303      -12.8044758      -15.5042772    
   7.94999981      -5.02527095E-02  -4.80279326E-02  -14.6220894      -17.5364494    
   8.60000038      -2.63366736E-02  -6.60002157E-02  -16.4315166      -19.5800877    
   9.26000023      -2.06739921E-02  -5.01397550E-02  -18.2819576      -21.6796627    
   9.90999985      -2.06739921E-02  -2.06687059E-02  -20.1137714      -23.7673569    
   10.5699997      -2.06739921E-02  -2.06687059E-02  -21.9825687      -25.8991299    
   11.2200003      -2.06739921E-02  -2.06687059E-02  -23.8318520      -28.0074043    
   11.8800001      -2.06739921E-02  -2.06687059E-02  -25.7183876      -30.1569118    
   12.5299997      -2.06739921E-02  -2.06687059E-02  -27.5851402      -32.2826462    
   13.1899996      -2.06739921E-02  -2.06687059E-02  -29.4894123      -34.4498901    
   13.8500004      -2.06739921E-02  -2.06687059E-02  -31.4025574      -36.6259995    
   14.5000000      -2.06739921E-02  -2.06687059E-02  -33.2955132      -38.7779350    
   15.1599998      -2.06739921E-02  -2.06687059E-02  -35.2263947      -40.9717751    
   15.8100004      -2.06739921E-02  -2.06687059E-02  -37.1368217      -43.1411781    
   16.4699993      -2.06739921E-02  -2.06687059E-02  -39.0854378      -45.3527489    
   17.1200008      -2.06739921E-02  -2.06687059E-02  -41.0133400      -47.5396194    
   17.7800007      -2.06739921E-02  -2.06687059E-02  -42.9796982      -49.7689285    
   18.4400005      -2.06739921E-02  -2.06687059E-02  -44.9549255      -52.0071030    
   19.0900002      -2.06739921E-02  -2.06687059E-02  -46.9090233      -54.2201653    
   19.7500000      -2.06739921E-02  -2.06687059E-02  -48.9019890      -56.4760742    
   20.3999996      -2.06739921E-02  -2.06687059E-02  -50.8735580      -58.7066040    
   21.0599995      -2.06739921E-02  -2.06687059E-02  -52.8842583      -60.9802475    
   21.7099991      -2.06739921E-02  -2.06687059E-02  -54.8732986      -63.2282372    
   22.3700008      -2.06739921E-02  -2.06687059E-02  -56.9017448      -65.5196228    
   23.0200005      -2.06739921E-02  -2.06687059E-02  -58.9082527      -67.7850800    
   23.6800003      -2.06739921E-02  -2.06687059E-02  -60.9544334      -70.0941849    
   24.3400002      -2.06739921E-02  -2.06687059E-02  -63.0094795      -72.4121628    
   24.9899998      -2.06739921E-02  -2.06687059E-02  -65.0421906      -74.7038193    
   25.6499996      -2.06739921E-02  -2.06687059E-02  -67.1149826      -77.0395355    
   26.2999992      -2.06739921E-02  -2.06687059E-02  -69.1651611      -79.3486481    
   26.9599991      -2.06739921E-02  -2.06687059E-02  -71.2556839      -81.7020950    
   27.6100006      -2.06739921E-02  -2.06687059E-02  -73.3233414      -84.0286865    
   28.2700005      -2.06739921E-02  -2.06687059E-02  -75.4316101      -86.3998642    
   28.9300003      -2.06739921E-02  -2.06687059E-02  -77.5487366      -88.7799149    
   29.5799999      -2.06739921E-02  -2.06687059E-02  -79.6425934      -91.1326904    
   30.2399998      -2.06739921E-02  -2.06687059E-02  -81.7774658      -93.5304718    
   30.8899994      -2.06739921E-02  -2.06687059E-02  -83.8887939      -95.9007187    
   31.5499992      -2.06739921E-02  -2.06687059E-02  -86.0413971      -98.3162308    
   32.2000008      -2.06739921E-02  -2.06687059E-02  -88.1701965      -100.703957    
   32.8600006      -2.06739921E-02  -2.06687059E-02  -90.3405457      -103.137199    
   33.5099983      -2.06739921E-02  -2.06687059E-02  -92.4868011      -105.542374    
   34.1699982      -2.06739921E-02  -2.06687059E-02  -94.6748886      -107.993347    
   34.8300018      -2.06739921E-02  -2.06687059E-02  -96.8718567      -110.453209    
   35.4799995      -2.06739921E-02  -2.06687059E-02  -99.0443192      -112.884583    
   36.1399994      -2.06739921E-02  -2.06687059E-02  -101.259010      -115.362160    
   36.7900009      -2.06739921E-02  -2.06687059E-02  -103.448959      -117.811005    
   37.4500008      -2.06739921E-02  -2.06687059E-02  -105.681389      -120.306320    
   38.0999985      -2.06739921E-02  -2.06687059E-02  -107.888786      -122.772621    
   38.7599983      -2.06739921E-02  -2.06687059E-02  -110.138962      -125.285667    
   39.4199982      -2.06739921E-02  -2.06687059E-02  -112.397995      -127.807587    
   40.0699997      -2.06739921E-02  -2.06687059E-02  -114.631615      -130.300095    
   40.7299995      -2.06739921E-02  -2.06687059E-02  -116.908394      -132.839737    
   41.3800011      -2.06739921E-02  -2.06687059E-02  -119.159477      -135.349716    
   42.0400009      -2.06739921E-02  -2.06687059E-02  -121.453995      -137.907104    
