114.14	RS=114.14  
0	7.732776256
9.086087837	6.882383977
18.17217567	4.834127895
27.25826409	4.392167953
36.34435135	4.27329614
42.71162549	4.178808012
45.43044093	4.142232047
54.51652819	3.95935193
63.60261544	3.855719884
72.6887027	3.822191988
81.77174363	3.785616023
90.85783088	3.688080116
99.94391814	3.569208012
109.0300054	3.49910386
118.1160927	3.398519884
127.2021799	2.667
136.2882765	-2.770632047
145.3743637	-17.53819228
154.460451	-18.10207181
163.5465382	-18.99818456
172.6326255	-21.29027953
181.7187127	-25.53004865
190.8048	-29.9466
199.8908873	-34.10102316
208.9769745	-36.58209498
218.0630618	-38.31031274
227.149149	-39.52646177
236.2352363	-40.29151274
245.3213235	-40.36466177
254.4043598	-39.65143088
263.4904471	-38.10304865
272.5765529	-36.14623088
281.6626402	-34.16807953
290.7487274	-32.39109498
299.8348147	-30.86404865
308.920902	-29.65094363
318.0069706	-28.54147181
327.0930765	-27.54782316
336.1791451	-26.66695135
345.265251	-25.72207181
354.3513196	-24.8412
363.4374255	-24.06091274
372.5234941	-23.29891274
381.6096	-22.31745637
390.6957059	-21.72614363
399.7817745	-21.19274363
408.8678804	-20.55266409
417.953949	-19.80895135
427.0400549	-18.91283977
436.1261235	-18.24227953
445.2122294	-17.83689614
454.2952471	-17.41627181
463.3813529	-17.02003205
472.4674216	-16.62379228
481.5535274	-16.08124749
490.6395961	-15.60271158
499.725702	-15.14856023
508.8117706	-14.65783205
517.8978765	-14.16710386
526.9839451	-13.67942433
536.070051	-13.29232819
545.1561196	-12.99667181
554.2422255	-12.74673591
563.3282941	-12.50899228
572.4144	-12.00912047
581.5005059	-11.49096023
590.5865745	-11.01547181
599.6726804	-10.50645637
608.758749	-10.03401544
617.8448549	-9.619487837
626.9309607	-9.36650386
636.0169922	-9.165335907
645.103098	-8.936735907
654.1892039	-8.698992279
663.2753098	-8.500871814
672.3613412	-8.38809614
681.4474471	-8.336280116
690.530502	-8.30275193
699.6166078	-8.22350386
708.7026393	-8.098535907
717.7887451	-8.028432047
726.874851	-8.092439767
735.9609568	-8.168639767
745.0469883	-8.055864093
754.1330941	-7.729728186
763.2192	-7.098792279
772.3053059	-6.138671814
781.3914117	-5.376671814
790.4774432	-4.837175965
799.563549	-4.297680116
808.6496549	-3.669791988
817.7357607	-2.89255193
826.8217922	-2.414016023
835.907898	-1.847087983
844.9940039	-1.139952003
852.5256	-0.411480007
854.0801098	-0.259080007
863.1661412	0.676656009
872.2522471	1.194816023
881.3383529	1.091183977
890.4244588	3.782567953
899.5104902	4.279391988
908.5965961	5.242560233
917.682702	7.269480116
	
