 Elev(m)    dbdxp(-)    dbdxc(-)      I2p     I2c
  -26.2299995       0.00000000       0.00000000       0.00000000       0.00000000    
  -25.5499992     -0.184765548      -8.74275342E-02  -2.13589165E-02  -1.01066325E-02
  -24.8700008     -0.288666755      -3.10025010E-02 -0.118805453      -4.40103635E-02
  -24.1900005     -0.339376748       5.37602901E-02 -0.343582839      -8.89738724E-02
  -23.5100002     -0.286517739       5.08374795E-02 -0.713315547     -0.119215071    
  -22.8299999     -0.283063382      0.102034353      -1.22124541     -0.119692750    
  -22.1499996     -0.231083646       6.29232749E-02  -1.85445428      -8.34293142E-02
  -21.4699993     -0.238053724       3.67967002E-02  -2.60133100      -1.65691171E-02
  -20.7900009     -0.215760350      -4.93319631E-02  -3.45489883       6.03694208E-02
  -20.1100006     -0.190787703     -0.158118784      -4.40792656      0.111877769    
  -19.4300003     -0.277433902     -0.175492361      -5.46207809      0.100839309    
  -18.7500000     -0.334751666     -0.206570134      -6.64112473       7.06890645E-03
  -18.0699997     -0.348684400     -0.216798931      -7.96994543     -0.179809466    
  -17.3799992     -0.327791810     -0.234970585      -9.47667599     -0.471321970    
  -16.7000008     -0.272418469     -0.264256567      -11.1102829     -0.869300842    
  -16.0200005     -0.212909862     -0.289393902      -12.8693829      -1.38899338    
  -15.3400002     -0.138646081     -0.330230385      -14.7252274      -2.04431653    
  -14.6599998     -0.135463208     -0.301066399      -16.6533985      -2.84424639    
  -13.9799995     -0.150209963     -0.251576066      -18.6462803      -3.78103995    
  -13.3000002     -0.155122519     -0.204408213      -20.7074795      -4.83442926    
  -12.6199999     -0.148476124     -0.161071703      -22.8390732      -5.98278141    
  -11.9399996     -0.136872813     -0.108467698      -25.0387516      -7.20454168    
  -11.2600002     -0.121477462      -9.26051363E-02  -27.3012772      -8.48070335    
  -10.5799999     -0.102986962      -9.58532542E-02  -29.6196194      -9.80189610    
  -9.89999962      -8.47425312E-02 -0.108489819      -31.9856110      -11.1684971    
  -9.22000027      -6.71461299E-02 -0.121509925      -34.3908577      -12.5853062    
  -8.52999973      -5.72999120E-02 -0.127014682      -36.8636856      -14.0786610    
  -7.84999990      -5.07176444E-02 -0.132335037      -39.3277512      -15.6094990    
  -7.17000008      -5.53641357E-02 -0.136067435      -41.8165703      -17.2013454    
  -6.48999977      -7.36702234E-02 -0.141800866      -44.3325691      -18.8563404    
  -5.80999994      -7.44402185E-02 -0.151852384      -46.8806000      -20.5774040    
  -5.13000011      -5.83111495E-02 -0.168997198      -49.4611053      -22.3695030    
  -4.44999981      -3.54798660E-02 -0.183014616      -52.0677948      -24.2393856    
  -3.76999998      -7.32620899E-03 -0.187074617      -54.6902771      -26.1927433    
  -3.08999991       1.39547475E-02 -0.192847356      -57.3169403      -28.2328014    
  -2.41000009      -5.80297038E-02 -0.193132401      -59.9479332      -30.3613987    
  -1.73000002     -0.192354083     -0.190651238      -62.6129646      -32.5789795    
  -1.04999995     -0.227637187     -0.184396029      -65.3554916      -34.8842850    
 -0.370000005     -0.223503277     -0.188000947      -68.1987228      -37.2759895    
  0.310000002     -0.355002403     -0.211649850      -71.1609802      -39.7569466    
   1.00000000     -0.732658207     -0.213813171      -74.3603897      -42.3704491    
   1.67999995      -1.87860537     -0.238468140      -77.9428558      -45.0482559    
   2.35999990      -3.44773054     -0.296497405      -82.4429016      -47.8401871    
   3.03999996      -3.63753963     -0.341408163      -88.3777390      -50.7677040    
   3.72000003      -3.79741311     -0.356378645      -95.9911041      -53.8496284    
   4.40000010      -3.39801669     -0.762202919      -105.295753      -57.1415215    
   5.07999992      -1.34790206      -2.81982493      -115.980812      -60.9768066    
   5.76000023     -0.654077530      -3.45092416      -127.445938      -65.9510727    
   6.44000006     -0.581920147      -3.41073489      -139.285370      -72.4434509    
   7.11999989     -0.519338727      -2.96556568      -151.394974      -80.4661331    
   7.80000019     -0.384983122      -2.16098404      -163.736450      -89.8185501    
   8.47999954     -0.384983122      -1.25895965      -176.271454      -100.158928    
   9.15999985     -0.384983122     -0.709822416      -188.984482      -111.122253    
   9.85000038     -0.384983122     -0.493924767      -202.063797      -122.616905    
   10.5299997     -0.384983122     -0.433433205      -215.132843      -134.193314    
   11.2100000     -0.384983122     -0.384975940      -228.379929      -145.971558    
   11.8900003     -0.384983122     -0.384975940      -241.805023      -157.933411    
   12.5699997     -0.384983122     -0.384975940      -255.408127      -170.073273    
   13.2500000     -0.384983122     -0.384975940      -269.189270      -182.391159    
   13.9300003     -0.384983122     -0.384975940      -283.148407      -194.887039    
   14.6099997     -0.384983122     -0.384975940      -297.285553      -207.560944    
   15.2900000     -0.384983122     -0.384975940      -311.600739      -220.412857    
   15.9700003     -0.384983122     -0.384975940      -326.093933      -233.442795    
   16.6499996     -0.384983122     -0.384975940      -340.765106      -246.650726    
   17.3299999     -0.384983122     -0.384975940      -355.614349      -260.036682    
   18.0100002     -0.384983122     -0.384975940      -370.641602      -273.600647    
   18.6900005     -0.384983122     -0.384975940      -385.846863      -287.342651    
   19.3799992     -0.384983122     -0.384975940      -401.455017      -301.466003    
   20.0599995     -0.384983122     -0.384975940      -417.016296      -315.564026    
   20.7399998     -0.384983122     -0.384975940      -432.755615      -329.840027    
   21.4200001     -0.384983122     -0.384975940      -448.672943      -344.294067    
   22.1000004     -0.384983122     -0.384975940      -464.768280      -358.926117    
   22.7800007     -0.384983122     -0.384975940      -481.041656      -373.736206    
   23.4599991     -0.384983122     -0.384975940      -497.492981      -388.724243    
   24.1399994     -0.384983122     -0.384975940      -514.122375      -403.890320    
   24.8199997     -0.384983122     -0.384975940      -530.929810      -419.234436    
   25.5000000     -0.384983122     -0.384975940      -547.915222      -434.756531    
   26.1800003     -0.384983122     -0.384975940      -565.078674      -450.456665    
   26.8600006     -0.384983122     -0.384975940      -582.420105      -466.334808    
   27.5400009     -0.384983122     -0.384975940      -599.939575      -482.390961    
   28.2299995     -0.384983122     -0.384975940      -617.895996      -498.862518    
   28.9099998     -0.384983122     -0.384975940      -635.771484      -515.274719    
   29.5900002     -0.384983122     -0.384975940      -653.825012      -531.864929    
   30.2700005     -0.384983122     -0.384975940      -672.056580      -548.633118    
   30.9500008     -0.384983122     -0.384975940      -690.466125      -565.579346    
   31.6299992     -0.384983122     -0.384975940      -709.053650      -582.703491    
   32.3100014     -0.384983122     -0.384975940      -727.819275      -600.005798    
   32.9900017     -0.384983122     -0.384975940      -746.762878      -617.486084    
   33.6699982     -0.384983122     -0.384975940      -765.884399      -635.144226    
   34.3499985     -0.384983122     -0.384975940      -785.184021      -652.980530    
   35.0299988     -0.384983122     -0.384975940      -804.661682      -670.994812    
   35.7099991     -0.384983122     -0.384975940      -824.317383      -689.187134    
   36.3899994     -0.384983122     -0.384975940      -844.151062      -707.557495    
   37.0699997     -0.384983122     -0.384975940      -864.162720      -726.105835    
   37.7599983     -0.384983122     -0.384975940      -884.648010      -745.106201    
   38.4399986     -0.384983122     -0.384975940      -905.015747      -764.010559    
   39.1199989     -0.384983122     -0.384975940      -925.561523      -783.092957    
   39.7999992     -0.384983122     -0.384975940      -946.285278      -802.353333    
   40.4799995     -0.384983122     -0.384975940      -967.187073      -821.791748    
   41.1599998     -0.384983122     -0.384975940      -988.266846      -841.408142    
   41.8400002     -0.384983122     -0.384975940      -1009.52466      -861.202576    
