 Elev(m)    Area(m2)     Peri(m)      Radi(m)   Conv(m3/s)    topWidth(m)    newI1(m3)    dPdA(1/m)
   -24.77        0.00        0.00         NaN                 NaN               0.000           0.000             NaN
   -24.16       18.72       49.22        0.38             392.949              49.198           5.672           2.630
   -23.56       59.42       88.22        0.67            1826.520              88.177          29.353           0.958
   -22.95      127.05      149.81        0.85            4553.477             149.727          85.868           0.911
   -22.34      240.47      229.17        1.05            9932.285             229.037         197.251           0.700
   -21.74      388.13      259.21        1.50           20320.203             259.030         387.756           0.203
   -21.13      558.36      305.81        1.83           33364.301             305.611         674.603           0.274
   -20.53      767.55      371.33        2.07           49819.406             371.099        1076.438           0.313
   -19.92     1002.22      401.73        2.49           73742.008             401.446        1612.791           0.130
   -19.31     1254.98      433.35        2.90          101990.727             433.013        2296.866           0.125
   -18.71     1525.91      461.69        3.31          135427.812             461.277        3139.649           0.105
   -18.10     1824.68      513.61        3.55          169935.188             513.121        4155.085           0.174
   -17.49     2140.91      531.07        4.03          216914.406             530.472        5356.909           0.055
   -16.89     2468.75      552.57        4.47          267875.250             551.853        6753.925           0.066
   -16.28     2809.38      573.49        4.90          324133.781             572.659        8353.527           0.061
   -15.68     3166.25      606.81        5.22          381005.625             605.862       10164.518           0.093
   -15.07     3541.89      633.95        5.59          446082.219             632.880       12197.501           0.072
   -14.46     3933.89      662.39        5.94          516045.750             661.207       14463.129           0.073
   -13.86     4340.84      681.46        6.37          596651.188             680.165       16970.893           0.047
   -13.25     4757.52      696.24        6.83          685260.688             694.815       19728.266           0.035
   -12.65     5183.15      710.70        7.29          779698.000             709.150       22740.914           0.034
   -12.04     5616.74      722.73        7.77          881485.312             721.057       26013.959           0.028
   -11.43     6056.81      732.85        8.26          990352.062             731.039       29551.779           0.023
   -10.83     6502.97      743.22        8.75         1104509.000             741.280       33358.176           0.023
   -10.22     6955.69      754.18        9.22         1223609.500             752.121       37436.988           0.024
    -9.61     7414.48      763.67        9.71         1349764.250             761.479       41792.051           0.021
    -9.01     7878.31      771.33       10.21         1483498.000             769.009       46426.723           0.017
    -8.40     8346.62      778.61       10.72         1623172.625             776.145       51343.898           0.016
    -7.80     8819.16      785.61       11.23         1768620.500             783.004       56546.199           0.015
    -7.19     9295.78      792.50       11.73         1919563.875             789.756       62036.164           0.014
    -6.58     9776.54      799.31       12.23         2075987.250             796.424       67816.273           0.014
    -5.98    10261.33      806.31       12.73         2237337.000             803.284       73889.000           0.014
    -5.37    10750.25      812.72       13.23         2405083.500             809.549       80256.820           0.013
    -4.77    11242.07      816.65       13.77         2582937.000             813.284       86921.875           0.008
    -4.16    11735.95      819.92       14.31         2767423.250             816.297       93885.656           0.007
    -3.55    12231.63      823.17       14.86         2957146.750             819.290      101149.328           0.007
    -2.95    12729.13      826.39       15.40         3152106.750             822.247      108714.008           0.006
    -2.34    13228.29      829.06       15.96         3353590.250             824.606      116580.734           0.005
    -1.74    13728.71      831.40       16.51         3560968.000             826.617      124750.391           0.005
    -1.13    14230.35      833.75       17.07         3773358.500             828.628      133223.734           0.005
    -0.52    14733.22      836.10       17.62         3990710.500             830.639      142001.516           0.005
     0.08    15237.30      838.45       18.17         4212978.500             832.649      151084.453           0.005
     0.69    15742.59      840.79       18.72         4440112.500             834.658      160473.312           0.005
     1.30    16249.37      844.54       19.24         4667031.500             838.136      170168.875           0.007
     1.90    16758.80      849.43       19.73         4894539.000             842.812      180172.422           0.010
     2.51    17271.37      859.01       20.11         5108239.500             852.215      190485.688           0.019
     3.11    17804.50      934.80       19.05         5079235.000             927.977      201115.875           0.142
     3.72    18376.57      958.58       19.17         5265210.000             951.714      212081.000           0.042
     4.33    18956.47      967.91       19.58         5509321.500             960.964      223395.250           0.016
     4.93    19541.40      977.26       20.00         5758556.500             970.193      235062.516           0.016
     5.54    20132.84      990.62       20.32         5997390.500             983.462      247086.297           0.023
     6.14    20728.94      990.62       20.93         6296256.500             983.462      259469.984          -0.000
     6.75    21325.04      990.62       21.53         6600909.000             983.462      272214.969           0.000
     7.36    21921.14      990.62       22.13         6911292.500             983.462      285321.250           0.000
     7.96    22517.24      990.62       22.73         7227353.000             983.462      298788.875           0.000
     8.57    23113.34      990.62       23.33         7549043.500             983.462      312617.812          -0.000
     9.17    23709.45      990.62       23.93         7876312.500             983.462      326808.031           0.000
     9.78    24305.54      990.62       24.54         8209112.500             983.462      341359.594           0.000
    10.39    24901.65      990.62       25.14         8547400.000             983.462      356272.438           0.000
    10.99    25497.75      990.62       25.74         8891130.000             983.462      371546.625           0.000
    11.60    26093.85      990.62       26.34         9240259.000             983.462      387182.125          -0.000
    12.21    26689.95      990.62       26.94         9594747.000             983.462      403178.938           0.000
    12.81    27286.05      990.62       27.54         9954553.000             983.462      419537.031           0.000
    13.42    27882.15      990.62       28.15        10319637.000             983.462      436256.469           0.000
    14.02    28478.25      990.62       28.75        10689962.000             983.462      453337.188          -0.000
    14.63    29074.35      990.62       29.35        11065492.000             983.462      470779.219           0.000
    15.24    29670.46      990.62       29.95        11446190.000             983.462      488582.594           0.000
    15.84    30266.55      990.62       30.55        11832020.000             983.462      506747.250           0.000
    16.45    30862.66      990.62       31.15        12222952.000             983.462      525273.250          -0.000
    17.05    31458.76      990.62       31.76        12618950.000             983.462      544160.500           0.000
    17.66    32054.86      990.62       32.36        13019981.000             983.462      563409.125           0.000
    18.27    32650.96      990.62       32.96        13426017.000             983.462      583019.062           0.000
    18.87    33247.06      990.62       33.56        13837026.000             983.462      602990.312          -0.000
    19.48    33843.16      990.62       34.16        14252972.000             983.462      623322.812           0.000
    20.09    34439.26      990.62       34.77        14673835.000             983.462      644016.625           0.000
    20.69    35035.36      990.62       35.37        15099583.000             983.462      665071.812           0.000
    21.30    35631.46      990.62       35.97        15530188.000             983.462      686488.312          -0.000
    21.90    36227.57      990.62       36.57        15965622.000             983.462      708266.125           0.000
    22.51    36823.66      990.62       37.17        16405856.000             983.462      730405.188           0.000
    23.12    37419.77      990.62       37.77        16850872.000             983.462      752905.562           0.000
    23.72    38015.87      990.62       38.38        17300638.000             983.462      775767.312          -0.000
    24.33    38611.97      990.62       38.98        17755130.000             983.462      798990.375           0.000
    24.93    39208.07      990.62       39.58        18214324.000             983.462      822574.688           0.000
    25.54    39804.17      990.62       40.18        18678196.000             983.462      846520.375           0.000
    26.15    40400.27      990.62       40.78        19146720.000             983.462      870827.312          -0.000
    26.75    40996.38      990.62       41.38        19619882.000             983.462      895495.625           0.000
    27.36    41592.47      990.62       41.99        20097644.000             983.462      920525.250           0.000
    27.96    42188.57      990.62       42.59        20580000.000             983.462      945916.125           0.000
    28.57    42784.68      990.62       43.19        21066920.000             983.462      971668.312          -0.000
    29.18    43380.78      990.62       43.79        21558382.000             983.462      997781.812           0.000
    29.78    43976.88      990.62       44.39        22054368.000             983.462     1024256.750           0.000
    30.39    44572.98      990.62       44.99        22554854.000             983.462     1051092.875           0.000
    31.00    45169.08      990.62       45.60        23059826.000             983.462     1078290.375          -0.000
    31.60    45765.18      990.62       46.20        23569258.000             983.462     1105849.125           0.000
    32.21    46361.28      990.62       46.80        24083132.000             983.462     1133769.250           0.000
    32.81    46957.38      990.62       47.40        24601432.000             983.462     1162050.625           0.000
    33.42    47553.48      990.62       48.00        25124138.000             983.462     1190693.375           0.000
    34.03    48149.58      990.62       48.61        25651228.000             983.462     1219697.375          -0.000
    34.63    48745.68      990.62       49.21        26182686.000             983.462     1249062.625           0.000
    35.24    49341.79      990.62       49.81        26718498.000             983.462     1278789.250           0.000
    35.84    49937.89      990.62       50.41        27258640.000             983.462     1308877.250           0.000
