   303.160004      -21.3562984    
   321.247559      -21.3562984    
 NaN NaN
   562.724792      -21.3562984    
   588.206177      -21.3562984    
 NaN NaN
   605.754761      -21.3562984    
   638.017578      -21.3562984    
 NaN NaN
   297.177643      -20.7029915    
   375.974304      -20.7029915    
 NaN NaN
   388.592957      -20.7029915    
   442.927612      -20.7029915    
 NaN NaN
   540.341492      -20.7029915    
   655.775085      -20.7029915    
 NaN NaN
   294.312531      -20.0496826    
   457.181793      -20.0496826    
 NaN NaN
   521.209900      -20.0496826    
   676.318420      -20.0496826    
 NaN NaN
   291.447449      -19.3963737    
   688.351807      -19.3963737    
 NaN NaN
   288.627838      -18.7430668    
   700.989929      -18.7430668    
 NaN NaN
   285.888153      -18.0897579    
   710.428284      -18.0897579    
 NaN NaN
   283.148499      -17.4364491    
   719.223145      -17.4364491    
 NaN NaN
   280.291290      -16.7831421    
   726.228760      -16.7831421    
 NaN NaN
   275.570282      -16.1298332    
   732.919495      -16.1298332    
 NaN NaN
   270.306946      -15.4765244    
   739.349670      -15.4765244    
 NaN NaN
   258.008423      -14.8232164    
   745.760498      -14.8232164    
 NaN NaN
   233.212875      -14.1699085    
   751.727234      -14.1699085    
 NaN NaN
   227.716217      -13.5165997    
   755.223328      -13.5165997    
 NaN NaN
   220.857483      -12.8632917    
   758.719360      -12.8632917    
 NaN NaN
   212.224640      -12.2099829    
   762.064941      -12.2099829    
 NaN NaN
   204.325256      -11.5566750    
   765.292297      -11.5566750    
 NaN NaN
   198.097534      -10.9033670    
   768.519714      -10.9033670    
 NaN NaN
   193.006531      -10.2500582    
   771.613586      -10.2500582    
 NaN NaN
   188.396332      -9.59675026    
   774.664368      -9.59675026    
 NaN NaN
   184.444550      -8.94344139    
   777.715210      -8.94344139    
 NaN NaN
   180.653427      -8.29013348    
   779.782410      -8.29013348    
 NaN NaN
   177.925323      -7.63682556    
   781.586792      -7.63682556    
 NaN NaN
   175.197235      -6.98351717    
   783.391174      -6.98351717    
 NaN NaN
   172.469147      -6.33020878    
   785.195496      -6.33020878    
 NaN NaN
   169.636383      -5.67690039    
   786.999878      -5.67690039    
 NaN NaN
   166.779724      -5.02359200    
   789.203308      -5.02359200    
 NaN NaN
   163.923065      -4.37028408    
   791.523499      -4.37028408    
 NaN NaN
   160.174652      -3.71697569    
   793.843689      -3.71697569    
 NaN NaN
   155.938141      -3.06366730    
   796.163879      -3.06366730    
 NaN NaN
   151.779572      -2.41035914    
   799.126343      -2.41035914    
 NaN NaN
   147.696045      -1.75705087    
   802.182007      -1.75705087    
 NaN NaN
   143.813934      -1.10374260    
   805.237610      -1.10374260    
 NaN NaN
   140.416962     -0.450434327    
   808.318848     -0.450434327    
 NaN NaN
   137.019989      0.202873945    
   811.402588      0.202873945    
 NaN NaN
   134.048218      0.856182218    
   814.486328      0.856182218    
 NaN NaN
   131.326874       1.50949049    
   818.954468       1.50949049    
 NaN NaN
   128.605515       2.16279888    
   823.456421       2.16279888    
 NaN NaN
   125.828926       2.81610703    
   828.714539       2.81610703    
 NaN NaN
   122.925224       3.46941519    
   838.371338       3.46941519    
 NaN NaN
   120.021523       4.12272358    
   873.995117       4.12272358    
 NaN NaN
   67.5339279       4.77603197    
   77.4000473       4.77603197    
 NaN NaN
   116.745872       4.77603197    
   879.705811       4.77603197    
 NaN NaN
   62.2264862       5.42934036    
   82.0733185       5.42934036    
 NaN NaN
   111.846062       5.42934036    
   883.664307       5.42934036    
 NaN NaN
   56.9964981       6.08264828    
   84.4717407       6.08264828    
 NaN NaN
   107.183891       6.08264828    
   888.577209       6.08264828    
 NaN NaN
   50.5738678       6.73595667    
   86.8701630       6.73595667    
 NaN NaN
   102.985466       6.73595667    
   906.384644       6.73595667    
 NaN NaN
   25.2711143       7.38926506    
   89.2685928       7.38926506    
 NaN NaN
   97.1858826       7.38926506    
   916.059082       7.38926506    
 NaN NaN
   16.6457253       8.04257298    
   920.612305       8.04257298    
 NaN NaN
   13.6044588       8.69588184    
   924.323059       8.69588184    
 NaN NaN
   10.5631971       9.34918976    
   926.954895       9.34918976    
 NaN NaN
   5.59467459       10.0024977    
   929.586731       10.0024977    
 NaN NaN
   0.00000000       10.6558065    
   932.218567       10.6558065    
 NaN NaN
   0.00000000       11.3091145    
   932.218567       11.3091145    
 NaN NaN
   0.00000000       11.9624233    
   932.218567       11.9624233    
 NaN NaN
   0.00000000       12.6157312    
   932.218567       12.6157312    
 NaN NaN
   0.00000000       13.2690392    
   932.218567       13.2690392    
 NaN NaN
   0.00000000       13.9223480    
   932.218567       13.9223480    
 NaN NaN
   0.00000000       14.5756559    
   932.218567       14.5756559    
 NaN NaN
   0.00000000       15.2289639    
   932.218567       15.2289639    
 NaN NaN
   0.00000000       15.8822727    
   932.218567       15.8822727    
 NaN NaN
   0.00000000       16.5355816    
   932.218567       16.5355816    
 NaN NaN
   0.00000000       17.1888885    
   932.218567       17.1888885    
 NaN NaN
   0.00000000       17.8421974    
   932.218567       17.8421974    
 NaN NaN
   0.00000000       18.4955063    
   932.218567       18.4955063    
 NaN NaN
   0.00000000       19.1488132    
   932.218567       19.1488132    
 NaN NaN
   0.00000000       19.8021221    
   932.218567       19.8021221    
 NaN NaN
   0.00000000       20.4554310    
   932.218567       20.4554310    
 NaN NaN
   0.00000000       21.1087379    
   932.218567       21.1087379    
 NaN NaN
   0.00000000       21.7620468    
   932.218567       21.7620468    
 NaN NaN
   0.00000000       22.4153557    
   932.218567       22.4153557    
 NaN NaN
   0.00000000       23.0686626    
   932.218567       23.0686626    
 NaN NaN
   0.00000000       23.7219715    
   932.218567       23.7219715    
 NaN NaN
   0.00000000       24.3752804    
   932.218567       24.3752804    
 NaN NaN
   0.00000000       25.0285873    
   932.218567       25.0285873    
 NaN NaN
   0.00000000       25.6818962    
   932.218567       25.6818962    
 NaN NaN
   0.00000000       26.3352051    
   932.218567       26.3352051    
 NaN NaN
   0.00000000       26.9885139    
   932.218567       26.9885139    
 NaN NaN
   0.00000000       27.6418209    
   932.218567       27.6418209    
 NaN NaN
   0.00000000       28.2951298    
   932.218567       28.2951298    
 NaN NaN
   0.00000000       28.9484386    
   932.218567       28.9484386    
 NaN NaN
   0.00000000       29.6017456    
   932.218567       29.6017456    
 NaN NaN
   0.00000000       30.2550545    
   932.218567       30.2550545    
 NaN NaN
   0.00000000       30.9083633    
   932.218567       30.9083633    
 NaN NaN
   0.00000000       31.5616703    
   932.218567       31.5616703    
 NaN NaN
   0.00000000       32.2149811    
   932.218567       32.2149811    
 NaN NaN
   0.00000000       32.8682861    
   932.218567       32.8682861    
 NaN NaN
   0.00000000       33.5215950    
   932.218567       33.5215950    
 NaN NaN
   0.00000000       34.1749039    
   932.218567       34.1749039    
 NaN NaN
   0.00000000       34.8282127    
   932.218567       34.8282127    
 NaN NaN
   0.00000000       35.4815216    
   932.218567       35.4815216    
 NaN NaN
   0.00000000       36.1348305    
   932.218567       36.1348305    
 NaN NaN
   0.00000000       36.7881355    
   932.218567       36.7881355    
 NaN NaN
   0.00000000       37.4414444    
   932.218567       37.4414444    
 NaN NaN
   0.00000000       38.0947533    
   932.218567       38.0947533    
 NaN NaN
   0.00000000       38.7480621    
   932.218567       38.7480621    
 NaN NaN
   0.00000000       39.4013710    
   932.218567       39.4013710    
 NaN NaN
   0.00000000       40.0546799    
   932.218567       40.0546799    
 NaN NaN
   0.00000000       40.7079849    
   932.218567       40.7079849    
 NaN NaN
   0.00000000       41.3612938    
   932.218567       41.3612938    
 NaN NaN
   0.00000000       42.0146027    
   932.218567       42.0146027    
 NaN NaN
   0.00000000       42.6679115    
   932.218567       42.6679115    
 NaN NaN
   0.00000000       43.3212204    
   932.218567       43.3212204    
 NaN NaN
