 Elev(m)    Area(m2)     Peri(m)      Radi(m)   Conv(m3/s)    topWidth(m)    newI1(m3)    dPdA(1/m)
   -22.99        0.00        0.00         NaN                 NaN               0.000           0.000             NaN
   -22.30       17.06       37.95        0.45             400.422              37.919           5.911           2.225
   -21.61       48.62       52.70        0.92            1842.790              52.603          28.665           0.467
   -20.91       90.63       69.59        1.30            4323.382              69.428          76.910           0.402
   -20.22      143.76       83.09        1.73            8287.433              82.859         158.118           0.254
   -19.53      204.60       92.92        2.20           13851.233              92.585         278.813           0.162
   -18.83      271.91      101.94        2.67           20919.240             101.491         443.907           0.134
   -18.14      345.28      111.11        3.11           29410.713             110.548         657.743           0.125
   -17.45      425.24      121.60        3.50           39189.223             120.920         924.702           0.131
   -16.75      515.32      142.48        3.62           48566.699             141.751        1250.571           0.232
   -16.06      621.16      162.91        3.81           60639.961             162.095        1644.320           0.193
   -15.37      738.50      177.01        4.17           76555.875             176.094        2115.393           0.120
   -14.68      864.76      189.63        4.56           95119.688             188.619        2670.865           0.100
   -13.98     1000.57      205.31        4.87          115044.562             204.197        3317.136           0.115
   -13.29     1149.36      228.48        5.03          134974.766             227.281        4062.015           0.156
   -12.60     1313.39      247.07        5.32          160016.719             245.792        4915.273           0.113
   -11.90     1489.65      264.35        5.64          188689.266             262.994        5886.431           0.098
   -11.21     1677.89      282.43        5.94          220153.906             281.000        6983.876           0.096
   -10.52     1881.46      308.13        6.11          251418.344             306.640        8217.070           0.126
    -9.83     2101.49      329.97        6.37          288814.000             328.425        9597.029           0.099
    -9.13     2336.70      351.35        6.65          330549.281             349.749       11134.711           0.091
    -8.44     2586.46      373.34        6.93          375980.375             371.674       12840.420           0.088
    -7.75     2851.16      393.82        7.24          426804.750             392.074       14724.374           0.077
    -7.05     3129.95      414.48        7.55          481899.281             412.647       16796.627           0.074
    -6.36     3423.25      436.35        7.85          540628.688             434.443       19067.088           0.075
    -5.67     3732.44      459.41        8.12          603368.875             457.416       21546.291           0.075
    -4.97     4077.64      571.34        7.14          604615.250             569.276       24252.223           0.324
    -4.28     4502.86      655.55        6.87          650831.438             653.406       27225.076           0.198
    -3.59     4982.86      738.17        6.75          711902.750             735.941       30511.555           0.172
    -2.90     5536.13      865.36        6.40          763142.750             863.063       34156.027           0.230
    -2.20     6141.07      885.90        6.93          893053.438             883.544       38201.785           0.034
    -1.51     6758.58      900.81        7.50         1036090.938             898.377       42671.074           0.024
    -0.82     7386.60      917.67        8.05         1186707.000             915.169       47571.902           0.027
    -0.12     8027.17      936.83        8.57         1344486.625             934.258       52912.254           0.030
     0.57     8682.07      959.74        9.05         1507750.125             957.097       58701.441           0.035
     1.26     9351.57      974.91        9.59         1688723.500             972.178       64949.484           0.023
     1.95    10028.79      985.14       10.18         1884269.750             982.307       71664.125           0.015
     2.65    10712.76      994.72       10.77         2089752.250             991.787       78850.367           0.014
     3.34    11402.49     1002.13       11.38         2307331.500             999.063       86512.555           0.011
     4.03    12097.42     1010.23       11.97         2532792.500            1007.042       94654.484           0.012
     4.73    12798.65     1020.42       12.54         2763629.250            1017.103      103280.125           0.015
     5.42    13507.66     1031.75       13.09         3001304.750            1028.297      112394.367           0.016
     6.11    14249.12     1110.89       12.83         3123143.500            1107.255      122011.156           0.107
     6.81    15047.18     1230.84       12.23         3194122.000            1226.961      132161.344           0.150
     7.50    15984.90     1452.88       11.00         3162939.500            1448.752      142912.906           0.237
     8.19    17068.46     1666.43       10.24         3220025.500            1662.073      154364.766           0.197
     8.88    18244.99     1710.42       10.67         3536417.250            1705.904      166599.703           0.037
     9.58    19429.11     1716.48       11.32         3917923.000            1711.796      179652.484           0.005
    10.27    20617.30     1722.54       11.97         4315188.500            1717.700      193527.219           0.005
    10.96    21809.96     1729.73       12.61         4726050.500            1724.750      208226.828           0.006
    11.66    23007.54     1736.51       13.25         5152979.000            1731.404      223754.562           0.006
    12.35    24207.29     1736.51       13.94         5608562.500            1731.404      240112.922           0.000
    13.04    25407.04     1736.51       14.63         6079454.500            1731.404      257302.609          -0.000
    13.73    26606.78     1736.51       15.32         6565409.500            1731.404      275323.625           0.000
    14.43    27806.53     1736.51       16.01         7066199.000            1731.404      294176.031          -0.000
    15.12    29006.28     1736.51       16.70         7581605.500            1731.404      313859.719           0.000
    15.81    30206.02     1736.51       17.39         8111424.500            1731.404      334374.781          -0.000
    16.51    31405.77     1736.51       18.09         8655462.000            1731.404      355721.188           0.000
    17.20    32605.51     1736.51       18.78         9213535.000            1731.404      377898.906          -0.000
    17.89    33805.26     1736.51       19.47         9785469.000            1731.404      400908.000           0.000
    18.58    35005.00     1736.51       20.16        10371100.000            1731.404      424748.406          -0.000
    19.28    36204.75     1736.51       20.85        10970268.000            1731.404      449420.250           0.000
    19.97    37404.50     1736.51       21.54        11582821.000            1731.404      474923.344          -0.000
    20.66    38604.24     1736.51       22.23        12208612.000            1731.404      501257.812           0.000
    21.36    39803.99     1736.51       22.92        12847507.000            1731.404      528423.562          -0.000
    22.05    41003.73     1736.51       23.61        13499372.000            1731.404      556420.750           0.000
    22.74    42203.48     1736.51       24.30        14164079.000            1731.404      585249.188          -0.000
    23.44    43403.23     1736.51       24.99        14841504.000            1731.404      614909.000           0.000
    24.13    44602.98     1736.51       25.69        15531532.000            1731.404      645400.250          -0.000
    24.82    45802.72     1736.51       26.38        16234041.000            1731.404      676722.750           0.000
    25.51    47002.46     1736.51       27.07        16948932.000            1731.404      708876.625          -0.000
    26.21    48202.21     1736.51       27.76        17676088.000            1731.404      741861.812           0.000
    26.90    49401.96     1736.51       28.45        18415414.000            1731.404      775678.312          -0.000
    27.59    50601.70     1736.51       29.14        19166808.000            1731.404      810326.188           0.000
    28.29    51801.45     1736.51       29.83        19930176.000            1731.404      845805.438          -0.000
    28.98    53001.20     1736.51       30.52        20705420.000            1731.404      882116.000           0.000
    29.67    54200.94     1736.51       31.21        21492452.000            1731.404      919257.875          -0.000
    30.36    55400.69     1736.51       31.90        22291186.000            1731.404      957231.250           0.000
    31.06    56600.43     1736.51       32.59        23101534.000            1731.404      996035.812          -0.000
    31.75    57800.18     1736.51       33.29        23923416.000            1731.404     1035671.750           0.000
    32.44    58999.93     1736.51       33.98        24756756.000            1731.404     1076139.125          -0.000
    33.14    60199.68     1736.51       34.67        25601466.000            1731.404     1117437.750           0.000
    33.83    61399.42     1736.51       35.36        26457472.000            1731.404     1159567.750          -0.000
    34.52    62599.16     1736.51       36.05        27324702.000            1731.404     1202529.000           0.000
    35.22    63798.91     1736.51       36.74        28203090.000            1731.404     1246321.625          -0.000
    35.91    64998.66     1736.51       37.43        29092554.000            1731.404     1290945.625           0.000
    36.60    66198.40     1736.51       38.12        29993036.000            1731.404     1336401.000          -0.000
    37.29    67398.15     1736.51       38.81        30904462.000            1731.404     1382687.625           0.000
    37.99    68597.89     1736.51       39.50        31826766.000            1731.404     1429805.625          -0.000
    38.68    69797.64     1736.51       40.19        32759890.000            1731.404     1477755.000           0.000
    39.37    70997.38     1736.51       40.89        33703768.000            1731.404     1526535.750          -0.000
    40.07    72197.13     1736.51       41.58        34658348.000            1731.404     1576147.750           0.000
    40.76    73396.88     1736.51       42.27        35623552.000            1731.404     1626591.125          -0.000
    41.45    74596.62     1736.51       42.96        36599328.000            1731.404     1677865.875           0.000
    42.14    75796.37     1736.51       43.65        37585636.000            1731.404     1729971.875          -0.000
    42.84    76996.11     1736.51       44.34        38582396.000            1731.404     1782909.375           0.000
    43.53    78195.86     1736.51       45.03        39589576.000            1731.404     1836678.125          -0.000
    44.22    79395.61     1736.51       45.72        40607104.000            1731.404     1891278.500           0.000
    44.92    80595.36     1736.51       46.41        41634944.000            1731.404     1946709.875          -0.000
    45.61    81795.10     1736.51       47.10        42673024.000            1731.404     2002972.750           0.000
    46.30    82994.84     1736.51       47.79        43721304.000            1731.404     2060066.875          -0.000
