   660.838867      -29.0628624    
   708.334412      -29.0628624    
 NaN NaN
   650.392334      -28.3071423    
   718.486023      -28.3071423    
 NaN NaN
   641.003418      -27.5514221    
   725.979004      -27.5514221    
 NaN NaN
   631.327576      -26.7957001    
   732.447632      -26.7957001    
 NaN NaN
   615.316833      -26.0399780    
   738.142151      -26.0399780    
 NaN NaN
   586.150269      -25.2842579    
   744.660706      -25.2842579    
 NaN NaN
   575.006287      -24.5285378    
   752.348999      -24.5285378    
 NaN NaN
   568.567627      -23.7728157    
   760.646423      -23.7728157    
 NaN NaN
   558.523132      -23.0170937    
   767.048645      -23.0170937    
 NaN NaN
   539.426025      -22.2613735    
   773.158020      -22.2613735    
 NaN NaN
   527.177185      -21.5056534    
   779.095520      -21.5056534    
 NaN NaN
   505.455383      -20.7499313    
   784.804382      -20.7499313    
 NaN NaN
   490.507660      -19.9942093    
   795.837708      -19.9942093    
 NaN NaN
   476.641235      -19.2384892    
   806.017517      -19.2384892    
 NaN NaN
   462.445068      -18.4827690    
   810.860229      -18.4827690    
 NaN NaN
   444.318420      -17.7270470    
   816.997986      -17.7270470    
 NaN NaN
   429.683777      -16.9713249    
   823.908203      -16.9713249    
 NaN NaN
   413.884064      -16.2156048    
   828.089722      -16.2156048    
 NaN NaN
   369.358307      -15.4598837    
   832.220520      -15.4598837    
 NaN NaN
   351.685181      -14.7041626    
   835.768494      -14.7041626    
 NaN NaN
   335.776764      -13.9484415    
   839.316467      -13.9484415    
 NaN NaN
   299.062286      -13.1927204    
   842.589844      -13.1927204    
 NaN NaN
   281.706055      -12.4369993    
   845.591736      -12.4369993    
 NaN NaN
   264.498718      -11.6812782    
   848.593628      -11.6812782    
 NaN NaN
   251.716003      -10.9255571    
   851.430908      -10.9255571    
 NaN NaN
   212.289627      -10.1698360    
   854.073303      -10.1698360    
 NaN NaN
   204.511627      -9.41411495    
   856.715637      -9.41411495    
 NaN NaN
   198.264954      -8.65839386    
   859.358032      -8.65839386    
 NaN NaN
   192.554214      -7.90267277    
   862.589539      -7.90267277    
 NaN NaN
   186.959122      -7.14695168    
   865.822632      -7.14695168    
 NaN NaN
   181.060684      -6.39123058    
   868.936584      -6.39123058    
 NaN NaN
   174.275024      -5.63550949    
   871.468933      -5.63550949    
 NaN NaN
   169.687256      -4.87978840    
   874.001221      -4.87978840    
 NaN NaN
   165.302032      -4.12406731    
   876.533569      -4.12406731    
 NaN NaN
   161.566238      -3.36834621    
   879.474670      -3.36834621    
 NaN NaN
   157.963043      -2.61262512    
   882.736816      -2.61262512    
 NaN NaN
   154.744614      -1.85690403    
   885.998901      -1.85690403    
 NaN NaN
   152.452240      -1.10118294    
   891.808533      -1.10118294    
 NaN NaN
   150.159851     -0.345461845    
   897.148621     -0.345461845    
 NaN NaN
   147.867477      0.410259247    
   900.369019      0.410259247    
 NaN NaN
   144.960770       1.16598034    
   903.589417       1.16598034    
 NaN NaN
   123.984200       1.92170143    
   130.093674       1.92170143    
 NaN NaN
   140.652008       1.92170143    
   906.296692       1.92170143    
 NaN NaN
   69.7351990       2.67742252    
   908.581482       2.67742252    
 NaN NaN
   38.1029129       3.43314362    
   910.866211       3.43314362    
 NaN NaN
   26.6372528       4.18886471    
   913.150940       4.18886471    
 NaN NaN
   22.7497597       4.94458580    
   973.495056       4.94458580    
 NaN NaN
   18.8622665       5.70030689    
   979.573975       5.70030689    
 NaN NaN
   15.5544329       6.45602798    
   982.636658       6.45602798    
 NaN NaN
   0.00000000       7.21174908    
   1.29869449       7.21174908    
 NaN NaN
   12.3476954       7.21174908    
   985.699341       7.21174908    
 NaN NaN
   0.00000000       7.96747017    
   9.14093685       7.96747017    
 NaN NaN
   9.14095783       7.96747017    
   987.353882       7.96747017    
 NaN NaN
   0.00000000       8.72319126    
   987.353882       8.72319126    
 NaN NaN
   0.00000000       9.47891235    
   987.353882       9.47891235    
 NaN NaN
   0.00000000       10.2346334    
   987.353882       10.2346334    
 NaN NaN
   0.00000000       10.9903545    
   987.353882       10.9903545    
 NaN NaN
   0.00000000       11.7460756    
   987.353882       11.7460756    
 NaN NaN
   0.00000000       12.5017967    
   987.353882       12.5017967    
 NaN NaN
   0.00000000       13.2575178    
   987.353882       13.2575178    
 NaN NaN
   0.00000000       14.0132389    
   987.353882       14.0132389    
 NaN NaN
   0.00000000       14.7689600    
   987.353882       14.7689600    
 NaN NaN
   0.00000000       15.5246811    
   987.353882       15.5246811    
 NaN NaN
   0.00000000       16.2804031    
   987.353882       16.2804031    
 NaN NaN
   0.00000000       17.0361233    
   987.353882       17.0361233    
 NaN NaN
   0.00000000       17.7918434    
   987.353882       17.7918434    
 NaN NaN
   0.00000000       18.5475655    
   987.353882       18.5475655    
 NaN NaN
   0.00000000       19.3032875    
   987.353882       19.3032875    
 NaN NaN
   0.00000000       20.0590076    
   987.353882       20.0590076    
 NaN NaN
   0.00000000       20.8147278    
   987.353882       20.8147278    
 NaN NaN
   0.00000000       21.5704498    
   987.353882       21.5704498    
 NaN NaN
   0.00000000       22.3261719    
   987.353882       22.3261719    
 NaN NaN
   0.00000000       23.0818920    
   987.353882       23.0818920    
 NaN NaN
   0.00000000       23.8376122    
   987.353882       23.8376122    
 NaN NaN
   0.00000000       24.5933342    
   987.353882       24.5933342    
 NaN NaN
   0.00000000       25.3490562    
   987.353882       25.3490562    
 NaN NaN
   0.00000000       26.1047764    
   987.353882       26.1047764    
 NaN NaN
   0.00000000       26.8604965    
   987.353882       26.8604965    
 NaN NaN
   0.00000000       27.6162186    
   987.353882       27.6162186    
 NaN NaN
   0.00000000       28.3719406    
   987.353882       28.3719406    
 NaN NaN
   0.00000000       29.1276608    
   987.353882       29.1276608    
 NaN NaN
   0.00000000       29.8833809    
   987.353882       29.8833809    
 NaN NaN
   0.00000000       30.6391029    
   987.353882       30.6391029    
 NaN NaN
   0.00000000       31.3948250    
   987.353882       31.3948250    
 NaN NaN
   0.00000000       32.1505432    
   987.353882       32.1505432    
 NaN NaN
   0.00000000       32.9062653    
   987.353882       32.9062653    
 NaN NaN
   0.00000000       33.6619873    
   987.353882       33.6619873    
 NaN NaN
   0.00000000       34.4177094    
   987.353882       34.4177094    
 NaN NaN
   0.00000000       35.1734314    
   987.353882       35.1734314    
 NaN NaN
   0.00000000       35.9291496    
   987.353882       35.9291496    
 NaN NaN
   0.00000000       36.6848717    
   987.353882       36.6848717    
 NaN NaN
   0.00000000       37.4405937    
   987.353882       37.4405937    
 NaN NaN
   0.00000000       38.1963120    
   987.353882       38.1963120    
 NaN NaN
   0.00000000       38.9520340    
   987.353882       38.9520340    
 NaN NaN
   0.00000000       39.7077560    
   987.353882       39.7077560    
 NaN NaN
   0.00000000       40.4634781    
   987.353882       40.4634781    
 NaN NaN
   0.00000000       41.2192001    
   987.353882       41.2192001    
 NaN NaN
   0.00000000       41.9749184    
   987.353882       41.9749184    
 NaN NaN
   0.00000000       42.7306404    
   987.353882       42.7306404    
 NaN NaN
   0.00000000       43.4863625    
   987.353882       43.4863625    
 NaN NaN
   0.00000000       44.2420807    
   987.353882       44.2420807    
 NaN NaN
   0.00000000       44.9978027    
   987.353882       44.9978027    
 NaN NaN
   0.00000000       45.7535248    
   987.353882       45.7535248    
 NaN NaN
