 Elev(m)    Area(m2)     Peri(m)      Radi(m)   Conv(m3/s)    topWidth(m)    newI1(m3)    dPdA(1/m)
   -19.81        0.00        0.00         NaN                 NaN               0.000           0.000             NaN
   -19.18       13.62       33.42        0.41             299.501              33.385           4.296           2.453
   -18.54       39.41       48.00        0.82            1382.548              47.905          21.024           0.565
   -17.91       73.70       60.90        1.21            3347.919              60.739          56.701           0.376
   -17.28      116.02       73.61        1.58            6285.558              73.379         116.541           0.300
   -16.65      166.38       86.61        1.92           10284.753              86.317         205.613           0.258
   -16.02      224.78       99.20        2.27           15511.949              98.831         328.990           0.216
   -15.39      291.07      111.75        2.60           22040.205             111.308         491.693           0.189
   -14.76      365.35      125.69        2.91           29766.018             125.162         698.732           0.188
   -14.13      449.26      141.50        3.17           38819.215             140.895         955.665           0.188
   -13.50      543.36      159.21        3.41           49267.992             158.523        1268.743           0.188
   -12.87      649.67      177.54        3.66           61709.125             176.768        1645.035           0.172
   -12.24      765.38      190.72        4.01           77312.859             189.850        2091.352           0.114
   -11.61      889.23      203.89        4.36           94948.477             202.916        2613.226           0.106
   -10.97     1021.51      217.70        4.69          114521.656             216.641        3215.885           0.104
   -10.34     1164.72      245.67        4.74          131479.859             244.534        3905.438           0.195
    -9.71     1338.21      291.23        4.59          147946.125             290.030        4694.877           0.263
    -9.08     1527.88      318.90        4.79          173690.859             317.633        5598.861           0.146
    -8.45     1743.08      360.62        4.83          199320.734             359.298        6630.544           0.194
    -7.82     1977.13      383.26        5.16          236112.625             381.884        7803.923           0.097
    -7.19     2225.25      407.43        5.46          276051.188             405.993        9129.381           0.097
    -6.56     2488.70      431.15        5.77          320330.312             429.669       10616.193           0.090
    -5.93     2769.47      464.19        5.97          364408.781             462.681       12274.657           0.118
    -5.30     3076.54      518.54        5.93          403312.875             517.000       14118.530           0.177
    -4.67     3419.78      572.62        5.97          450279.406             571.047       16167.516           0.158
    -4.04     3792.75      615.33        6.16          510010.719             613.729       18442.398           0.115
    -3.40     4193.97      670.13        6.26          569721.000             668.500       20961.465           0.137
    -2.77     4706.17      981.80        4.79          535168.938             980.130       23768.631           0.608
    -2.14     5357.67     1066.00        5.03          628803.375            1064.283       26942.838           0.129
    -1.51     6035.55     1086.69        5.55          757155.625            1084.915       30536.342           0.031
    -0.88     6724.09     1099.70        6.11          899357.688            1097.862       34560.824           0.019
    -0.25     7420.10     1110.55        6.68         1052896.125            1108.628       39022.000           0.016
     0.38     8122.71     1121.08        7.25         1216573.875            1119.080       43924.312           0.015
     1.01     8832.39     1133.01        7.80         1388996.000            1130.947       49272.070           0.017
     1.64     9548.79     1142.06        8.36         1573431.750            1139.909       55069.621           0.013
     2.27    10270.48     1150.45        8.93         1767937.000            1148.199       61320.762           0.012
     2.90    10997.29     1158.30        9.49         1972374.500            1155.943       68028.766           0.011
     3.53    11728.82     1165.84       10.06         2186376.500            1163.369       75196.742           0.010
     4.17    12464.65     1172.02       10.64         2411214.250            1169.423       82827.539           0.008
     4.80    13204.25     1178.40       11.21         2644775.000            1175.667       90923.688           0.009
     5.43    13947.91     1184.73       11.77         2887317.250            1181.876       99487.672           0.009
     6.06    14695.23     1190.51       12.34         3139541.500            1187.508      108521.922           0.008
     6.69    15469.81     1281.34       12.07         3256551.750            1278.140      118036.188           0.117
     7.32    16290.53     1353.98       12.03         3421455.250            1350.556      128053.617           0.089
     7.95    17170.82     1428.13       12.02         3604682.000            1424.503      138607.562           0.084
     8.58    18083.14     1479.38       12.22         3838220.000            1475.603      149726.906           0.056
     9.21    19016.00     1485.53       12.80         4162337.750            1481.619      161428.234           0.007
     9.84    19952.25     1490.76       13.38         4498918.000            1486.692      173719.109           0.006
    10.47    20891.69     1496.11       13.96         4845900.000            1491.885      186601.562           0.006
    11.10    21834.64     1502.84       14.53         5200307.500            1498.480      200077.734           0.007
    11.73    22782.47     1510.72       15.08         5562534.000            1506.245      214150.297           0.008
    12.37    23732.63     1510.72       15.71         5954535.000            1506.245      228821.500          -0.000
    13.00    24682.79     1510.72       16.34         6357140.500            1506.245      244092.062           0.000
    13.63    25632.96     1510.72       16.97         6770214.000            1506.245      259962.000           0.000
    14.26    26583.12     1510.72       17.60         7193624.500            1506.245      276431.312          -0.000
    14.89    27533.28     1510.72       18.23         7627245.500            1506.245      293500.031           0.000
    15.52    28483.44     1510.72       18.85         8070960.500            1506.245      311168.094           0.000
    16.15    29433.60     1510.72       19.48         8524656.000            1506.245      329435.500           0.000
    16.78    30383.76     1510.72       20.11         8988221.000            1506.245      348302.312           0.000
    17.41    31333.92     1510.72       20.74         9461554.000            1506.245      367768.531          -0.000
    18.04    32284.08     1510.72       21.37         9944553.000            1506.245      387834.094           0.000
    18.67    33234.24     1510.72       22.00        10437124.000            1506.245      408499.000           0.000
    19.30    34184.40     1510.72       22.63        10939176.000            1506.245      429763.375          -0.000
    19.94    35134.56     1510.72       23.26        11450615.000            1506.245      451627.062           0.000
    20.57    36084.72     1510.72       23.89        11971361.000            1506.245      474090.094           0.000
    21.20    37034.88     1510.72       24.51        12501328.000            1506.245      497152.531           0.000
    21.83    37985.04     1510.72       25.14        13040441.000            1506.245      520814.312           0.000
    22.46    38935.21     1510.72       25.77        13588621.000            1506.245      545075.562           0.000
    23.09    39885.37     1510.72       26.40        14145791.000            1506.245      569936.125           0.000
    23.72    40835.53     1510.72       27.03        14711881.000            1506.245      595396.000           0.000
    24.35    41785.69     1510.72       27.66        15286824.000            1506.245      621455.375          -0.000
    24.98    42735.85     1510.72       28.29        15870544.000            1506.245      648114.062           0.000
    25.61    43686.01     1510.72       28.92        16462986.000            1506.245      675372.125           0.000
    26.24    44636.17     1510.72       29.55        17064078.000            1506.245      703229.500           0.000
    26.87    45586.33     1510.72       30.18        17673762.000            1506.245      731686.312           0.000
    27.51    46536.49     1510.72       30.80        18291978.000            1506.245      760742.562           0.000
    28.14    47486.65     1510.72       31.43        18918666.000            1506.245      790398.125           0.000
    28.77    48436.81     1510.72       32.06        19553768.000            1506.245      820653.000           0.000
    29.40    49386.98     1510.72       32.69        20197238.000            1506.245      851507.375          -0.000
    30.03    50337.14     1510.72       33.32        20849010.000            1506.245      882961.062           0.000
    30.66    51287.30     1510.72       33.95        21509034.000            1506.245      915014.125           0.000
    31.29    52237.46     1510.72       34.58        22177264.000            1506.245      947666.500           0.000
    31.92    53187.62     1510.72       35.21        22853644.000            1506.245      980918.312           0.000
    32.55    54137.78     1510.72       35.84        23538128.000            1506.245     1014769.438           0.000
    33.18    55087.94     1510.72       36.46        24230674.000            1506.245     1049220.250           0.000
    33.81    56038.10     1510.72       37.09        24931224.000            1506.245     1084270.125           0.000
    34.44    56988.26     1510.72       37.72        25639740.000            1506.245     1119919.375          -0.000
    35.07    57938.42     1510.72       38.35        26356174.000            1506.245     1156168.000           0.000
    35.71    58888.58     1510.72       38.98        27080482.000            1506.245     1193016.125           0.000
    36.34    59838.74     1510.72       39.61        27812628.000            1506.245     1230463.500          -0.000
    36.97    60788.90     1510.72       40.24        28552562.000            1506.245     1268510.250           0.000
    37.60    61739.06     1510.72       40.87        29300246.000            1506.245     1307156.375           0.000
    38.23    62689.22     1510.72       41.50        30055644.000            1506.245     1346402.000           0.000
    38.86    63639.39     1510.72       42.13        30818716.000            1506.245     1386247.125           0.000
    39.49    64589.55     1510.72       42.75        31589418.000            1506.245     1426691.375           0.000
    40.12    65539.71     1510.72       43.38        32367720.000            1506.245     1467735.000           0.000
    40.75    66489.87     1510.72       44.01        33153574.000            1506.245     1509378.000           0.000
    41.38    67440.03     1510.72       44.64        33946960.000            1506.245     1551620.500          -0.000
    42.01    68390.19     1510.72       45.27        34747820.000            1506.245     1594462.250           0.000
    42.64    69340.35     1510.72       45.90        35556144.000            1506.245     1637903.375           0.000
    43.28    70290.52     1510.72       46.53        36371884.000            1506.245     1681944.125           0.000
