 Elev(m)    Area(m2)     Peri(m)      Radi(m)   Conv(m3/s)    topWidth(m)    newI1(m3)    dPdA(1/m)
   -31.87        0.00        0.00         NaN                 NaN               0.000           0.000             NaN
   -31.07       31.46       59.53        0.53             822.642              59.496          12.629           1.892
   -30.26       87.47       78.49        1.11            3760.564              78.372          60.370           0.339
   -29.46      156.53       93.93        1.67            8800.724              93.710         158.314           0.224
   -28.66      237.73      108.72        2.19           16020.809             108.395         316.579           0.182
   -27.86      330.02      121.52        2.72           25696.445             121.081         544.489           0.139
   -27.05      432.85      136.50        3.17           37370.707             135.966         850.723           0.146
   -26.25      548.16      152.41        3.60           51470.633             151.786        1244.523           0.138
   -25.45      677.07      170.11        3.98           68019.211             169.405        1736.357           0.137
   -24.64      821.28      191.52        4.29           86710.422             190.752        2337.825           0.148
   -23.84      984.49      217.63        4.52          107712.484             216.813        3062.696           0.160
   -23.04     1185.41      312.75        3.79          115269.211             311.892        3933.740           0.473
   -22.24     1449.20      344.93        4.20          150933.703             344.023        4991.330           0.122
   -21.43     1735.31      367.93        4.72          195214.250             366.943        6269.661           0.080
   -20.63     2039.55      392.81        5.19          244621.234             391.738        7784.970           0.082
   -19.83     2363.32      415.26        5.69          301337.875             414.094        9552.376           0.069
   -19.02     2703.50      434.10        6.23          366053.625             432.857       11586.312           0.055
   -18.22     3057.94      452.97        6.75          436914.062             451.619       13899.079           0.053
   -17.42     3430.11      475.50        7.21          512239.188             474.050       16503.520           0.061
   -16.62     3816.63      489.66        7.79          600159.188             488.081       19412.516           0.037
   -15.81     4213.43      502.02        8.39          696046.688             500.294       22635.951           0.031
   -15.01     4619.40      512.93        9.01          799833.438             511.044       26181.639           0.027
   -14.21     5033.44      522.39        9.64          911667.500             520.348       30056.496           0.023
   -13.40     5455.34      533.15       10.23         1028485.562             530.964       34266.918           0.025
   -12.60     5885.81      543.98       10.82         1151718.125             541.673       38819.504           0.025
   -11.80     6325.03      555.21       11.39         1280938.125             552.773       43721.195           0.026
   -11.00     6774.32      568.70       11.91         1413344.000             566.170       48979.559           0.030
   -10.19     7233.55      580.03       12.47         1556007.500             577.386       54602.621           0.025
    -9.39     7701.39      590.93       13.03         1706029.750             588.159       60597.832           0.023
    -8.59     8178.18      603.08       13.56         1860240.500             600.207       66972.234           0.025
    -7.78     8665.63      616.69       14.05         2018444.000             613.711       73733.703           0.028
    -6.98     9162.44      627.00       14.61         2190611.250             623.901       80890.273           0.021
    -6.18     9667.90      638.57       15.14         2366688.250             635.354       88449.180           0.023
    -5.38    10182.64      650.26       15.66         2549394.000             646.928       96417.617           0.023
    -4.57    10706.45      661.50       16.19         2740193.500             658.056      104802.945           0.021
    -3.77    11239.51      673.27       16.69         2936608.500             669.711      113612.531           0.022
    -2.97    11781.53      684.84       17.20         3140540.000             681.157      122853.672           0.021
    -2.16    12334.02      699.23       17.64         3343149.500             695.434      132534.172           0.026
    -1.36    12899.05      717.28       17.98         3541587.750             713.401      142663.266           0.032
    -0.56    13479.87      738.61       18.25         3737596.000             734.666      153252.344           0.037
     0.24    14080.60      762.48       18.47         3934987.750             758.471      164315.719           0.040
     1.05    14694.02      773.05       19.01         4186208.250             768.901      175866.469           0.017
     1.85    15316.01      785.10       19.51         4439706.500             780.766      187913.141           0.019
     2.65    15947.81      799.15       19.96         4693264.500             794.651      200463.109           0.022
     3.46    16600.05      846.26       19.62         4829539.500             841.590      213528.516           0.072
     4.26    17304.77      947.72       18.26         4799742.000             942.891      227138.656           0.144
     5.06    18081.85     1011.70       17.87         4944205.500            1006.797      241343.609           0.082
     5.86    18896.22     1024.96       18.44         5274886.500            1019.947      256187.391           0.016
     6.67    19718.56     1033.57       19.08         5631531.500            1028.396      271688.188           0.010
     7.47    20547.18     1041.17       19.73         6002063.500            1035.819      287851.750           0.009
     8.27    21383.75     1054.73       20.27         6359723.000            1049.244      304683.719           0.016
     9.08    22226.13     1054.73       21.07         6782734.000            1049.244      322189.656           0.000
     9.88    23068.50     1054.73       21.87         7216570.500            1049.244      340371.906           0.000
    10.68    23910.88     1054.73       22.67         7661101.000            1049.244      359230.438           0.000
    11.48    24753.26     1054.73       23.47         8116195.500            1049.244      378765.281           0.000
    12.29    25595.64     1054.73       24.27         8581735.000            1049.244      398976.406           0.000
    13.09    26438.02     1054.73       25.07         9057603.000            1049.244      419863.875           0.000
    13.89    27280.39     1054.73       25.86         9543688.000            1049.244      441427.594           0.000
    14.70    28122.77     1054.73       26.66        10039885.000            1049.244      463667.625           0.000
    15.50    28965.15     1054.73       27.46        10546090.000            1049.244      486583.938           0.000
    16.30    29807.53     1054.73       28.26        11062207.000            1049.244      510176.562           0.000
    17.10    30649.91     1054.73       29.06        11588141.000            1049.244      534445.500           0.000
    17.91    31492.29     1054.73       29.86        12123800.000            1049.244      559390.688           0.000
    18.71    32334.66     1054.73       30.66        12669098.000            1049.244      585012.188           0.000
    19.51    33177.04     1054.73       31.46        13223950.000            1049.244      611310.000           0.000
    20.31    34019.42     1054.73       32.25        13788276.000            1049.244      638284.125           0.000
    21.12    34861.80     1054.73       33.05        14361995.000            1049.244      665934.500           0.000
    21.92    35704.18     1054.73       33.85        14945031.000            1049.244      694261.250           0.000
    22.72    36546.55     1054.73       34.65        15537310.000            1049.244      723264.250           0.000
    23.53    37388.93     1054.73       35.45        16138762.000            1049.244      752943.500           0.000
    24.33    38231.31     1054.73       36.25        16749317.000            1049.244      783299.125           0.000
    25.13    39073.69     1054.73       37.05        17368906.000            1049.244      814331.000           0.000
    25.93    39916.06     1054.73       37.84        17997464.000            1049.244      846039.188           0.000
    26.74    40758.44     1054.73       38.64        18634930.000            1049.244      878423.688           0.000
    27.54    41600.82     1054.73       39.44        19281242.000            1049.244      911484.438           0.000
    28.34    42443.20     1054.73       40.24        19936336.000            1049.244      945221.562           0.000
    29.15    43285.57     1054.73       41.04        20600154.000            1049.244      979634.938           0.000
    29.95    44127.95     1054.73       41.84        21272642.000            1049.244     1014724.562           0.000
    30.75    44970.33     1054.73       42.64        21953748.000            1049.244     1050490.500           0.000
    31.55    45812.71     1054.73       43.44        22643408.000            1049.244     1086932.875           0.000
    32.36    46655.09     1054.73       44.23        23341578.000            1049.244     1124051.500           0.000
    33.16    47497.46     1054.73       45.03        24048198.000            1049.244     1161846.250           0.000
    33.96    48339.84     1054.73       45.83        24763228.000            1049.244     1200317.500           0.000
    34.77    49182.22     1054.73       46.63        25486610.000            1049.244     1239464.875           0.000
    35.57    50024.60     1054.73       47.43        26218302.000            1049.244     1279288.750           0.000
    36.37    50866.98     1054.73       48.23        26958250.000            1049.244     1319788.625           0.000
    37.17    51709.36     1054.73       49.03        27706418.000            1049.244     1360965.125           0.000
    37.98    52551.73     1054.73       49.82        28462756.000            1049.244     1402817.625          -0.000
    38.78    53394.11     1054.73       50.62        29227218.000            1049.244     1445346.750           0.000
    39.58    54236.49     1054.73       51.42        29999758.000            1049.244     1488551.875           0.000
    40.39    55078.87     1054.73       52.22        30780346.000            1049.244     1532433.500           0.000
    41.19    55921.25     1054.73       53.02        31568932.000            1049.244     1576991.250           0.000
    41.99    56763.62     1054.73       53.82        32365478.000            1049.244     1622225.500           0.000
    42.79    57606.00     1054.73       54.62        33169940.000            1049.244     1668135.750           0.000
    43.60    58448.38     1054.73       55.42        33982288.000            1049.244     1714722.625           0.000
    44.40    59290.76     1054.73       56.21        34802476.000            1049.244     1761985.500           0.000
    45.20    60133.14     1054.73       57.01        35630472.000            1049.244     1809925.000           0.000
    46.01    60975.52     1054.73       57.81        36466236.000            1049.244     1858540.750           0.000
    46.81    61817.89     1054.73       58.61        37309732.000            1049.244     1907832.500           0.000
    47.61    62660.27     1054.73       59.41        38160932.000            1049.244     1957800.875           0.000
    48.41    63502.65     1054.73       60.21        39019788.000            1049.244     2008445.250           0.000
