 Elev(m)    Area(m2)     Peri(m)      Radi(m)   Conv(m3/s)    topWidth(m)    newI1(m3)    dPdA(1/m)
   -17.70        0.00        0.00         NaN                 NaN               0.000           0.000             NaN
   -17.13       11.83       37.29        0.32             219.992              37.267           3.375           3.153
   -16.56       44.57       78.97        0.56            1217.721              78.935          19.471           1.273
   -15.99       97.47      105.88        0.92            3689.517             105.817          60.008           0.509
   -15.42      165.67      136.79        1.21            7529.429             136.697         135.104           0.453
   -14.85      251.24      161.27        1.56           13505.193             161.144         254.082           0.286
   -14.28      350.34      188.26        1.86           21201.789             188.114         425.763           0.272
   -13.71      466.43      218.07        2.14           30972.266             217.897         658.855           0.257
   -13.14      601.70      259.69        2.32           42141.781             259.507         963.681           0.308
   -12.57      765.65      325.41        2.35           54178.613             325.204        1353.900           0.401
   -12.00      987.84      425.43        2.32           69286.461             425.215        1854.318           0.450
   -11.42     1243.30      483.84        2.57           93300.031             483.604        2491.048           0.229
   -10.85     1527.92      512.14        2.98          126659.398             511.872        3281.910           0.099
   -10.28     1827.73      542.24        3.37          164355.609             541.950        4239.561           0.100
    -9.71     2148.48      582.99        3.69          205040.797             582.669        5374.312           0.127
    -9.14     2491.21      616.44        4.04          252823.078             616.091        6698.406           0.098
    -8.57     2867.83      688.22        4.17          297050.250             687.845        8227.790           0.191
    -8.00     3266.14      706.82        4.62          362449.562             706.402        9978.328           0.047
    -7.43     3673.63      721.72        5.09          434816.406             721.261       11958.831           0.037
    -6.86     4089.14      735.18        5.56          513470.750             734.677       14174.202           0.032
    -6.29     4511.68      746.55        6.04          598759.750             745.981       16628.742           0.027
    -5.72     4940.88      759.18        6.51          688924.938             758.548       19326.354           0.029
    -5.15     5378.15      773.92        6.95          783398.188             773.232       22271.240           0.034
    -4.58     5822.79      785.32        7.41          885619.875             784.548       25467.812           0.026
    -4.00     6273.59      795.93        7.88          993890.062             795.062       28919.930           0.024
    -3.43     6730.32      806.20        8.35         1107875.750             805.244       32631.043           0.022
    -2.86     7192.80      816.47        8.81         1227242.375             815.427       36604.484           0.022
    -2.29     7661.36      827.86        9.25         1350821.000             826.737       40843.629           0.024
    -1.72     8138.24      845.59        9.62         1472889.125             844.390       45352.586           0.037
    -1.15     8624.83      863.43        9.99         1600140.375             862.139       50136.504           0.037
    -0.58     9124.99      890.55       10.25         1721898.125             889.168       55202.023           0.054
    -0.01     9638.94      912.44       10.56         1856262.875             910.963       60556.957           0.043
     0.56    10165.93      948.60       10.72         1976590.875             947.026       66208.953           0.069
     1.13    10715.35      977.62       10.96         2114902.000             975.946       72168.148           0.053
     1.70    11282.59     1008.53       11.19         2257430.250            1006.758       78446.016           0.054
     2.27    11861.20     1021.93       11.61         2432169.750            1020.046       85050.891           0.023
     2.84    12446.75     1032.81       12.05         2617013.500            1030.830       91987.992           0.019
     3.42    13038.07     1044.75       12.48         2805902.250            1042.683       99260.961           0.020
     3.99    13636.69     1057.19       12.90         3000126.500            1055.028      106873.516           0.021
     4.56    14242.30     1067.66       13.34         3204339.250            1065.414      114829.742           0.017
     5.13    14853.24     1078.61       13.77         3413392.750            1076.286      123133.148           0.018
     5.70    15471.73     1092.84       14.16         3621757.500            1090.464      131787.406           0.023
     6.27    16098.12     1107.86       14.53         3834389.750            1105.424      140796.953           0.024
     6.84    16740.32     1178.69       14.20         3927042.250            1176.210      150168.531           0.110
     7.41    17437.63     1239.17       14.07         4065545.500            1236.630      159922.375           0.087
     7.98    18146.35     1251.28       14.50         4316580.000            1248.672      170077.484           0.017
     8.55    18872.39     1294.53       14.58         4505013.500            1291.830      180642.062           0.060
     9.12    19618.58     1317.14       14.89         4750623.000            1314.335      191626.781           0.030
     9.69    20370.40     1322.78       15.40         5043520.000            1319.854      203039.000           0.008
    10.26    21125.55     1329.28       15.89         5341497.000            1326.247      214881.281           0.009
    10.84    21885.48     1343.40       16.29         5625792.500            1340.267      227155.953           0.019
    11.41    22650.46     1343.40       16.86         5957335.500            1340.267      239865.828           0.000
    11.98    23415.45     1343.40       17.43         6296427.500            1340.267      253012.312           0.000
    12.55    24180.43     1343.40       18.00         6642988.000            1340.267      266595.406           0.000
    13.12    24945.41     1343.40       18.57         6996936.500            1340.267      280615.156          -0.000
    13.69    25710.39     1343.40       19.14         7358196.000            1340.267      295071.531           0.000
    14.26    26475.37     1343.40       19.71         7726693.500            1340.267      309964.500           0.000
    14.83    27240.36     1343.40       20.28         8102359.000            1340.267      325294.156           0.000
    15.40    28005.34     1343.40       20.85         8485125.000            1340.267      341060.406          -0.000
    15.97    28770.32     1343.40       21.42         8874925.000            1340.267      357263.281           0.000
    16.54    29535.30     1343.40       21.99         9271697.000            1340.267      373902.812           0.000
    17.11    30300.28     1343.40       22.55         9675380.000            1340.267      390978.938          -0.000
    17.68    31065.27     1343.40       23.12        10085915.000            1340.267      408491.688           0.000
    18.26    31830.25     1343.40       23.69        10503247.000            1340.267      426441.062           0.000
    18.83    32595.23     1343.40       24.26        10927318.000            1340.267      444827.094           0.000
    19.40    33360.21     1343.40       24.83        11358079.000            1340.267      463649.719          -0.000
    19.97    34125.19     1343.40       25.40        11795473.000            1340.267      482909.000           0.000
    20.54    34890.18     1343.40       25.97        12239457.000            1340.267      502604.875           0.000
    21.11    35655.16     1343.40       26.54        12689976.000            1340.267      522737.406           0.000
    21.68    36420.14     1343.40       27.11        13146985.000            1340.267      543306.562          -0.000
    22.25    37185.12     1343.40       27.68        13610442.000            1340.267      564312.375           0.000
    22.82    37950.11     1343.40       28.25        14080298.000            1340.267      585754.812           0.000
    23.39    38715.09     1343.40       28.82        14556510.000            1340.267      607633.812           0.000
    23.96    39480.07     1343.40       29.39        15039037.000            1340.267      629949.500          -0.000
    24.53    40245.05     1343.40       29.96        15527838.000            1340.267      652701.812           0.000
    25.10    41010.03     1343.40       30.53        16022872.000            1340.267      675890.688           0.000
    25.68    41775.01     1343.40       31.10        16524101.000            1340.267      699516.250          -0.000
    26.25    42540.00     1343.40       31.67        17031490.000            1340.267      723578.438           0.000
    26.82    43304.98     1343.40       32.24        17544994.000            1340.267      748077.188           0.000
    27.39    44069.96     1343.40       32.80        18064582.000            1340.267      773012.625           0.000
    27.96    44834.94     1343.40       33.37        18590222.000            1340.267      798384.750          -0.000
    28.53    45599.93     1343.40       33.94        19121874.000            1340.267      824193.438           0.000
    29.10    46364.91     1343.40       34.51        19659502.000            1340.267      850438.750           0.000
    29.67    47129.89     1343.40       35.08        20203076.000            1340.267      877120.688           0.000
    30.24    47894.87     1343.40       35.65        20752570.000            1340.267      904239.250          -0.000
    30.81    48659.85     1343.40       36.22        21307944.000            1340.267      931794.438           0.000
    31.38    49424.83     1343.40       36.79        21869166.000            1340.267      959786.250           0.000
    31.95    50189.82     1343.40       37.36        22436212.000            1340.267      988214.688           0.000
    32.52    50954.80     1343.40       37.93        23009050.000            1340.267     1017079.750          -0.000
    33.10    51719.78     1343.40       38.50        23587650.000            1340.267     1046381.562           0.000
    33.67    52484.76     1343.40       39.07        24171982.000            1340.267     1076119.750           0.000
    34.24    53249.75     1343.40       39.64        24762022.000            1340.267     1106294.875           0.000
    34.81    54014.72     1343.40       40.21        25357736.000            1340.267     1136906.375          -0.000
    35.38    54779.71     1343.40       40.78        25959106.000            1340.267     1167954.625           0.000
    35.95    55544.69     1343.40       41.35        26566096.000            1340.267     1199439.375           0.000
    36.52    56309.67     1343.40       41.92        27178694.000            1340.267     1231361.000          -0.000
    37.09    57074.66     1343.40       42.49        27796860.000            1340.267     1263719.125           0.000
    37.66    57839.64     1343.40       43.05        28420572.000            1340.267     1296513.750           0.000
    38.23    58604.62     1343.40       43.62        29049810.000            1340.267     1329745.250           0.000
    38.80    59369.60     1343.40       44.19        29684544.000            1340.267     1363413.125          -0.000
    39.37    60134.58     1343.40       44.76        30324762.000            1340.267     1397517.750           0.000
