   197.665283      -30.5302334    
   226.466446      -30.5302334    
 NaN NaN
   193.573959      -29.6630154    
   237.338531      -29.6630154    
 NaN NaN
   190.535004      -28.7957993    
   245.495026      -28.7957993    
 NaN NaN
   187.588501      -27.9285812    
   253.117371      -27.9285812    
 NaN NaN
   184.796448      -27.0613651    
   261.366486      -27.0613651    
 NaN NaN
   182.217270      -26.1941471    
   269.520172      -26.1941471    
 NaN NaN
   179.638107      -25.3269310    
   281.332184      -25.3269310    
 NaN NaN
   177.088181      -24.4597130    
   291.827637      -24.4597130    
 NaN NaN
   174.536224      -23.5924969    
   303.347321      -23.5924969    
 NaN NaN
   171.926270      -22.7252789    
   315.151825      -22.7252789    
 NaN NaN
   169.311020      -21.8580627    
   327.363251      -21.8580627    
 NaN NaN
   166.695755      -20.9908447    
   340.827728      -20.9908447    
 NaN NaN
   163.982986      -20.1236286    
   350.257111      -20.1236286    
 NaN NaN
   161.325684      -19.2564106    
   359.568756      -19.2564106    
 NaN NaN
   158.668381      -18.3891945    
   370.723358      -18.3891945    
 NaN NaN
   155.510696      -17.5219765    
   381.098511      -17.5219765    
 NaN NaN
   152.238358      -16.6547604    
   391.503845      -16.6547604    
 NaN NaN
   148.983276      -15.7875433    
   400.381500      -15.7875433    
 NaN NaN
   145.658463      -14.9203262    
   410.479340      -14.9203262    
 NaN NaN
   142.520676      -14.0531092    
   418.585938      -14.0531092    
 NaN NaN
   139.957657      -13.1858921    
   427.179352      -13.1858921    
 NaN NaN
   137.394638      -12.3186750    
   438.569427      -12.3186750    
 NaN NaN
   134.845047      -11.4514580    
   457.460388      -11.4514580    
 NaN NaN
   132.299103      -10.5842419    
   493.811584      -10.5842419    
 NaN NaN
   128.527710      -9.71702480    
   563.401733      -9.71702480    
 NaN NaN
   124.159431      -8.84980774    
   600.459839      -8.84980774    
 NaN NaN
   120.943275      -7.98259020    
   643.253479      -7.98259020    
 NaN NaN
   120.141228      -7.11537361    
   670.698669      -7.11537361    
 NaN NaN
   119.339172      -6.24815655    
   697.467346      -6.24815655    
 NaN NaN
   118.537117      -5.38093948    
   719.334412      -5.38093948    
 NaN NaN
   117.735069      -4.51372242    
   734.050171      -4.51372242    
 NaN NaN
   116.933014      -3.64650536    
   744.108154      -3.64650536    
 NaN NaN
   116.130966      -2.77928829    
   750.356384      -2.77928829    
 NaN NaN
   115.341743      -1.91207135    
   754.057068      -1.91207135    
 NaN NaN
   114.564087      -1.04485440    
   757.757812      -1.04485440    
 NaN NaN
   113.786423     -0.177637339    
   759.388611     -0.177637339    
 NaN NaN
   113.008766      0.689579666    
   760.614136      0.689579666    
 NaN NaN
   112.231102       1.55679667    
   761.839661       1.55679667    
 NaN NaN
   111.453445       2.42401361    
   763.065186       2.42401361    
 NaN NaN
   110.675781       3.29123068    
   764.290710       3.29123068    
 NaN NaN
   109.156784       4.15844774    
   765.516296       4.15844774    
 NaN NaN
   107.394295       5.02566481    
   766.741821       5.02566481    
 NaN NaN
   105.631592       5.89288187    
   769.034729       5.89288187    
 NaN NaN
   103.868889       6.76009846    
   773.766296       6.76009846    
 NaN NaN
   866.665894       6.76009846    
   934.132996       6.76009846    
 NaN NaN
   986.129822       6.76009846    
   1047.41406       6.76009846    
 NaN NaN
   1096.88672       6.76009846    
   1109.13855       6.76009846    
 NaN NaN
   1113.88672       6.76009846    
   1146.92334       6.76009846    
 NaN NaN
   102.106186       7.62731552    
   780.983093       7.62731552    
 NaN NaN
   812.746094       7.62731552    
   949.863342       7.62731552    
 NaN NaN
   965.735046       7.62731552    
   1289.88379       7.62731552    
 NaN NaN
   20.6928787       8.49453259    
   61.2584915       8.49453259    
 NaN NaN
   85.0734482       8.49453259    
   85.8961868       8.49453259    
 NaN NaN
   100.302170       8.49453259    
   1302.97754       8.49453259    
 NaN NaN
   12.7280951       9.36174965    
   1308.45886       9.36174965    
 NaN NaN
   8.59200001       10.2289667    
   1312.43823       10.2289667    
 NaN NaN
   4.33052111       11.0961838    
   1316.71851       11.0961838    
 NaN NaN
   0.00000000       11.9634008    
   1319.02808       11.9634008    
 NaN NaN
   0.00000000       12.8306179    
   1319.02808       12.8306179    
 NaN NaN
   0.00000000       13.6978350    
   1319.02808       13.6978350    
 NaN NaN
   0.00000000       14.5650520    
   1319.02808       14.5650520    
 NaN NaN
   0.00000000       15.4322691    
   1319.02808       15.4322691    
 NaN NaN
   0.00000000       16.2994862    
   1319.02808       16.2994862    
 NaN NaN
   0.00000000       17.1667023    
   1319.02808       17.1667023    
 NaN NaN
   0.00000000       18.0339203    
   1319.02808       18.0339203    
 NaN NaN
   0.00000000       18.9011364    
   1319.02808       18.9011364    
 NaN NaN
   0.00000000       19.7683544    
   1319.02808       19.7683544    
 NaN NaN
   0.00000000       20.6355705    
   1319.02808       20.6355705    
 NaN NaN
   0.00000000       21.5027885    
   1319.02808       21.5027885    
 NaN NaN
   0.00000000       22.3700047    
   1319.02808       22.3700047    
 NaN NaN
   0.00000000       23.2372227    
   1319.02808       23.2372227    
 NaN NaN
   0.00000000       24.1044388    
   1319.02808       24.1044388    
 NaN NaN
   0.00000000       24.9716549    
   1319.02808       24.9716549    
 NaN NaN
   0.00000000       25.8388729    
   1319.02808       25.8388729    
 NaN NaN
   0.00000000       26.7060890    
   1319.02808       26.7060890    
 NaN NaN
   0.00000000       27.5733070    
   1319.02808       27.5733070    
 NaN NaN
   0.00000000       28.4405231    
   1319.02808       28.4405231    
 NaN NaN
   0.00000000       29.3077412    
   1319.02808       29.3077412    
 NaN NaN
   0.00000000       30.1749573    
   1319.02808       30.1749573    
 NaN NaN
   0.00000000       31.0421753    
   1319.02808       31.0421753    
 NaN NaN
   0.00000000       31.9093914    
   1319.02808       31.9093914    
 NaN NaN
   0.00000000       32.7766075    
   1319.02808       32.7766075    
 NaN NaN
   0.00000000       33.6438255    
   1319.02808       33.6438255    
 NaN NaN
   0.00000000       34.5110435    
   1319.02808       34.5110435    
 NaN NaN
   0.00000000       35.3782616    
   1319.02808       35.3782616    
 NaN NaN
   0.00000000       36.2454758    
   1319.02808       36.2454758    
 NaN NaN
   0.00000000       37.1126938    
   1319.02808       37.1126938    
 NaN NaN
   0.00000000       37.9799118    
   1319.02808       37.9799118    
 NaN NaN
   0.00000000       38.8471260    
   1319.02808       38.8471260    
 NaN NaN
   0.00000000       39.7143440    
   1319.02808       39.7143440    
 NaN NaN
   0.00000000       40.5815620    
   1319.02808       40.5815620    
 NaN NaN
   0.00000000       41.4487801    
   1319.02808       41.4487801    
 NaN NaN
   0.00000000       42.3159943    
   1319.02808       42.3159943    
 NaN NaN
   0.00000000       43.1832123    
   1319.02808       43.1832123    
 NaN NaN
   0.00000000       44.0504303    
   1319.02808       44.0504303    
 NaN NaN
   0.00000000       44.9176483    
   1319.02808       44.9176483    
 NaN NaN
   0.00000000       45.7848625    
   1319.02808       45.7848625    
 NaN NaN
   0.00000000       46.6520805    
   1319.02808       46.6520805    
 NaN NaN
   0.00000000       47.5192986    
   1319.02808       47.5192986    
 NaN NaN
   0.00000000       48.3865166    
   1319.02808       48.3865166    
 NaN NaN
   0.00000000       49.2537308    
   1319.02808       49.2537308    
 NaN NaN
   0.00000000       50.1209488    
   1319.02808       50.1209488    
 NaN NaN
   0.00000000       50.9881668    
   1319.02808       50.9881668    
 NaN NaN
   0.00000000       51.8553848    
   1319.02808       51.8553848    
 NaN NaN
   0.00000000       52.7225990    
   1319.02808       52.7225990    
 NaN NaN
   0.00000000       53.5898170    
   1319.02808       53.5898170    
 NaN NaN
   0.00000000       54.4570351    
   1319.02808       54.4570351    
 NaN NaN
   0.00000000       55.3242493    
   1319.02808       55.3242493    
 NaN NaN
