   818.452942      -14.7454920    
   851.306396      -14.7454920    
 NaN NaN
   804.476440      -14.1443043    
   859.512329      -14.1443043    
 NaN NaN
   775.673218      -13.5431175    
   866.951843      -13.5431175    
 NaN NaN
   710.664307      -12.9419298    
   875.139282      -12.9419298    
 NaN NaN
   667.745056      -12.3407421    
   882.287476      -12.3407421    
 NaN NaN
   645.017273      -11.7395544    
   892.983582      -11.7395544    
 NaN NaN
   540.916321      -11.1383667    
   907.170471      -11.1383667    
 NaN NaN
   919.516357      -11.1383667    
   931.376465      -11.1383667    
 NaN NaN
   395.948853      -10.5371799    
   417.112000      -10.5371799    
 NaN NaN
   521.919739      -10.5371799    
   950.127075      -10.5371799    
 NaN NaN
   964.862183      -10.5371799    
   969.456299      -10.5371799    
 NaN NaN
   386.686096      -9.93599224    
   422.800903      -9.93599224    
 NaN NaN
   515.254578      -9.93599224    
   980.604858      -9.93599224    
 NaN NaN
   369.678406      -9.33480453    
   427.186707      -9.33480453    
 NaN NaN
   510.266632      -9.33480453    
   985.203796      -9.33480453    
 NaN NaN
   326.096863      -8.73361683    
   431.947937      -8.73361683    
 NaN NaN
   505.141113      -8.73361683    
   987.836121      -8.73361683    
 NaN NaN
   315.262604      -8.13242912    
   437.020447      -8.13242912    
 NaN NaN
   495.662689      -8.13242912    
   990.468506      -8.13242912    
 NaN NaN
   308.458344      -7.53124189    
   442.655609      -7.53124189    
 NaN NaN
   472.840149      -7.53124189    
   993.003235      -7.53124189    
 NaN NaN
   302.821808      -6.93005419    
   994.974426      -6.93005419    
 NaN NaN
   297.576080      -6.32886696    
   996.945618      -6.32886696    
 NaN NaN
   292.984711      -5.72767925    
   998.916748      -5.72767925    
 NaN NaN
   288.404510      -5.12649155    
   1000.88794      -5.12649155    
 NaN NaN
   283.969818      -4.52530432    
   1002.67267      -4.52530432    
 NaN NaN
   279.535126      -3.92411661    
   1004.45062      -3.92411661    
 NaN NaN
   275.164978      -3.32292914    
   1006.22858      -3.32292914    
 NaN NaN
   270.795654      -2.72174168    
   1008.00647      -2.72174168    
 NaN NaN
   266.580414      -2.12055397    
   1009.99988      -2.12055397    
 NaN NaN
   262.377777      -1.51936650    
   1012.43890      -1.51936650    
 NaN NaN
   258.070129     -0.918179035    
   1014.87787     -0.918179035    
 NaN NaN
   253.732788     -0.316991508    
   1017.31683     -0.316991508    
 NaN NaN
   249.350281      0.284196019    
   1022.26636      0.284196019    
 NaN NaN
   244.948517      0.885383546    
   1027.97351      0.885383546    
 NaN NaN
   240.846115       1.48657107    
   1034.77222       1.48657107    
 NaN NaN
   236.903061       2.08775854    
   1038.98779       2.08775854    
 NaN NaN
   233.027161       2.68894625    
   1043.20337       2.68894625    
 NaN NaN
   229.267517       3.29013371    
   1046.31250       3.29013371    
 NaN NaN
   225.507889       3.89132118    
   1049.38196       3.89132118    
 NaN NaN
   220.985031       4.49250889    
   1052.29663       4.49250889    
 NaN NaN
   216.436920       5.09369612    
   1053.66162       5.09369612    
 NaN NaN
   192.510849       5.69488382    
   1055.02673       5.69488382    
 NaN NaN
   186.114197       6.29607105    
   1056.39172       6.29607105    
 NaN NaN
   182.606674       6.89725876    
   1057.75684       6.89725876    
 NaN NaN
   179.881348       7.49844646    
   1059.12183       7.49844646    
 NaN NaN
   178.638641       8.09963417    
   1060.48694       8.09963417    
 NaN NaN
   59.5669975       8.70082092    
   81.7862244       8.70082092    
 NaN NaN
   177.395935       8.70082092    
   1063.26794       8.70082092    
 NaN NaN
   55.3228149       9.30200863    
   83.6693954       9.30200863    
 NaN NaN
   176.153229       9.30200863    
   1066.89258       9.30200863    
 NaN NaN
   47.7780457       9.90319633    
   85.5525589       9.90319633    
 NaN NaN
   174.910522       9.90319633    
   1072.99719       9.90319633    
 NaN NaN
   23.5847816       10.5043840    
   87.4357300       10.5043840    
 NaN NaN
   173.667816       10.5043840    
   1114.56213       10.5043840    
 NaN NaN
   17.7280769       11.1055717    
   89.3189011       11.1055717    
 NaN NaN
   172.425110       11.1055717    
   1114.56213       11.1055717    
 NaN NaN
   15.1839952       11.7067595    
   96.6240463       11.7067595    
 NaN NaN
   170.407883       11.7067595    
   1114.56213       11.7067595    
 NaN NaN
   12.6399164       12.3079462    
   1114.56213       12.3079462    
 NaN NaN
   10.0958338       12.9091339    
   1114.56213       12.9091339    
 NaN NaN
   8.88248348       13.5103216    
   1114.56213       13.5103216    
 NaN NaN
   8.65052986       14.1115093    
   1114.56213       14.1115093    
 NaN NaN
   8.41857624       14.7126970    
   1114.56213       14.7126970    
 NaN NaN
   8.41857624       15.3138838    
   1114.56213       15.3138838    
 NaN NaN
   8.41857624       15.9150715    
   1114.56213       15.9150715    
 NaN NaN
   8.41857624       16.5162601    
   1114.56213       16.5162601    
 NaN NaN
   8.41857624       17.1174469    
   1114.56213       17.1174469    
 NaN NaN
   8.41857624       17.7186337    
   1114.56213       17.7186337    
 NaN NaN
   8.41857624       18.3198223    
   1114.56213       18.3198223    
 NaN NaN
   8.41857624       18.9210091    
   1114.56213       18.9210091    
 NaN NaN
   8.41857624       19.5221977    
   1114.56213       19.5221977    
 NaN NaN
   8.41857624       20.1233845    
   1114.56213       20.1233845    
 NaN NaN
   8.41857624       20.7245712    
   1114.56213       20.7245712    
 NaN NaN
   8.41857624       21.3257599    
   1114.56213       21.3257599    
 NaN NaN
   8.41857624       21.9269466    
   1114.56213       21.9269466    
 NaN NaN
   8.41857624       22.5281353    
   1114.56213       22.5281353    
 NaN NaN
   8.41857624       23.1293221    
   1114.56213       23.1293221    
 NaN NaN
   8.41857624       23.7305088    
   1114.56213       23.7305088    
 NaN NaN
   8.41857624       24.3316975    
   1114.56213       24.3316975    
 NaN NaN
   8.41857624       24.9328842    
   1114.56213       24.9328842    
 NaN NaN
   8.41857624       25.5340729    
   1114.56213       25.5340729    
 NaN NaN
   8.41857624       26.1352596    
   1114.56213       26.1352596    
 NaN NaN
   8.41857624       26.7364464    
   1114.56213       26.7364464    
 NaN NaN
   8.41857624       27.3376350    
   1114.56213       27.3376350    
 NaN NaN
   8.41857624       27.9388218    
   1114.56213       27.9388218    
 NaN NaN
   8.41857624       28.5400105    
   1114.56213       28.5400105    
 NaN NaN
   8.41857624       29.1411972    
   1114.56213       29.1411972    
 NaN NaN
   8.41857624       29.7423840    
   1114.56213       29.7423840    
 NaN NaN
   8.41857624       30.3435726    
   1114.56213       30.3435726    
 NaN NaN
   8.41857624       30.9447594    
   1114.56213       30.9447594    
 NaN NaN
   8.41857624       31.5459480    
   1114.56213       31.5459480    
 NaN NaN
   8.41857624       32.1471367    
   1114.56213       32.1471367    
 NaN NaN
   8.41857624       32.7483215    
   1114.56213       32.7483215    
 NaN NaN
   8.41857624       33.3495102    
   1114.56213       33.3495102    
 NaN NaN
   8.41857624       33.9506989    
   1114.56213       33.9506989    
 NaN NaN
   8.41857624       34.5518837    
   1114.56213       34.5518837    
 NaN NaN
   8.41857624       35.1530724    
   1114.56213       35.1530724    
 NaN NaN
   8.41857624       35.7542610    
   1114.56213       35.7542610    
 NaN NaN
   8.41857624       36.3554459    
   1114.56213       36.3554459    
 NaN NaN
   8.41857624       36.9566345    
   1114.56213       36.9566345    
 NaN NaN
   8.41857624       37.5578232    
   1114.56213       37.5578232    
 NaN NaN
   8.41857624       38.1590118    
   1114.56213       38.1590118    
 NaN NaN
   8.41857624       38.7601967    
   1114.56213       38.7601967    
 NaN NaN
   8.41857624       39.3613853    
   1114.56213       39.3613853    
 NaN NaN
   8.41857624       39.9625740    
   1114.56213       39.9625740    
 NaN NaN
   8.41857624       40.5637589    
   1114.56213       40.5637589    
 NaN NaN
   8.41857624       41.1649475    
   1114.56213       41.1649475    
 NaN NaN
   8.41857624       41.7661362    
   1114.56213       41.7661362    
 NaN NaN
   8.41857624       42.3673248    
   1114.56213       42.3673248    
 NaN NaN
   8.41857624       42.9685097    
   1114.56213       42.9685097    
 NaN NaN
   8.41857624       43.5696983    
   1114.56213       43.5696983    
 NaN NaN
   8.41857624       44.1708870    
   1114.56213       44.1708870    
 NaN NaN
   8.41857624       44.7720718    
   1114.56213       44.7720718    
 NaN NaN
