 Elev(m)    dbdxp(-)    dbdxc(-)      I2p     I2c
  -22.8400002       0.00000000       0.00000000       0.00000000       0.00000000    
  -22.1700001       2.42109336E-02  -2.01018322E-02   2.71707261E-03  -2.25592870E-03
  -21.5000000       1.85343381E-02   7.27246841E-03   1.29483072E-02  -8.20756145E-03
  -20.8400002      0.145804793       4.05596793E-02   4.61952873E-02  -1.01206843E-02
  -20.1700001       9.79537666E-02  -6.29988499E-03  0.125465348      -2.93135853E-03
  -19.5000000       7.65792057E-02   1.40083171E-02  0.251678199       8.96785222E-03
  -18.8400002      0.138893127       3.40431295E-02  0.419483215       2.69342009E-02
  -18.1700001      0.178256780      0.127579063      0.649237931       6.86216950E-02
  -17.5000000      0.195477620      0.122435749      0.956527174      0.156505167    
  -16.8299999      0.286605209       6.90650269E-02   1.35986054      0.293937743    
  -16.1700001      0.276939183       9.28729475E-02   1.87371194      0.468662918    
  -15.5000000      0.257755816      0.115784764       2.51764083      0.687350273    
  -14.8299999      0.220721439      0.103189960       3.27527285      0.954028666    
  -14.1599998      0.254697412       4.42002453E-02   4.13995600       1.26182234    
  -13.5000000      0.271262467       4.03880887E-02   5.10331678       1.59080899    
  -12.8299999      0.245282918       4.55868244E-02   6.19737482       1.94377804    
  -12.1599998      0.248008922      -1.13602541E-02   7.40476179       2.31023669    
  -11.5000000      0.323229969      -6.11623302E-02   8.71276855       2.66687036    
  -10.8299999      0.316339910      -6.17974401E-02   10.1755056       3.00709319    
  -10.1599998      0.298948228      -5.53135239E-02   11.7790689       3.32037401    
  -9.48999977      0.156888545      -4.64208834E-02   13.5028400       3.60909510    
  -8.82999992      0.135419115      -4.08510976E-02   15.2840786       3.87246585    
  -8.15999985      0.117054358      -3.56626734E-02   17.1529484       4.12159443    
  -7.48999977       8.44291598E-02  -2.53250338E-02   19.0727634       4.35529232    
  -6.82999992       6.77805170E-02  -1.98501945E-02   21.0032787       4.57368994    
  -6.15999985       5.27884774E-02  -1.27985617E-02   22.9933987       4.78673983    
  -5.48999977       3.87771688E-02  -7.87325203E-03   25.0073261       4.99380589    
  -4.82000017       3.10214981E-02  -9.73772071E-03   27.0393600       5.19657516    
  -4.15999985       2.62500681E-02  -1.60236321E-02   29.0552120       5.39148045    
  -3.49000001       2.47698743E-02  -2.17384398E-02   31.1136608       5.58225346    
  -2.81999993       2.79021803E-02  -2.67294087E-02   33.1837463       5.76334953    
  -2.16000009       2.91795209E-02  -2.80766264E-02   35.2351646       5.93023396    
  -1.49000001       2.62913946E-02  -2.29140259E-02   37.3302002       6.08786726    
 -0.819999993       2.55836509E-02  -1.71206463E-02   39.4372826       6.23528481    
 -0.150000006       2.58852150E-02  -1.35696372E-02   41.5559616       6.37476587    
  0.509999990       2.59291381E-02  -8.10282677E-03   43.6545258       6.50633955    
   1.17999995       2.73821764E-02  -3.04729911E-03   45.7965927       6.63626003    
   1.85000002       2.75937673E-02   5.98343240E-06   47.9508133       6.76458836    
   2.51999998       2.65221149E-02   2.07593595E-03   50.1172752       6.89280891    
   3.18000007       2.98617613E-02   5.18747838E-03   52.2637138       7.02016068    
   3.84999990       2.28629541E-02   5.02293371E-03   54.4548225       7.15139103    
   4.51999998      -6.10891841E-02  -1.49807818E-02   56.6475601       7.28264952    
   5.17999983       1.19348336E-02  -4.59426828E-02   58.7978249       7.40401125    
   5.84999990      -1.04921870E-02  -4.10135947E-02   60.9754028       7.51071930    
   6.51999998       6.93058223E-02  -5.08703515E-02   63.1597404       7.59735680    
   7.19000006      0.139387399       7.52101699E-03   65.3740997       7.66881800    
   7.84999990      0.211499631      -7.29619712E-02   67.6178589       7.72707653    
   8.52000046      0.134171769      -7.64448047E-02   69.9731827       7.76221752    
   9.18999958      0.102784231      -7.54232109E-02   72.3938980       7.76354790    
   9.85000038      0.105831288      -7.22219124E-02   74.8280945       7.73149967    
   10.5200005      0.167346254      -8.16765279E-02   77.3528824       7.66537666    
   11.1899996      0.137792423      -8.16765279E-02   79.9425659       7.56364965    
   11.8599997      0.104671076      -8.16765279E-02   82.5937119       7.42525864    
   12.5200005       8.76001939E-02  -8.16765279E-02   85.2536697       7.25254154    
   13.1899996       8.76001939E-02  -8.16765279E-02   87.9948349       7.04082108    
   13.8599997       8.76001939E-02  -8.16765279E-02   90.7753296       6.79243565    
   14.5200005       8.76001939E-02  -8.16765279E-02   93.5533600       6.51136684    
   15.1899996       8.76001939E-02  -8.16765279E-02   96.4124985       6.18965244    
   15.8599997       8.76001939E-02  -8.16765279E-02   99.3109665       5.83127356    
   16.5300007       8.76001939E-02  -8.16765279E-02   102.248764       5.43622971    
   17.1900005       8.76001939E-02  -8.16765279E-02   105.181732       5.01069117    
   17.8600006       8.76001939E-02  -8.16765279E-02   108.198174       4.54231834    
   18.5300007       8.76001939E-02  -8.16765279E-02   111.253937       4.03728104    
   19.2000008       8.76001939E-02  -8.16765279E-02   114.349022       3.49557900    
   19.8600006       8.76001939E-02  -8.16765279E-02   117.436935       2.92557120    
   20.5300007       8.76001939E-02  -8.16765279E-02   120.610672       2.31053996    
   21.2000008       8.76001939E-02  -8.16765279E-02   123.823730       1.65884411    
   21.8600006       8.76001939E-02  -8.16765279E-02   127.027855      0.980484366    
   22.5300007       8.76001939E-02  -8.16765279E-02   130.319565      0.255459368    
   23.2000008       8.76001939E-02  -8.16765279E-02   133.650589     -0.506230295    
   23.8700008       8.76001939E-02  -8.16765279E-02   137.020935      -1.30458450    
   24.5300007       8.76001939E-02  -8.16765279E-02   140.380020      -2.12741375    
   25.2000008       8.76001939E-02  -8.16765279E-02   143.829010      -2.99909711    
   25.8700008       8.76001939E-02  -8.16765279E-02   147.317337      -3.90744519    
   26.5300007       8.76001939E-02  -8.16765279E-02   150.792633      -4.83862638    
   27.2000008       8.76001939E-02  -8.16765279E-02   154.359604      -5.82030392    
   27.8700008       8.76001939E-02  -8.16765279E-02   157.965897      -6.83864546    
   28.5400009       8.76001939E-02  -8.16765279E-02   161.611511      -7.89365196    
   29.2000008       8.76001939E-02  -8.16765279E-02   165.241745      -8.96930313    
   29.8700008       8.76001939E-02  -8.16765279E-02   168.966003      -10.0976381    
   30.5400009       8.76001939E-02  -8.16765279E-02   172.729599      -11.2626390    
   31.2099991       8.76001939E-02  -8.16765279E-02   176.532501      -12.4643002    
   31.8700008       8.76001939E-02  -8.16765279E-02   180.317688      -13.6844234    
   32.5400009       8.76001939E-02  -8.16765279E-02   184.199249      -14.9594173    
   33.2099991       8.76001939E-02  -8.16765279E-02   188.120117      -16.2710724    
   33.8699989       8.76001939E-02  -8.16765279E-02   192.021515      -17.5995445    
   34.5400009       8.76001939E-02  -8.16765279E-02   196.021057      -18.9845371    
   35.2099991       8.76001939E-02  -8.16765279E-02   200.059906      -20.4061852    
   35.8800011       8.76001939E-02  -8.16765279E-02   204.138092      -21.8645058    
   36.5400009       8.76001939E-02  -8.16765279E-02   208.194427      -23.3374481    
   37.2099991       8.76001939E-02  -8.16765279E-02   212.351242      -24.8690891    
   37.8800011       8.76001939E-02  -8.16765279E-02   216.547409      -26.4374046    
   38.5400009       8.76001939E-02  -8.16765279E-02   220.719955      -28.0186996    
   39.2099991       8.76001939E-02  -8.16765279E-02   224.994751      -29.6603336    
   39.8800011       8.76001939E-02  -8.16765279E-02   229.308884      -31.3386440    
   40.5499992       8.76001939E-02  -8.16765279E-02   233.662308      -33.0536079    
   41.2099991       8.76001939E-02  -8.16765279E-02   237.989807      -34.7793694    
   41.8800011       8.76001939E-02  -8.16765279E-02   242.421906      -36.5676765    
   42.5499992       8.76001939E-02  -8.16765279E-02   246.893311      -38.3926315    
   43.2099991       8.76001939E-02  -8.16765279E-02   251.337021      -40.2267494    
   43.8800011       8.76001939E-02  -8.16765279E-02   255.887100      -42.1250458    
