 Elev(m)    dbdxp(-)    dbdxc(-)      I2p     I2c
  -27.9300003       0.00000000       0.00000000       0.00000000       0.00000000    
  -27.1299992       7.43866153E-03   8.20023939E-03   1.19018927E-03   1.31204200E-03
  -26.3400002       1.09703112E-02   1.09206242E-02   6.48625055E-03   6.96266489E-03
  -25.5400009       9.89858899E-03   1.17193870E-02   1.80965308E-02   1.93278342E-02
  -24.7399998       1.24634206E-02   1.62373520E-02   3.66237983E-02   3.97885293E-02
  -23.9500008       1.40907457E-02   1.68326143E-02   6.27012998E-02   6.97017834E-02
  -23.1499996       1.54642398E-02   1.80467535E-02   9.80326682E-02  0.110798702    
  -22.3600006       1.50939198E-02   1.51336687E-02  0.142481297      0.162201628    
  -21.5599995       1.12085529E-02   1.39026372E-02  0.196528524      0.224142849    
  -20.7700005       8.57151020E-03   1.13652805E-02  0.257220626      0.293940246    
  -19.9699993       9.42494441E-03   1.11331930E-02  0.324685335      0.372212827    
  -19.1800003       1.09668951E-02   1.19858710E-02  0.397412717      0.456760585    
  -18.3799992       1.40832011E-02   1.38832964E-02  0.478290290      0.550170124    
  -17.5900002       8.50781333E-03   1.01312213E-02  0.565729201      0.650341451    
  -16.7900009       1.09022632E-02   1.02573251E-02  0.660949349      0.758836687    
  -16.0000000       3.39641273E-02   1.97907016E-02  0.765224874      0.874004960    
  -15.1999998       1.30464649E-02   1.78224128E-02  0.885429740       1.00139594    
  -14.4099998       4.99374559E-03   9.00020823E-03   1.01444614       1.13742912    
  -13.6099997       7.47254631E-03   5.32910135E-03   1.14994025       1.28171408    
  -12.8199997       1.15391007E-02   1.02600846E-02   1.28875208       1.42895389    
  -12.0200005       1.55599853E-02   1.04400925E-02   1.43666017       1.58383203    
  -11.2299995       1.56331640E-02   7.42171332E-03   1.59199226       1.74290299    
  -10.4300003       6.26121536E-02   5.08895740E-02   1.76673734       1.91613877    
  -9.64000034       8.77647176E-02   5.34672812E-02   1.97572136       2.11311960    
  -8.84000015       6.04371056E-02   3.07701938E-02   2.23481894       2.34255767    
  -8.05000019       3.63653898E-02   2.15083417E-02   2.52958202       2.59080172    
  -7.25000000       3.06012258E-02   1.77884493E-02   2.85408330       2.85673451    
  -6.44999981       1.54623259E-02   2.02939566E-02   3.19666958       3.13504791    
  -5.65999985       1.19016981E-02   1.04251364E-02   3.54662967       3.42081451    
  -4.86000013       1.71370562E-02   6.81670196E-03   3.90998864       3.71780968    
  -4.07000017       2.03036610E-02   9.37411189E-03   4.27938414       4.01640749    
  -3.26999998       8.81770812E-03   1.20612299E-02   4.66403008       4.32477236    
  -2.48000002       1.10524036E-02   4.38677613E-03   5.05164814       4.63530111    
  -1.67999995       2.96101142E-02  -2.88724573E-03   5.45381784       4.95259857    
 -0.889999986       4.28567939E-02   2.94528971E-03   5.86897945       5.26617670    
  -9.00000036E-02   3.56833711E-02   2.02538073E-02   6.31341124       5.58744478    
  0.699999988       2.84985523E-03   2.50153765E-02   6.77086163       5.91560555    
   1.50000000      -7.22950930E-03   1.56396627E-02   7.23948956       6.26157618    
   2.28999996       1.99304707E-02  -1.21771405E-02   7.70359993       6.61020041    
   3.08999991       5.08668739E-03  -2.99852644E-03   8.17959404       6.96135569    
   3.88000011       1.57427527E-02  -5.45186631E-04   8.65692329       7.30515718    
   4.67999983       7.11496994E-02  -1.29169347E-02   9.15748882       7.65059710    
   5.46999979       7.88230896E-02   5.19182533E-02   9.68952179       7.99583149    
   6.26999998       7.42707253E-02   8.91148672E-02   10.2764759       8.37416363    
   7.05999994       2.89965570E-02  0.190853953       10.8968048       8.81484413    
   7.86000013       9.17405561E-02   2.61702035E-02   11.5606184       9.34005451    
   8.64999962     -0.148764551      -5.17467931E-02   12.2260857       9.88889790    
   9.44999981     -0.167749047     -0.183443367       12.8403263       10.4030180    
   10.2399998     -0.131897062     -0.149412826       13.3489370       10.8202934    
   11.0400000     -0.110651158     -0.129734114       13.7778406       11.1456051    
   11.8400002     -0.102195606     -0.121617563       14.1338816       11.3860369    
   12.6300001     -0.107567348     -0.107561298       14.4182796       11.5470810    
   13.4300003     -0.107567348     -0.107561298       14.6387196       11.6395397    
   14.2200003     -0.107567348     -0.107561298       14.7879906       11.6624327    
   15.0200005     -0.107567348     -0.107561298       14.8707438       11.6172123    
   15.8100004     -0.107567348     -0.107561298       14.8840485       11.5041485    
   16.6100006     -0.107567348     -0.107561298       14.8291159       11.3212490    
   17.3999996     -0.107567348     -0.107561298       14.7064562       11.0722275    
   18.2000008     -0.107567348     -0.107561298       14.5138359       10.7516499    
   18.9899998     -0.107567348     -0.107561298       14.2552109       10.3666706    
   19.7900009     -0.107567348     -0.107561298       13.9249039       9.90841293    
   20.5799999     -0.107567348     -0.107561298       13.5303144       9.38747692    
   21.3799992     -0.107567348     -0.107561298       13.0623217       8.79154205    
   22.1700001     -0.107567348     -0.107561298       12.5317659       8.13464642    
   22.9699993     -0.107567348     -0.107561298       11.9260874       7.40103388    
   23.7600002     -0.107567348     -0.107561298       11.2595654       6.60818005    
   24.5599995     -0.107567348     -0.107561298       10.5162010       5.73688889    
   25.3500004     -0.107567348     -0.107561298       9.71371365       4.80807734    
   26.1499996     -0.107567348     -0.107561298       8.83266258       3.79910731    
   26.9400005     -0.107567348     -0.107561298       7.89420986       2.73433828    
   27.7399998     -0.107567348     -0.107561298       6.87547207       1.58768976    
   28.5400009     -0.107567348     -0.107561298       5.78788948      0.372199059    
   29.3299999     -0.107567348     -0.107561298       4.64549112     -0.896503806    
   30.1299992     -0.107567348     -0.107561298       3.42022419      -2.24967027    
   30.9200001     -0.107567348     -0.107561298       2.14185786      -3.65433383    
   31.7199993     -0.107567348     -0.107561298      0.778904855      -5.14517879    
   32.5099983     -0.107567348     -0.107561298     -0.635423720      -6.68579674    
   33.3100014     -0.107567348     -0.107561298      -2.13607001      -8.31432724    
   34.0999985     -0.107567348     -0.107561298      -3.68636012      -9.99089909    
   34.9000015     -0.107567348     -0.107561298      -5.32469320      -11.7571096    
   35.6899986     -0.107567348     -0.107561298      -7.01094818      -13.5696383    
   36.4900017     -0.107567348     -0.107561298      -8.78696823      -15.4735270    
   37.2799988     -0.107567348     -0.107561298      -10.6091881      -17.4220123    
   38.0800018     -0.107567348     -0.107561298      -12.5228949      -19.4635811    
   38.8699989     -0.107567348     -0.107561298      -14.4810791      -21.5480251    
   39.6699982     -0.107567348     -0.107561298      -16.5324631      -23.7272625    
   40.4599991     -0.107567348     -0.107561298      -18.6266232      -25.9476719    
   41.2599983     -0.107567348     -0.107561298      -20.8156948      -28.2645893    
   42.0499992     -0.107567348     -0.107561298      -23.0458183      -30.6209564    
   42.8499985     -0.107567348     -0.107561298      -25.3725758      -33.0755501    
   43.6399994     -0.107567348     -0.107561298      -27.7386665      -35.5678787    
   44.4399986     -0.107567348     -0.107561298      -30.2031097      -38.1601524    
   45.2299995     -0.107567348     -0.107561298      -32.7051659      -40.7884369    
   46.0299988     -0.107567348     -0.107561298      -35.3072929      -43.5183868    
   46.8300018     -0.107567348     -0.107561298      -37.9782791      -46.3171921    
   47.6199989     -0.107567348     -0.107561298      -40.6842690      -49.1493988    
   48.4199982     -0.107567348     -0.107561298      -43.4929276      -52.0858688    
   49.2099991     -0.107567348     -0.107561298      -46.3348999      -55.0540466    
   50.0099983     -0.107567348     -0.107561298      -49.2812424      -58.1281967    
   50.7999992     -0.107567348     -0.107561298      -52.2591782      -61.2323303    
   51.5999985     -0.107567348     -0.107561298      -55.3432083      -64.4441605    
