 Elev(m)    Area(m2)     Peri(m)      Radi(m)   Conv(m3/s)    topWidth(m)    newI1(m3)    dPdA(1/m)
   -28.19        0.00        0.00         NaN                 NaN               0.000           0.000             NaN
   -27.38       17.16       33.18        0.52             442.090              33.126           6.888           1.934
   -26.58       49.97       48.25        1.04            2045.843              48.089          33.837           0.459
   -25.78       94.05       62.02        1.52            4965.338              61.746          91.655           0.312
   -24.98      149.43       77.06        1.94            9294.450              76.662         189.406           0.272
   -24.17      220.36      103.00        2.14           14634.742             102.466         337.870           0.366
   -23.37      309.53      118.94        2.60           23424.162             118.259         550.612           0.179
   -22.57      409.43      130.96        3.13           35016.145             130.117         839.262           0.120
   -21.76      518.30      141.90        3.65           49169.895             140.886        1211.730           0.100
   -20.96      635.67      152.66        4.16           65810.789             151.464        1675.027           0.092
   -20.16      761.32      162.88        4.67           85130.891             161.512        2235.892           0.081
   -19.36      895.12      173.13        5.17          107056.945             171.592        2900.926           0.077
   -18.55     1036.87      183.55        5.65          131549.922             181.852        3676.586           0.074
   -17.75     1187.59      195.57        6.07          158116.109             193.712        4569.668           0.080
   -16.95     1348.21      208.44        6.47          187214.578             206.445        5587.751           0.080
   -16.14     1519.10      221.00        6.87          219674.984             218.884        6738.927           0.073
   -15.34     1699.46      232.57        7.31          255981.172             230.325        8031.123           0.064
   -14.54     1890.09      248.45        7.61          292441.906             246.025        9472.267           0.083
   -13.73     2095.74      268.21        7.81          330095.000             265.610       11072.508           0.096
   -12.93     2316.08      285.78        8.10          373794.250             282.989       12843.776           0.080
   -12.13     2550.37      303.73        8.40          421439.625             300.757       14797.570           0.077
   -11.33     2798.70      320.77        8.72          474452.719             317.592       16945.129           0.069
   -10.52     3060.75      339.29        9.02          530547.188             335.911       19297.596           0.071
    -9.72     3338.44      358.73        9.31          590823.812             355.141       21866.760           0.070
    -8.92     3631.42      379.39        9.57          654831.375             375.605       24665.035           0.071
    -8.11     3942.74      403.44        9.77          720890.688             399.461       27705.928           0.077
    -7.31     4273.28      428.38        9.98          792090.750             424.202       31004.516           0.075
    -6.51     4629.27      471.80        9.81          848672.750             467.427       34578.730           0.122
    -5.70     5031.44      544.82        9.24          885890.188             540.248       38457.336           0.182
    -4.90     5483.00      586.30        9.35          973521.062             581.529       42678.703           0.092
    -4.10     5962.80      618.19        9.65         1080765.125             613.228       47273.992           0.066
    -3.30     6461.42      633.14       10.21         1216024.125             627.987       52262.105           0.030
    -2.49     6971.37      648.06       10.76         1358880.125             642.731       57655.137           0.029
    -1.69     7492.06      659.52       11.36         1514415.625             654.001       63461.953           0.022
    -0.89     8020.79      668.66       12.00         1681186.250             662.952       69690.086           0.017
    -0.08     8556.95      678.57       12.61         1854359.500             672.676       76345.758           0.018
     0.72     9101.65      690.62       13.18         2031270.375             684.581       83435.375           0.022
     1.52     9656.87      704.95       13.70         2211472.250             698.789       90966.594           0.026
     2.32    10232.68      741.98       13.79         2353861.750             735.710       98951.906           0.064
     3.13    10836.31      765.10       14.16         2537368.750             758.644      107410.734           0.038
     3.93    11447.31      769.84       14.87         2768856.000             763.094      116357.219           0.008
     4.73    12061.75      774.39       15.58         3009099.750             767.353      125795.695           0.007
     5.54    12692.53      808.83       15.69         3182253.750             801.438      135734.109           0.055
     6.34    13357.48      863.72       15.47         3316553.750             855.902      146192.734           0.083
     7.14    14067.52      972.15       14.47         3341436.000             963.989      157203.391           0.153
     7.95    15013.31     1381.08       10.87         2946958.250            1372.583      168878.844           0.432
     8.75    16175.68     1508.87       10.72         3145788.000            1500.122      181400.672           0.110
     9.55    17383.01     1515.96       11.47         3535706.500            1507.022      194873.906           0.006
    10.35    18595.81     1523.09       12.21         3943987.000            1513.959      209318.781           0.006
    11.16    19814.37     1530.89       12.94         4369150.500            1521.589      224739.797           0.006
    11.96    21040.64     1540.83       13.66         4808270.000            1531.388      241142.359           0.008
    12.76    22270.29     1540.83       14.45         5285675.000            1531.388      258530.953           0.000
    13.57    23499.94     1540.83       15.25         5780986.500            1531.388      276906.906           0.000
    14.37    24729.59     1540.83       16.05         6293887.500            1531.388      296270.219           0.000
    15.17    25959.25     1540.83       16.85         6824080.000            1531.388      316620.906           0.000
    15.98    27188.90     1540.83       17.65         7371286.500            1531.388      337958.969           0.000
    16.78    28418.55     1540.83       18.44         7935247.500            1531.388      360284.375           0.000
    17.58    29648.20     1540.83       19.24         8515716.000            1531.388      383597.156           0.000
    18.38    30877.85     1540.83       20.04         9112463.000            1531.388      407897.312           0.000
    19.19    32107.50     1540.83       20.84         9725267.000            1531.388      433184.844           0.000
    19.99    33337.16     1540.83       21.64        10353922.000            1531.388      459459.750           0.000
    20.79    34566.80     1540.83       22.43        10998227.000            1531.388      486722.000           0.000
    21.60    35796.46     1540.83       23.23        11658000.000            1531.388      514971.625           0.000
    22.40    37026.11     1540.83       24.03        12333058.000            1531.388      544208.625           0.000
    23.20    38255.76     1540.83       24.83        13023230.000            1531.388      574433.000           0.000
    24.00    39485.41     1540.83       25.63        13728354.000            1531.388      605644.688           0.000
    24.81    40715.06     1540.83       26.42        14448268.000            1531.388      637843.812           0.000
    25.61    41944.71     1540.83       27.22        15182830.000            1531.388      671030.250           0.000
    26.41    43174.37     1540.83       28.02        15931889.000            1531.388      705204.062           0.000
    27.22    44404.02     1540.83       28.82        16695309.000            1531.388      740365.250           0.000
    28.02    45633.67     1540.83       29.62        17472954.000            1531.388      776513.875           0.000
    28.82    46863.32     1540.83       30.41        18264694.000            1531.388      813649.750           0.000
    29.63    48092.97     1540.83       31.21        19070408.000            1531.388      851773.062           0.000
    30.43    49322.62     1540.83       32.01        19889978.000            1531.388      890883.750           0.000
    31.23    50552.28     1540.83       32.81        20723280.000            1531.388      930981.750           0.000
    32.03    51781.93     1540.83       33.61        21570208.000            1531.388      972067.250           0.000
    32.84    53011.58     1540.83       34.40        22430652.000            1531.388     1014139.938           0.000
    33.64    54241.23     1540.83       35.20        23304500.000            1531.388     1057200.000           0.000
    34.44    55470.88     1540.83       36.00        24191664.000            1531.388     1101247.625           0.000
    35.25    56700.54     1540.83       36.80        25092038.000            1531.388     1146282.500           0.000
    36.05    57930.19     1540.83       37.60        26005518.000            1531.388     1192304.625           0.000
    36.85    59159.84     1540.83       38.39        26932020.000            1531.388     1239314.125           0.000
    37.66    60389.49     1540.83       39.19        27871450.000            1531.388     1287311.250           0.000
    38.46    61619.14     1540.83       39.99        28823724.000            1531.388     1336295.750           0.000
    39.26    62848.79     1540.83       40.79        29788746.000            1531.388     1386267.250           0.000
    40.06    64078.44     1540.83       41.59        30766440.000            1531.388     1437226.250           0.000
    40.87    65308.09     1540.83       42.39        31756720.000            1531.388     1489172.875           0.000
    41.67    66537.75     1540.83       43.18        32759518.000            1531.388     1542106.750           0.000
    42.47    67767.40     1540.83       43.98        33774740.000            1531.388     1596027.875           0.000
    43.28    68997.05     1540.83       44.78        34802316.000            1531.388     1650936.250           0.000
    44.08    70226.70     1540.83       45.58        35842184.000            1531.388     1706832.250           0.000
    44.88    71456.36     1540.83       46.38        36894260.000            1531.388     1763715.625          -0.000
    45.68    72686.01     1540.83       47.17        37958468.000            1531.388     1821586.250           0.000
    46.49    73915.66     1540.83       47.97        39034744.000            1531.388     1880444.125           0.000
    47.29    75145.30     1540.83       48.77        40123032.000            1531.388     1940289.625           0.000
    48.09    76374.96     1540.83       49.57        41223260.000            1531.388     2001122.500           0.000
    48.90    77604.61     1540.83       50.37        42335352.000            1531.388     2062942.500           0.000
    49.70    78834.26     1540.83       51.16        43459256.000            1531.388     2125749.750           0.000
    50.50    80063.91     1540.83       51.96        44594916.000            1531.388     2189544.750           0.000
    51.31    81293.57     1540.83       52.76        45742264.000            1531.388     2254327.250           0.000
    52.11    82523.22     1540.83       53.56        46901236.000            1531.388     2320096.500          -0.000
