156.57	RS=156.57  
0	9.646919884
9.13790386	8.805671814
18.27580772	6.47090386
27.41371274	5.650992279
36.55161544	5.440680116
45.69256912	5.020055791
54.83047181	4.983480116
63.96837451	5.123687837
73.10628186	4.901183977
82.24417991	5.71195193
91.38208726	6.888480116
100.5199946	6.894576256
109.6578927	6.925055791
118.798851	6.946392279
127.936749	6.925055791
137.0746564	6.92810386
146.2125637	6.891528186
155.3504618	6.7818
164.4883598	6.809232047
173.6262765	6.644639767
182.7641745	6.4008
191.9051235	6.294119884
201.0430402	6.284976256
210.1809382	6.260592279
219.3188363	6.25144807
228.4567529	6.25449614
237.594651	6.2484
246.732549	6.352032047
255.8704471	6.0198
265.0083637	5.79424807
268.9524765	5.63575193
274.1493127	5.425439767
283.2872108	4.95604807
292.4251274	4.474464093
301.5630255	4.916423744
310.7009235	5.519928186
319.8388216	4.855464093
328.9767196	4.709159942
338.1146549	4.974335907
347.2556039	5.218176256
356.393502	5.18769614
365.5314	5.315712163
374.669298	5.452871814
383.8071961	5.40715193
392.9450941	5.318760233
402.0830294	4.867656081
411.2209274	4.050791988
420.3618765	2.081783977
429.4997745	1.395983977
438.6376726	1.182624035
447.7755706	0.35356799
456.9135059	-0.539495994
466.0514039	-1.3716
475.189302	-1.822704006
484.3272	-2.13055193
493.468149	-2.298191988
502.6060471	-2.423159942
511.7439451	-2.343912017
520.8818804	-2.109216023
530.0197784	-2.2098
539.1576765	-2.234183977
548.2955745	-2.791967953
557.4334726	-3.627119884
566.5744216	-4.895087837
575.7123196	-5.733287837
584.8502549	-7.24204807
593.9881529	-9.287255791
603.126051	-10.97584749
612.263949	-12.79855251
621.4018471	-13.77086409
630.5397451	-14.37741544
639.6806941	-14.89557567
648.8185922	-15.69110386
657.9564902	-16.53844749
667.0943883	-17.61743977
676.2323607	-18.62327953
685.3702588	-19.59559228
694.5081568	-20.16556912
703.6460549	-21.09215907
712.7870039	-22.45766409
721.924902	-23.77744865
731.0628	-25.12161544
740.200698	-26.41396912
749.3385961	-27.48686409
758.4764941	-28.49270502
767.6143922	-29.09620772
776.7553412	-29.55645637
785.8932393	-29.88868726
795.0312117	-30.25444865
804.1691098	-30.73603088
813.3070078	-31.06216912
822.4449059	-31.41573591
831.5828039	-31.67176912
840.7237529	-31.92170502
849.861651	-32.0802
858.999549	-32.55873591
868.1374471	-33.23844093
877.2753451	-33.64687181
886.4132432	-34.10712047
895.5511412	-34.30219228
904.6920902	-34.57955907
913.8299883	-34.79292047
922.9679607	-34.60699228
932.1058588	-34.33876912
941.2437568	-34.08578456
950.3816549	-33.84804093
959.5195529	-33.528
968.660502	-32.97326409
977.7984	-31.94913591
986.936298	-30.71164865
996.0741961	-28.60547953
1005.212094	-26.91079228
1014.349992	-26.44749498
1023.48789	-26.22499228
1032.625788	-25.94762316
1041.766812	-24.62479228
1050.90471	-22.60701544
1060.042608	-19.82724093
1069.180506	-18.39163205
1078.318404	-16.28241544
1087.456302	-12.96314363
1095.631059	-10.62837567
1096.5942	-10.35405637
1105.735149	-7.592567953
1114.873047	0.091440004
1124.010945	8.107680116
1133.148843	7.69315193
1142.286741	7.114032047
1151.424639	5.986271814
1160.562612	5.541264093
1169.703561	5.72109614
1178.841459	5.967983977
1187.979357	5.806439767
1197.117255	4.514088128
1206.255153	3.648456081
1215.393051	3.624072105
1224.530949	4.395216023
1233.671898	5.129783977
1242.809796	5.465064093
1251.947694	5.391912163
1261.085592	5.663183977
1270.22349	7.284719884
1279.361388	9.790175674
	
