 Elev(m)    dbdxp(-)    dbdxc(-)      I2p     I2c
  -35.9199982       0.00000000       0.00000000       0.00000000       0.00000000    
  -35.0999985       5.73576940E-03   1.32976403E-03   9.64182138E-04   2.23533163E-04
  -34.2799988       4.93844680E-04  -1.37528137E-03   3.93974362E-03   6.62948063E-04
  -33.4599991       1.05612655E-03   3.84297920E-03   8.22305307E-03   1.50953117E-03
  -32.6399994       4.15939279E-03   3.64138803E-04   1.36436401E-02   3.47814988E-03
  -31.8199997      -6.51158567E-04  -1.80085003E-03   2.05306876E-02   5.91247389E-03
  -30.9899998      -9.30335000E-03  -8.13145749E-03   2.64253020E-02   6.46240916E-03
  -30.1700001     -0.142219529      -1.60480533E-02   5.08440426E-03   1.25141011E-03
  -29.3500004      -2.82498803E-02  -2.06610579E-02  -7.03833550E-02  -1.41949588E-02
  -28.5300007      -1.80108808E-02  -1.60703287E-02 -0.182283431      -4.19866666E-02
  -27.7099991      -1.35856522E-02  -1.23016415E-02 -0.307271600      -8.07223171E-02
  -26.8899994      -4.80593788E-03  -5.44332946E-03 -0.440662473     -0.127210140    
  -26.0599995      -2.53726379E-03  -3.84727051E-03 -0.580043793     -0.178845957    
  -25.2399998       2.14980799E-03  -3.39165051E-03 -0.719060242     -0.232657075    
  -24.4200001       7.73164956E-03  -5.48351370E-03 -0.856480718     -0.289176971    
  -23.6000004       8.51380359E-03  -9.03729070E-03 -0.989509225     -0.349629700    
  -22.7800007      -1.10662477E-02   4.95208951E-04  -1.12023604     -0.413959324    
  -21.9599991      -1.58231705E-02   1.33788772E-03  -1.25591218     -0.479416877    
  -21.1299992      -1.72002502E-02   1.02680204E-02  -1.40336919     -0.543409705    
  -20.3099995      -1.23755606E-02   1.58588905E-02  -1.55963945     -0.600265086    
  -19.4899998      -6.30059373E-03   2.13628430E-02  -1.72402072     -0.646471620    
  -18.6700001       1.79747655E-03   2.41052955E-02  -1.89229846     -0.678777993    
  -17.8500004       8.25027470E-03   2.38342248E-02  -2.05964422     -0.695382535    
  -17.0300007       1.11294510E-02   2.74466407E-02  -2.22204328     -0.695308149    
  -16.2000008       1.78608596E-02   3.08587309E-02  -2.37825203     -0.676706314    
  -15.3800001       2.64892634E-02   2.22216956E-02  -2.52019143     -0.639486492    
  -14.5600004       2.37890799E-02   1.00950785E-02  -2.64622402     -0.587911487    
  -13.7399998       1.62925832E-02   1.67523697E-03  -2.75706697     -0.528925359    
  -12.9200001       1.18858088E-02   7.82848860E-04  -2.85643530     -0.467547506    
  -12.1000004       9.05723404E-03   8.02077726E-03  -2.94754648     -0.404276580    
  -11.2799997       9.87322256E-03   1.81295481E-02  -3.03195500     -0.335129797    
  -10.4499998       1.10408477E-02   3.01790703E-02  -3.11065602     -0.252569705    
  -9.63000011       1.12710390E-02   4.00257036E-02  -3.18110037     -0.150984377    
  -8.81000042       1.15681048E-02   4.60164323E-02  -3.24395466      -2.31339708E-02
  -7.98999977       1.40565522E-02   4.35920805E-02  -3.29866219      0.134243444    
  -7.17000008       1.76937729E-02   4.14522924E-02  -3.34372520      0.320979834    
  -6.34999990       2.20868550E-02   3.67996506E-02  -3.37676358      0.535166442    
  -5.51999998       3.38244289E-02   1.13520026E-02  -3.39403772      0.773373842    
  -4.69999981       4.51557934E-02  -1.51229724E-02  -3.38831520       1.01626933    
  -3.88000011       5.61603270E-02  -4.22464535E-02  -3.35228491       1.24888682    
  -3.05999994       5.51816151E-02  -5.67451306E-02  -3.28050661       1.45522034    
  -2.24000001       3.87947746E-02  -6.06689006E-02  -3.17421460       1.62517595    
  -1.41999996       5.90956630E-03  -6.38878047E-02  -3.04461026       1.75445640    
 -0.589999974      -3.46564911E-02  -6.27360567E-02  -2.91065121       1.84283459    
  0.230000004      -5.52010648E-02  -5.93302175E-02  -2.79830170       1.88808668    
   1.04999995      -5.45283481E-02  -3.86203453E-02  -2.71950293       1.89635396    
   1.87000000      -5.41338474E-02  0.219957903      -2.67741585       1.91863871    
   2.69000006      0.501483262      0.241163090      -2.57839513       2.04892063    
   3.50999999      0.157290503      -2.26778109E-02  -2.29343557       2.29344416    
   4.34000015      -2.67851390E-02  -2.08148491E-02  -1.87097228       2.57081413    
   5.15999985      -4.35577473E-03  -3.73894162E-02  -1.43663180       2.82765865    
   5.98000002      -3.73794958E-02  -3.73894162E-02  -1.01454151       3.06214905    
   6.80000019      -3.73794958E-02  -3.73894162E-02 -0.612033844       3.27149868    
   7.61999989      -3.73794958E-02  -3.73894162E-02 -0.234660402       3.45570755    
   8.43999958      -3.73794958E-02  -3.73894162E-02  0.117579080       3.61477590    
   9.27000046      -3.73794958E-02  -3.73894162E-02  0.448827446       3.75049019    
   10.0900002      -3.73794958E-02  -3.73894162E-02  0.750799000       3.85927725    
   10.9099998      -3.73794958E-02  -3.73894162E-02   1.02763665       3.94292355    
   11.7299995      -3.73794958E-02  -3.73894162E-02   1.27934027       4.00142956    
   12.5500002      -3.73794958E-02  -3.73894162E-02   1.50591028       4.03479481    
   13.3699999      -3.73794958E-02  -3.73894162E-02   1.70734608       4.04301929    
   14.1999998      -3.73794958E-02  -3.73894162E-02   1.88595116       4.02605009    
   15.0200005      -3.73794958E-02  -3.73894162E-02   2.03711915       3.98399329    
   15.8400002      -3.73794958E-02  -3.73894162E-02   2.16315317       3.91679597    
   16.6599998      -3.73794958E-02  -3.73894162E-02   2.26405311       3.82445788    
   17.4799995      -3.73794958E-02  -3.73894162E-02   2.33981895       3.70697927    
   18.2999992      -3.73794958E-02  -3.73894162E-02   2.39045095       3.56436014    
   19.1200008      -3.73794958E-02  -3.73894162E-02   2.41594911       3.39660001    
   19.9500008      -3.73794958E-02  -3.73894162E-02   2.41647100       3.20150018    
   20.7700005      -3.73794958E-02  -3.73894162E-02   2.39170122       2.98345923    
   21.5900002      -3.73794958E-02  -3.73894162E-02   2.34179735       2.74027753    
   22.4099998      -3.73794958E-02  -3.73894162E-02   2.26675963       2.47195506    
   23.2299995      -3.73794958E-02  -3.73894162E-02   2.16658783       2.17849207    
   24.0499992      -3.73794958E-02  -3.73894162E-02   2.04128218       1.85988855    
   24.8799992      -3.73794958E-02  -3.73894162E-02   1.88916123       1.51210558    
   25.7000008      -3.73794958E-02  -3.73894162E-02   1.71358728       1.14321983    
   26.5200005      -3.73794958E-02  -3.73894162E-02   1.51287985      0.749194384    
   27.3400002      -3.73794958E-02  -3.73894162E-02   1.28703833      0.330028296    
   28.1599998      -3.73794958E-02  -3.73894162E-02   1.03606296     -0.114278428    
   28.9799995      -3.73794958E-02  -3.73894162E-02  0.759953558     -0.583725750    
   29.8099995      -3.73794958E-02  -3.73894162E-02  0.455189705      -1.08419216    
   30.6299992      -3.73794958E-02  -3.73894162E-02  0.128812402      -1.60392070    
   31.4500008      -3.73794958E-02  -3.73894162E-02 -0.222699627      -2.14879131    
   32.2700005      -3.73794958E-02  -3.73894162E-02 -0.599344850      -2.71880102    
   33.0900002      -3.73794958E-02  -3.73894162E-02  -1.00112402      -3.31395149    
   33.9099998      -3.73794958E-02  -3.73894162E-02  -1.42803705      -3.93424249    
   34.7400017      -3.73794958E-02  -3.73894162E-02  -1.88544476      -4.58739376    
   35.5600014      -3.73794958E-02  -3.73894162E-02  -2.36262584      -5.25796604    
   36.3800011      -3.73794958E-02  -3.73894162E-02  -2.86494088      -5.95367908    
   37.2000008      -3.73794958E-02  -3.73894162E-02  -3.39238977      -6.67453289    
   38.0200005      -3.73794958E-02  -3.73894162E-02  -3.94497252      -7.42052698    
   38.8400002      -3.73794958E-02  -3.73894162E-02  -4.52268934      -8.19166183    
   39.6699982      -3.73794958E-02  -3.73894162E-02  -5.13273764      -8.99749279    
   40.4900017      -3.73794958E-02  -3.73894162E-02  -5.76072502      -9.81891251    
   41.3100014      -3.73794958E-02  -3.73894162E-02  -6.41384363      -10.6654692    
   42.1300011      -3.73794958E-02  -3.73894162E-02  -7.09209633      -11.5371666    
   42.9500008      -3.73794958E-02  -3.73894162E-02  -7.79548311      -12.4340048    
   43.7700005      -3.73794958E-02  -3.73894162E-02  -8.52400398      -13.3559837    
   44.5900002      -3.73794958E-02  -3.73894162E-02  -9.27765846      -14.3031025    
   45.4199982      -3.73794958E-02  -3.73894162E-02  -10.0657892      -15.2870646    
   46.2400017      -3.73794958E-02  -3.73894162E-02  -10.8697157      -16.2844696    
