 Elev(m)    Area(m2)     Peri(m)      Radi(m)   Conv(m3/s)    topWidth(m)    newI1(m3)    dPdA(1/m)
   -24.14        0.00        0.00         NaN                 NaN               0.000           0.000             NaN
   -23.37        6.77       17.59        0.38             143.098              17.412           2.583           2.601
   -22.61       25.45       32.33        0.79             867.925              31.966          14.882           0.789
   -21.85       56.29       49.07        1.15            2467.074              48.520          46.087           0.543
   -21.08       99.46       65.70        1.51            5245.418              64.956         105.546           0.385
   -20.32      154.26       79.57        1.94            9593.575              78.611         202.406           0.253
   -19.56      221.07       96.49        2.29           15367.598              95.317         345.691           0.253
   -18.79      300.64      115.47        2.60           22758.566             114.072         544.859           0.238
   -18.03      394.90      134.18        2.94           32440.703             132.548         810.388           0.198
   -17.27      505.00      164.90        3.06           42599.219             163.041        1153.936           0.279
   -16.50      639.09      187.30        3.41           57939.234             185.215        1590.706           0.167
   -15.74      787.27      204.57        3.85           77334.117             202.266        2135.236           0.117
   -14.97      947.23      219.31        4.32          100487.859             216.790        2797.401           0.092
   -14.21     1117.46      231.59        4.83          127635.297             228.846        3585.622           0.072
   -13.45     1297.47      244.67        5.30          157823.828             241.707        4507.551           0.073
   -12.68     1486.74      258.02        5.76          191141.062             254.840        5570.455           0.071
   -11.92     1688.82      277.84        6.08          224993.141             274.450        6782.762           0.098
   -11.16     1906.55      302.25        6.31          260354.484             298.641        8155.337           0.112
   -10.39     2142.97      326.02        6.57          300785.188             322.200        9701.290           0.101
    -9.63     2399.64      353.19        6.79          344321.906             349.172       11435.488           0.106
    -8.87     2698.65      435.84        6.19          363988.812             431.640       13381.823           0.276
    -8.10     3037.39      460.71        6.59          427182.062             456.305       15571.629           0.073
    -7.34     3394.30      482.53        7.03          498455.031             477.913       18027.006           0.061
    -6.58     3766.44      505.36        7.45          574837.938             500.514       20760.705           0.061
    -5.81     4154.22      519.66        7.99          664348.500             514.628       23784.510           0.037
    -5.05     4552.89      535.40        8.50          758727.000             530.226       27108.553           0.039
    -4.29     4965.87      558.39        8.89          852626.750             553.082       30742.455           0.056
    -3.52     5398.69      584.74        9.23          950388.188             579.296       34699.250           0.061
    -2.76     5851.29      610.05        9.59         1056576.625             604.488       38994.066           0.056
    -1.99     6319.75      627.10       10.08         1179414.125             621.427       43640.504           0.036
    -1.23     6799.10      639.98       10.62         1314326.625             634.169       48648.781           0.027
    -0.47     7287.14      648.99       11.23         1461603.375             643.019       54026.371           0.018
     0.30     7780.58      655.70       11.87         1619109.875             649.534       59778.652           0.014
     1.06     8278.45      660.22       12.54         1787235.750             653.734       65909.383           0.009
     1.82     8778.66      663.39       13.23         1964547.750             656.500       72421.141           0.006
     2.59     9280.88      666.22       13.93         2149298.250             658.869       79315.586           0.006
     3.35     9784.67      668.66       14.63         2341534.250             660.766       86594.086           0.005
     4.11    10289.90      671.10       15.33         2540322.250             662.662       94257.797           0.005
     4.88    10796.58      673.53       16.03         2745559.500             664.559      102307.820           0.005
     5.64    11304.72      675.97       16.72         2957151.000             666.456      110745.258           0.005
     6.40    11814.53      678.94       17.40         3173469.000             668.987      119571.305           0.006
     7.17    12327.25      692.85       17.79         3360556.250             682.442      128787.727           0.027
     7.93    12908.49      844.44       15.29         3180346.750             833.610      138421.766           0.261
     8.69    13567.44      905.77       14.98         3297704.750             894.686      148529.266           0.093
     9.46    14303.57     1082.03       13.22         3198705.750            1070.757      159169.359           0.239
    10.22    15136.91     1113.15       13.60         3449465.250            1101.745      170408.625           0.037
    10.98    15980.86     1120.45       14.26         3759515.750            1108.875      182288.203           0.009
    11.75    16830.48     1127.96       14.92         4080303.750            1116.218      194814.312           0.009
    12.51    17685.35     1135.27       15.58         4412496.000            1123.363      207991.156           0.009
    13.28    18545.98     1142.44       16.23         4756146.500            1130.402      221822.906           0.008
    14.04    19411.89     1151.25       16.86         5105767.000            1139.172      236313.781           0.010
    14.80    20281.67     1151.25       17.62         5492722.500            1139.172      251467.266           0.000
    15.57    21151.46     1151.25       18.37         5890903.000            1139.172      267284.875           0.000
    16.33    22021.24     1151.25       19.13         6300152.500            1139.172      283766.594           0.000
    17.09    22891.03     1151.25       19.88         6720323.500            1139.172      300912.344           0.000
    17.86    23760.81     1151.25       20.64         7151275.000            1139.172      318722.250          -0.000
    18.62    24630.60     1151.25       21.39         7592874.500            1139.172      337196.250           0.000
    19.38    25500.38     1151.25       22.15         8044997.000            1139.172      356334.375           0.000
    20.15    26370.17     1151.25       22.91         8507517.000            1139.172      376136.562           0.000
    20.91    27239.95     1151.25       23.66         8980323.000            1139.172      396602.844          -0.000
    21.67    28109.74     1151.25       24.42         9463302.000            1139.172      417733.281           0.000
    22.44    28979.52     1151.25       25.17         9956349.000            1139.172      439527.812           0.000
    23.20    29849.31     1151.25       25.93        10459360.000            1139.172      461986.406           0.000
    23.96    30719.09     1151.25       26.68        10972241.000            1139.172      485109.094           0.000
    24.73    31588.88     1151.25       27.44        11494897.000            1139.172      508895.938          -0.000
    25.49    32458.66     1151.25       28.19        12027233.000            1139.172      533346.875           0.000
    26.26    33328.45     1151.25       28.95        12569167.000            1139.172      558461.875           0.000
    27.02    34198.23     1151.25       29.71        13120612.000            1139.172      584241.000           0.000
    27.78    35068.02     1151.25       30.46        13681489.000            1139.172      610684.250           0.000
    28.55    35937.80     1151.25       31.22        14251721.000            1139.172      637791.562          -0.000
    29.31    36807.59     1151.25       31.97        14831223.000            1139.172      665563.000           0.000
    30.07    37677.37     1151.25       32.73        15419929.000            1139.172      693998.500           0.000
    30.84    38547.16     1151.25       33.48        16017766.000            1139.172      723098.125           0.000
    31.60    39416.95     1151.25       34.24        16624668.000            1139.172      752861.938           0.000
    32.36    40286.73     1151.25       34.99        17240560.000            1139.172      783289.688          -0.000
    33.13    41156.51     1151.25       35.75        17865382.000            1139.172      814381.625           0.000
    33.89    42026.30     1151.25       36.51        18499074.000            1139.172      846137.750           0.000
    34.65    42896.08     1151.25       37.26        19141564.000            1139.172      878557.875           0.000
    35.42    43765.87     1151.25       38.02        19792804.000            1139.172      911642.062          -0.000
    36.18    44635.65     1151.25       38.77        20452728.000            1139.172      945390.375           0.000
    36.94    45505.43     1151.25       39.53        21121276.000            1139.172      979802.750           0.000
    37.71    46375.22     1151.25       40.28        21798406.000            1139.172     1014879.438           0.000
    38.47    47245.01     1151.25       41.04        22484052.000            1139.172     1050620.000           0.000
    39.24    48114.79     1151.25       41.79        23178168.000            1139.172     1087024.750          -0.000
    40.00    48984.58     1151.25       42.55        23880698.000            1139.172     1124093.750           0.000
    40.76    49854.36     1151.25       43.30        24591594.000            1139.172     1161826.625           0.000
    41.53    50724.15     1151.25       44.06        25310808.000            1139.172     1200223.625           0.000
    42.29    51593.93     1151.25       44.82        26038290.000            1139.172     1239284.750           0.000
    43.05    52463.71     1151.25       45.57        26773994.000            1139.172     1279010.000          -0.000
    43.82    53333.50     1151.25       46.33        27517878.000            1139.172     1319399.500           0.000
    44.58    54203.29     1151.25       47.08        28269890.000            1139.172     1360452.875           0.000
    45.34    55073.07     1151.25       47.84        29029990.000            1139.172     1402170.375           0.000
    46.11    55942.86     1151.25       48.59        29798140.000            1139.172     1444552.250           0.000
    46.87    56812.64     1151.25       49.35        30574294.000            1139.172     1487598.000          -0.000
    47.63    57682.43     1151.25       50.10        31358404.000            1139.172     1531307.750           0.000
    48.40    58552.21     1151.25       50.86        32150438.000            1139.172     1575681.750           0.000
    49.16    59422.00     1151.25       51.62        32950356.000            1139.172     1620719.750           0.000
    49.92    60291.79     1151.25       52.37        33758124.000            1139.172     1666422.000          -0.000
    50.69    61161.57     1151.25       53.13        34573692.000            1139.172     1712788.250           0.000
    51.45    62031.35     1151.25       53.88        35397028.000            1139.172     1759818.625           0.000
    52.22    62901.14     1151.25       54.64        36228104.000            1139.172     1807513.250           0.000
