 Elev(m)    dbdxp(-)    dbdxc(-)      I2p     I2c
  -15.3299999       0.00000000       0.00000000       0.00000000       0.00000000    
  -14.8100004      -8.54348689E-02  -6.81360066E-02  -5.77538600E-03  -4.60598525E-03
  -14.2799997     -0.230957344      -6.00021072E-02  -3.89363877E-02  -2.26572510E-02
  -13.7500000     -0.310879409      -8.88941661E-02 -0.130936176      -5.97691536E-02
  -13.2200003     -0.227397934     -0.168602630     -0.297360331     -0.124740317    
  -12.6999998     -0.105589181     -0.248509303     -0.520228684     -0.234417632    
  -12.1700001      -2.54916232E-02 -0.378636450     -0.779186487     -0.417337954    
  -11.6400003      -3.61392349E-02 -0.317560315      -1.05151236     -0.691346705    
  -11.1099997      -6.28543794E-02 -0.276429206      -1.33485723      -1.05438256    
  -10.5799999      -5.10782525E-02 -0.275631905      -1.63285267      -1.49643517    
  -10.0600004      -4.99483459E-02 -0.244775161      -1.93990207      -2.00334978    
  -9.52999973       6.09886600E-03 -0.295371622      -2.26278186      -2.59238386    
  -9.00000000       3.46190147E-02 -0.250249803      -2.58598685      -3.25621915    
  -8.47000027       2.13353466E-02 -0.244809970      -2.90255094      -3.99182296    
  -7.94999981     -0.119456016     -0.203790948      -3.21592140      -4.77797127    
  -7.42000008     -0.224588081     -0.160417095      -3.56533599      -5.63476610    
  -6.88999987     -0.261810958      -6.18821271E-02  -3.97178292      -6.53215599    
  -6.36000013     -0.249997079       4.53644730E-02  -4.44697332      -7.44626713    
  -5.82999992     -0.237793505       7.88500533E-02  -4.99106741      -8.35314178    
  -5.30999994     -0.217696294       9.18663889E-02  -5.58928299      -9.22280979    
  -4.78000021     -0.189071909       8.35080221E-02  -6.25788307      -10.0855837    
  -4.25000000      -9.45595503E-02   9.24860686E-03  -6.97421265      -10.9297771    
  -3.72000003       6.72561640E-04  -7.08286539E-02  -7.71679974      -11.7716217    
  -3.20000005       1.53299468E-02  -6.95298091E-02  -8.45075989      -12.6113110    
  -2.67000008       2.76511218E-02  -5.94747402E-02  -9.19482708      -13.4855404    
  -2.14000010       4.12056595E-02  -4.34480980E-02  -9.93122196      -14.3757830    
  -1.61000001       5.30021600E-02  -2.64846310E-02  -10.6564159      -15.2779789    
  -1.08000004       6.23439290E-02  -1.10447686E-02  -11.3671980      -16.1876202    
 -0.560000002       7.22337365E-02   4.32207342E-03  -12.0475273      -17.0831394    
  -2.99999993E-02   7.90412873E-02   2.34306641E-02  -12.7214413      -17.9944649    
  0.500000000       8.30105543E-02   6.37256354E-02  -13.3737803      -18.8979530    
   1.02999997       8.36047158E-02   7.20137507E-02  -14.0034809      -19.7861443    
   1.54999995       7.56203681E-02   7.43353590E-02  -14.5990610      -20.6383362    
   2.07999992       6.62660003E-02   7.04249665E-02  -15.1855326      -21.4870472    
   2.60999990       7.29001462E-02   7.60717168E-02  -15.7526360      -22.3156929    
   3.14000010       9.12367105E-02   7.54192919E-02  -16.2988739      -23.1238136    
   3.67000008      0.123239733       6.77341074E-02  -16.8190918      -23.9116211    
   4.19000006      0.132279113       6.99225813E-02  -17.2974491      -24.6654015    
   4.71999979      0.135812104       7.90423676E-02  -17.7492752      -25.4141216    
   5.25000000      0.139467448      0.110447690      -18.1636753      -26.1395741    
   5.78000021      0.143597513      0.124247886      -18.5396137      -26.8358612    
   6.30000019      0.144521579      0.131578878      -18.8694878      -27.4855499    
   6.82999992     -0.130708009      0.138918027      -19.1849174      -28.1118221    
   7.36000013     -0.128951356       4.02285643E-02  -19.5169334      -28.7069950    
   7.88999987      0.127973333      -9.17475522E-02  -19.8672409      -29.2930737    
   8.42000008      0.145600140       6.37327060E-02  -20.1991253      -29.8846645    
   8.93999958      0.148277476      0.135078356      -20.4860382      -30.4535809    
   9.47000027      0.148235664      0.140671000      -20.7381763      -31.0011005    
   10.0000000      0.143120497      0.143476531      -20.9498043      -31.5100536    
   10.5299997      0.144116655      0.142780766      -21.1215611      -31.9797096    
   11.0600004      0.167089522      0.133683428      -21.2521172      -32.4105797    
   11.5799999      0.167089522      0.152387559      -21.3361855      -32.7949409    
   12.1099997      0.167089522      0.167089835      -21.3762531      -33.1453896    
   12.6400003      0.167089522      0.167089835      -21.3702717      -33.4508171    
   13.1700001      0.167089522      0.167089835      -21.3182411      -33.7101974    
   13.6899996      0.167089522      0.167089835      -21.2215843      -33.9190750    
   14.2200003      0.167089522      0.167089835      -21.0774536      -34.0863533    
   14.7500000      0.167089522      0.167089835      -20.8872738      -34.2075806    
   15.2799997      0.167089522      0.167089835      -20.6510429      -34.2827606    
   15.8100004      0.167089522      0.167089835      -20.3687630      -34.3118896    
   16.3299999      0.167089522      0.167089835      -20.0462017      -34.2948608    
   16.8600006      0.167089522      0.167089835      -19.6718216      -34.2318916    
   17.3899994      0.167089522      0.167089835      -19.2513943      -34.1228714    
   17.9200001      0.167089522      0.167089835      -18.7849140      -33.9678001    
   18.4400005      0.167089522      0.167089835      -18.2816277      -33.7700462    
   18.9699993      0.167089522      0.167089835      -17.7230511      -33.5228767    
   19.5000000      0.167089522      0.167089835      -17.1184216      -33.2296562    
   20.0300007      0.167089522      0.167089835      -16.4677410      -32.8903847    
   20.5599995      0.167089522      0.167089835      -15.7710142      -32.5050659    
   21.0799999      0.167089522      0.167089835      -15.0418234      -32.0814095    
   21.6100006      0.167089522      0.167089835      -14.2529945      -31.6039867    
   22.1399994      0.167089522      0.167089835      -13.4181185      -31.0805187    
   22.6700001      0.167089522      0.167089835      -12.5371895      -30.5109978    
   23.1900005      0.167089522      0.167089835      -11.6272745      -29.9066162    
   23.7199993      0.167089522      0.167089835      -10.6542492      -29.2449970    
   24.2500000      0.167089522      0.167089835      -9.63517094      -28.5373268    
   24.7800007      0.167089522      0.167089835      -8.57004166      -27.7836075    
   25.3099995      0.167089522      0.167089835      -7.45886755      -26.9838390    
   25.8299999      0.167089522      0.167089835      -6.32304811      -26.1535511    
   26.3600006      0.167089522      0.167089835      -5.11977005      -25.2616806    
   26.8899994      0.167089522      0.167089835      -3.87044621      -24.3237648    
   27.4200001      0.167089522      0.167089835      -2.57506824      -23.3397942    
   27.9400005      0.167089522      0.167089835      -1.25852466      -22.3287830    
   28.4699993      0.167089522      0.167089835      0.128948212      -21.2527161    
   29.0000000      0.167089522      0.167089835       1.56247580      -20.1305962    
   29.5300007      0.167089522      0.167089835       3.04205346      -18.9624252    
   30.0599995      0.167089522      0.167089835       4.56767559      -17.7482090    
   30.5799999      0.167089522      0.167089835       6.11012411      -16.5112915    
   31.1100006      0.167089522      0.167089835       7.72785139      -15.2049713    
   31.6399994      0.167089522      0.167089835       9.39162254      -13.8526068    
   32.1699982      0.167089522      0.167089835       11.1014433      -12.4541912    
   32.6899986      0.167089522      0.167089835       12.8246155      -11.0365496    
   33.2200012      0.167089522      0.167089835       14.6265488      -9.54602432    
   33.7500000      0.167089522      0.167089835       16.4745197      -8.00945950    
   34.2799988      0.167089522      0.167089835       18.3685379      -6.42684507    
   34.8100014      0.167089522      0.167089835       20.3086224      -4.79816961    
   35.3300018      0.167089522      0.167089835       22.2577000      -3.15462255    
   35.8600006      0.167089522      0.167089835       24.2898693      -1.43385863    
   36.3899994      0.167089522      0.167089835       26.3680878      0.332955003    
   36.9199982      0.167089522      0.167089835       28.4923553       2.14581847    
   37.4399986      0.167089522      0.167089835       30.6221581       3.97008991    
