 Elev(m)    Area(m2)     Peri(m)      Radi(m)   Conv(m3/s)    topWidth(m)    newI1(m3)    dPdA(1/m)
   -37.50        0.00        0.00         NaN                 NaN               0.000           0.000             NaN
   -36.64       25.54       58.09        0.44             590.681              58.055          10.930           2.274
   -35.79       90.53       97.89        0.92            3437.151              97.811          60.603           0.612
   -34.93      191.51      133.86        1.43            9725.872             133.733         181.304           0.356
   -34.08      316.28      156.49        2.02           20222.965             156.294         398.620           0.181
   -33.22      457.79      174.87        2.62           34783.531             174.587         729.899           0.130
   -32.36      614.91      193.40        3.18           53183.922             193.027        1188.985           0.118
   -31.51      789.99      217.64        3.63           74633.375             217.172        1790.243           0.138
   -30.65      985.21      237.63        4.15          101705.234             237.051        2549.977           0.102
   -29.80     1194.31      252.17        4.74          134727.609             251.477        3482.745           0.070
   -28.94     1416.28      267.65        5.29          172025.328             266.843        4600.000           0.070
   -28.08     1651.52      284.20        5.81          213523.812             283.285        5912.924           0.070
   -27.23     1900.96      300.00        6.34          260375.578             298.976        7433.276           0.063
   -26.37     2162.79      314.12        6.89          313104.062             312.980        9172.435           0.054
   -25.52     2436.39      327.08        7.45          371705.562             325.798       11140.746           0.047
   -24.66     2719.98      338.07        8.05          436847.750             336.598       13347.519           0.039
   -23.80     3013.11      350.50        8.60          505775.281             348.842       15801.109           0.042
   -22.95     3316.07      360.18        9.21          582661.375             358.317       18509.801           0.032
   -22.09     3626.46      369.81        9.81          664579.250             367.706       21480.992           0.031
   -21.24     3946.51      383.65       10.29          746664.938             381.332       24721.992           0.043
   -20.38     4279.38      398.59       10.74          833060.375             396.066       28242.416           0.045
   -19.52     4625.18      415.69       11.13          922065.375             412.961       32053.301           0.049
   -18.67     4986.09      433.13       11.51         1016832.312             430.220       36166.637           0.048
   -17.81     5361.35      449.19       11.94         1120035.000             446.106       40595.027           0.043
   -16.96     5749.18      463.44       12.41         1232368.625             460.185       45349.988           0.037
   -16.10     6149.34      478.37       12.85         1349783.625             474.952       50442.195           0.037
   -15.25     6561.99      492.66       13.32         1474864.750             489.085       55882.258           0.035
   -14.39     6987.84      510.45       13.69         1599550.250             506.716       61681.180           0.042
   -13.53     7430.68      532.15       13.96         1723519.500             528.276       67851.867           0.049
   -12.68     7892.28      555.34       14.21         1852221.750             551.301       74409.633           0.050
   -11.82     8373.98      574.85       14.57         1997910.250             570.651       81371.102           0.041
   -10.97     8867.16      585.01       15.16         2172326.500             580.615       88749.789           0.021
   -10.11     9367.93      594.20       15.77         2356001.750             589.637       96553.852           0.018
    -9.25     9876.02      602.32       16.40         2549640.000             597.568      104789.672           0.016
    -8.40    10391.07      611.15       17.00         2748273.250             606.232      113463.383           0.017
    -7.54    10913.03      618.60       17.64         2958222.000             613.359      122580.891           0.014
    -6.69    11439.67      622.78       18.37         3185625.250             617.136      132147.172           0.008
    -5.83    11969.49      626.89       19.09         3420245.750             620.850      142165.578           0.008
    -4.97    12502.42      630.86       19.82         3662352.000             624.407      152638.812           0.007
    -4.12    13038.42      634.93       20.54         3910963.500             628.066      163569.516           0.008
    -3.26    13577.65      639.19       21.24         4165637.250             631.929      174960.391           0.008
    -2.41    14120.20      643.45       21.94         4427096.000             635.792      186814.234           0.008
    -1.55    14666.28      648.20       22.63         4693044.000             640.213      199133.969           0.009
    -0.69    15216.84      654.50       23.25         4958263.000             646.235      211923.047           0.011
     0.16    15772.56      660.80       23.87         5230201.500             652.260      225185.562           0.011
     1.02    16358.69      710.55       23.02         5295559.500             701.756      238936.766           0.085
     1.87    17057.37      898.92       18.98         4854005.000             889.870      253237.828           0.270
     2.73    17892.78     1078.72       16.59         4654960.500            1069.583      268195.438           0.215
     3.59    18814.41     1092.22       17.23         5019630.500            1082.959      283905.000           0.015
     4.44    19745.91     1102.59       17.91         5406465.000            1093.186      300407.656           0.011
     5.30    20685.71     1111.61       18.61         5810426.500            1102.074      317711.156           0.010
     6.15    21629.01     1111.61       19.46         6258716.500            1102.074      335820.562           0.000
     7.01    22572.32     1111.61       20.31         6720236.000            1102.074      354737.406           0.000
     7.87    23515.63     1111.61       21.15         7194796.000            1102.074      374461.625           0.000
     8.72    24458.94     1111.61       22.00         7682222.000            1102.074      394993.312           0.000
     9.58    25402.25     1111.61       22.85         8182344.500            1102.074      416332.375           0.000
    10.43    26345.56     1111.61       23.70         8695004.000            1102.074      438478.875           0.000
    11.29    27288.87     1111.61       24.55         9220051.000            1102.074      461432.781          -0.000
    12.14    28232.18     1111.61       25.40         9757337.000            1102.074      485194.094           0.000
    13.00    29175.48     1111.61       26.25        10306730.000            1102.074      509762.844           0.000
    13.86    30118.79     1111.61       27.09        10868094.000            1102.074      535139.000           0.000
    14.71    31062.10     1111.61       27.94        11441305.000            1102.074      561322.562           0.000
    15.57    32005.41     1111.61       28.79        12026239.000            1102.074      588313.562           0.000
    16.42    32948.72     1111.61       29.64        12622779.000            1102.074      616111.938           0.000
    17.28    33892.03     1111.61       30.49        13230821.000            1102.074      644717.750          -0.000
    18.14    34835.34     1111.61       31.34        13850247.000            1102.074      674131.000           0.000
    18.99    35778.64     1111.61       32.19        14480957.000            1102.074      704351.625           0.000
    19.85    36721.96     1111.61       33.03        15122855.000            1102.074      735379.688           0.000
    20.70    37665.27     1111.61       33.88        15775840.000            1102.074      767215.188           0.000
    21.56    38608.57     1111.61       34.73        16439820.000            1102.074      799858.062           0.000
    22.42    39551.88     1111.61       35.58        17114704.000            1102.074      833308.312          -0.000
    23.27    40495.19     1111.61       36.43        17800404.000            1102.074      867566.062           0.000
    24.13    41438.50     1111.61       37.28        18496838.000            1102.074      902631.250           0.000
    24.98    42381.81     1111.61       38.13        19203922.000            1102.074      938503.750           0.000
    25.84    43325.12     1111.61       38.97        19921576.000            1102.074      975183.688           0.000
    26.70    44268.43     1111.61       39.82        20649724.000            1102.074     1012671.125           0.000
    27.55    45211.74     1111.61       40.67        21388292.000            1102.074     1050965.875           0.000
    28.41    46155.04     1111.61       41.52        22137202.000            1102.074     1090068.125          -0.000
    29.26    47098.35     1111.61       42.37        22896388.000            1102.074     1129977.750           0.000
    30.12    48041.66     1111.61       43.22        23665780.000            1102.074     1170694.750           0.000
    30.98    48984.97     1111.61       44.07        24445310.000            1102.074     1212219.250           0.000
    31.83    49928.28     1111.61       44.92        25234912.000            1102.074     1254551.125           0.000
    32.69    50871.59     1111.61       45.76        26034520.000            1102.074     1297690.250           0.000
    33.54    51814.90     1111.61       46.61        26844080.000            1102.074     1341637.125           0.000
    34.40    52758.21     1111.61       47.46        27663524.000            1102.074     1386391.125          -0.000
    35.26    53701.52     1111.61       48.31        28492798.000            1102.074     1431952.875           0.000
    36.11    54644.82     1111.61       49.16        29331830.000            1102.074     1478321.750           0.000
    36.97    55588.13     1111.61       50.01        30180580.000            1102.074     1525498.000           0.000
    37.82    56531.45     1111.61       50.86        31038990.000            1102.074     1573481.875           0.000
    38.68    57474.75     1111.61       51.70        31906998.000            1102.074     1622273.000           0.000
    39.53    58418.06     1111.61       52.55        32784554.000            1102.074     1671871.500           0.000
    40.39    59361.37     1111.61       53.40        33671620.000            1102.074     1722277.750          -0.000
    41.25    60304.68     1111.61       54.25        34568124.000            1102.074     1773491.125           0.000
    42.10    61247.98     1111.61       55.10        35474024.000            1102.074     1825511.875           0.000
    42.96    62191.30     1111.61       55.95        36389280.000            1102.074     1878340.250           0.000
    43.81    63134.61     1111.61       56.80        37313832.000            1102.074     1931975.875           0.000
    44.67    64077.91     1111.61       57.64        38247640.000            1102.074     1986418.875           0.000
    45.53    65021.22     1111.61       58.49        39190668.000            1102.074     2041669.500           0.000
    46.38    65964.53     1111.61       59.34        40142856.000            1102.074     2097727.500          -0.000
    47.24    66907.84     1111.61       60.19        41104168.000            1102.074     2154593.000           0.000
    48.09    67851.15     1111.61       61.04        42074548.000            1102.074     2212265.500           0.000
