 Elev(m)    Area(m2)     Peri(m)      Radi(m)   Conv(m3/s)    topWidth(m)    newI1(m3)    dPdA(1/m)
   -19.13        0.00        0.00         NaN                 NaN               0.000           0.000             NaN
   -18.52       10.01       29.69        0.34             193.844              29.654           3.066           2.967
   -17.90       33.46       45.12        0.74            1096.386              45.016          16.386           0.658
   -17.29       65.32       60.13        1.09            2760.722              59.948          46.655           0.471
   -16.68      108.12       80.47        1.34            5266.508              80.199          99.804           0.475
   -16.06      163.81      100.98        1.62            9046.426             100.623         183.137           0.368
   -15.45      231.50      134.86        1.72           13275.845             134.411         304.279           0.501
   -14.84      328.02      178.67        1.84           19671.914             178.108         475.741           0.454
   -14.23      451.95      230.74        1.96           28300.385             230.081         714.758           0.420
   -13.61      636.25      398.54        1.60           34763.895             397.789        1048.232           0.910
   -13.00      919.62      579.68        1.59           50035.707             578.850        1525.023           0.639
   -12.39     1287.77      608.11        2.12           84944.969             607.212        2201.470           0.077
   -11.77     1662.51      616.45        2.70          128845.266             615.457        3105.571           0.022
   -11.16     2042.06      624.23        3.27          180003.125             623.137        4240.821           0.020
   -10.55     2425.82      630.38        3.85          238280.703             629.169        5609.987           0.016
    -9.94     2813.48      637.25        4.42          302872.875             635.916        7215.549           0.018
    -9.32     3205.22      643.74        4.98          373834.875             642.289        9059.955           0.017
    -8.71     3601.12      651.81        5.52          450167.781             650.243       11145.731           0.020
    -8.10     4002.15      660.72        6.06          531951.125             659.036       13475.723           0.022
    -7.48     4410.01      674.78        6.54          616623.625             672.989       16053.598           0.034
    -6.87     4826.43      686.44        7.03          708544.750             684.555       18884.068           0.028
    -6.26     5248.80      695.03        7.55          808149.688             693.041       21971.580           0.020
    -5.65     5675.78      702.37        8.08          914232.250             700.280       25319.371           0.017
    -5.03     6107.47      710.99        8.59         1024679.125             708.800       28930.299           0.020
    -4.42     6544.71      720.77        9.08         1139405.750             718.506       32807.504           0.022
    -3.81     6988.93      732.33        9.54         1257786.125             729.987       36954.832           0.026
    -3.19     7438.60      739.81       10.05         1386112.500             737.365       41376.090           0.017
    -2.58     7892.78      747.27       10.56         1519824.000             744.720       46074.328           0.016
    -1.97     8351.31      754.10       11.07         1659708.875             751.442       51052.262           0.015
    -1.36     8813.80      760.52       11.59         1805470.875             757.746       56312.441           0.014
    -0.74     9280.24      767.55       12.09         1955489.500             764.661       61857.285           0.015
    -0.13     9751.12      774.74       12.59         2110480.750             771.746       67689.367           0.015
     0.48    10226.21      781.82       13.08         2270805.750             778.720       73811.344           0.015
     1.10    10705.98      790.14       13.55         2433885.500             786.951       80225.922           0.017
     1.71    11191.03      799.49       14.00         2599960.000             796.217       86936.172           0.019
     2.32    11682.33      809.73       14.43         2769378.750             806.377       93945.617           0.021
     2.93    12179.38      820.11       14.85         2943417.500             816.682      101257.938           0.021
     3.55    12684.46      836.14       15.17         3109276.250             832.649      108877.359           0.032
     4.16    13205.10      861.91       15.32         3258280.750             858.358      116811.109           0.049
     4.77    13734.87      872.86       15.74         3449875.250             869.235      125066.758           0.021
     5.39    14270.18      880.49       16.21         3655604.000             876.750      133648.781           0.014
     6.00    14808.84      884.92       16.73         3875487.000             881.000      142559.938           0.008
     6.61    15355.24      916.43       16.76         4021817.750             912.320      151803.594           0.058
     7.23    15966.88     1081.35       14.77         3844003.250            1077.022      161402.125           0.270
     7.84    16646.33     1134.58       14.67         3990561.250            1130.067      171396.312           0.078
     8.45    17355.00     1202.84       14.43         4114294.000            1198.179      181815.875           0.096
     9.06    18107.00     1240.58       14.60         4325667.000            1235.819      192683.062           0.050
     9.68    18867.65     1250.18       15.09         4609000.500            1245.318      204013.781           0.013
    10.29    19633.00     1256.87       15.62         4907328.000            1251.882      215812.156           0.009
    10.90    20402.15     1263.54       16.15         5213465.000            1258.440      228080.766           0.009
    11.52    21176.36     1272.57       16.64         5521095.000            1267.377      240822.328           0.012
    12.13    21953.13     1272.57       17.25         5862735.000            1267.377      254039.188           0.000
    12.74    22729.89     1272.57       17.86         6212530.500            1267.377      267732.125           0.000
    13.35    23506.66     1272.57       18.47         6570388.500            1267.377      281901.125           0.000
    13.97    24283.42     1272.57       19.08         6936217.500            1267.377      296546.188          -0.000
    14.58    25060.19     1272.57       19.69         7309934.000            1267.377      311667.344           0.000
    15.19    25836.95     1272.57       20.30         7691452.500            1267.377      327264.562           0.000
    15.81    26613.72     1272.57       20.91         8080696.000            1267.377      343337.844           0.000
    16.42    27390.48     1272.57       21.52         8477589.000            1267.377      359887.219           0.000
    17.03    28167.25     1272.57       22.13         8882059.000            1267.377      376912.688          -0.000
    17.64    28944.01     1272.57       22.74         9294032.000            1267.377      394414.188           0.000
    18.26    29720.78     1272.57       23.35         9713442.000            1267.377      412391.750           0.000
    18.87    30497.54     1272.57       23.97        10140225.000            1267.377      430845.406           0.000
    19.48    31274.31     1272.57       24.58        10574318.000            1267.377      449775.156           0.000
    20.10    32051.07     1272.57       25.19        11015660.000            1267.377      469180.969           0.000
    20.71    32827.84     1272.57       25.80        11464190.000            1267.377      489062.844          -0.000
    21.32    33604.60     1272.57       26.41        11919851.000            1267.377      509420.812           0.000
    21.93    34381.37     1272.57       27.02        12382589.000            1267.377      530254.812           0.000
    22.55    35158.13     1272.57       27.63        12852349.000            1267.377      551564.875           0.000
    23.16    35934.89     1272.57       28.24        13329080.000            1267.377      573351.062           0.000
    23.77    36711.66     1272.57       28.85        13812734.000            1267.377      595613.312          -0.000
    24.39    37488.43     1272.57       29.46        14303256.000            1267.377      618351.625           0.000
    25.00    38265.19     1272.57       30.07        14800602.000            1267.377      641566.062           0.000
    25.61    39041.96     1272.57       30.68        15304724.000            1267.377      665256.500           0.000
    26.22    39818.72     1272.57       31.29        15815576.000            1267.377      689423.000           0.000
    26.84    40595.48     1272.57       31.90        16333121.000            1267.377      714065.562          -0.000
    27.45    41372.25     1272.57       32.51        16857304.000            1267.377      739184.312           0.000
    28.06    42149.02     1272.57       33.12        17388094.000            1267.377      764779.062           0.000
    28.68    42925.78     1272.57       33.73        17925444.000            1267.377      790849.875           0.000
    29.29    43702.55     1272.57       34.34        18469318.000            1267.377      817396.812           0.000
    29.90    44479.31     1272.57       34.95        19019670.000            1267.377      844419.688          -0.000
    30.51    45256.07     1272.57       35.56        19576468.000            1267.377      871918.750           0.000
    31.13    46032.84     1272.57       36.17        20139678.000            1267.377      899893.875           0.000
    31.74    46809.61     1272.57       36.78        20709258.000            1267.377      928345.062           0.000
    32.35    47586.37     1272.57       37.39        21285172.000            1267.377      957272.375           0.000
    32.97    48363.13     1272.57       38.00        21867390.000            1267.377      986675.688           0.000
    33.58    49139.90     1272.57       38.61        22455876.000            1267.377     1016555.125          -0.000
    34.19    49916.66     1272.57       39.23        23050596.000            1267.377     1046910.625           0.000
    34.81    50693.43     1272.57       39.84        23651520.000            1267.377     1077742.250           0.000
    35.42    51470.20     1272.57       40.45        24258612.000            1267.377     1109049.875           0.000
    36.03    52246.96     1272.57       41.06        24871840.000            1267.377     1140833.375           0.000
    36.64    53023.72     1272.57       41.67        25491180.000            1267.377     1173093.125          -0.000
    37.26    53800.48     1272.57       42.28        26116596.000            1267.377     1205829.000           0.000
    37.87    54577.25     1272.57       42.89        26748062.000            1267.377     1239040.875           0.000
    38.48    55354.02     1272.57       43.50        27385550.000            1267.377     1272728.875           0.000
    39.10    56130.78     1272.57       44.11        28029030.000            1267.377     1306893.000           0.000
    39.71    56907.55     1272.57       44.72        28678476.000            1267.377     1341533.125          -0.000
    40.32    57684.31     1272.57       45.33        29333854.000            1267.377     1376649.375           0.000
    40.93    58461.08     1272.57       45.94        29995142.000            1267.377     1412241.625           0.000
    41.55    59237.84     1272.57       46.55        30662318.000            1267.377     1448310.000           0.000
    42.16    60014.61     1272.57       47.16        31335350.000            1267.377     1484854.500           0.000
