 Elev(m)    Area(m2)     Peri(m)      Radi(m)   Conv(m3/s)    topWidth(m)    newI1(m3)    dPdA(1/m)
   -33.27        0.00        0.00         NaN                 NaN               0.000           0.000             NaN
   -32.38       15.85       33.47        0.47             385.355              33.388           7.020           2.111
   -31.50       53.22       51.22        1.04            2184.207              51.044          37.606           0.475
   -30.61      106.57       70.12        1.52            5635.180              69.842         108.361           0.354
   -29.73      176.46       87.76        2.01           11245.070              87.368         233.683           0.252
   -28.84      260.72      102.98        2.53           19371.809             102.480         427.260           0.181
   -27.96      356.97      114.98        3.10           30386.711             114.344         700.762           0.125
   -27.07      463.27      126.40        3.67           44050.938             125.623        1063.951           0.107
   -26.18      579.39      137.51        4.21           60457.809             136.589        1525.624           0.096
   -25.30      705.84      150.43        4.69           79132.055             149.382        2094.699           0.102
   -24.41      844.19      164.19        5.14          100590.141             163.034        2781.025           0.100
   -23.53      994.58      177.87        5.59          125330.812             176.595        3595.202           0.091
   -22.64     1156.43      190.53        6.07          153913.312             189.125        4547.630           0.078
   -21.76     1330.07      204.33        6.51          185479.562             202.789        5648.610           0.079
   -20.87     1515.18      216.93        6.98          221460.266             215.229        6908.439           0.068
   -19.99     1711.11      229.49        7.46          261226.812             227.634        8336.987           0.064
   -19.10     1918.78      243.69        7.87          303771.469             241.674        9944.240           0.068
   -18.21     2140.21      261.58        8.18          347602.406             259.418       11741.490           0.081
   -17.33     2379.68      282.60        8.42          393983.344             280.285       13742.823           0.088
   -16.44     2636.49      302.35        8.72          446778.594             299.892       15963.893           0.077
   -15.56     2911.76      326.11        8.93          501276.344             323.505       18420.564           0.086
   -14.67     3215.99      368.90        8.72          544893.375             366.165       21133.830           0.141
   -13.79     3561.46      409.62        8.69          602356.625             406.749       24134.770           0.118
   -12.90     3946.45      489.46        8.06          634734.938             486.454       27459.143           0.207
   -12.02     4417.55      572.88        7.71          689685.688             569.737       31162.578           0.177
   -11.13     4969.20      660.36        7.52          763278.875             657.073       35318.875           0.159
   -10.24     5563.01      688.67        8.08          895851.188             685.237       39982.359           0.048
    -9.36     6178.78      707.97        8.73         1047661.000             704.387       45181.422           0.031
    -8.47     6809.29      722.64        9.42         1215112.750             718.900       50932.320           0.023
    -7.59     7451.36      734.37       10.15         1396930.125             730.479       57246.695           0.018
    -6.70     8102.66      744.22       10.89         1592110.375             740.147       64133.750           0.015
    -5.82     8761.91      753.22       11.63         1799322.250             748.977       71601.102           0.014
    -4.93     9429.05      761.96       12.37         2017833.000             757.531       79655.742           0.013
    -4.05    10104.10      771.81       13.09         2244991.750             767.214       88304.688           0.015
    -3.16    10787.96      781.98       13.80         2482146.250             777.215       97555.336           0.015
    -2.27    11480.45      791.73       14.50         2730692.500             786.790      107415.406           0.014
    -1.39    12181.50      801.58       15.20         2989476.500             796.467      117892.516           0.014
    -0.50    12891.06      811.46       15.89         3258578.500             806.176      128994.219           0.014
     0.38    13609.15      820.98       16.58         3539075.250             815.490      140728.062           0.013
     1.27    14335.72      831.84       17.23         3825899.000             826.142      153101.578           0.015
     2.15    15072.60      844.03       17.86         4119086.250             838.147      166123.078           0.017
     3.04    15823.98      866.81       18.26         4388364.000             860.769      179803.562           0.030
     3.92    16599.52      900.56       18.43         4633177.500             894.375      194160.141           0.044
     4.81    17404.38      923.60       18.84         4929856.000             917.300      209216.484           0.029
     5.70    18222.35      940.45       19.38         5258284.000             934.005      224991.391           0.021
     6.58    19060.02      983.15       19.39         5501974.500             976.640      241499.391           0.051
     7.47    20050.15     1224.14       16.38         5172519.500            1217.531      258816.703           0.243
     8.35    21137.59     1241.62       17.02         5595335.500            1234.886      277053.938           0.016
     9.24    22236.81     1254.66       17.72         6046397.000            1247.770      296259.375           0.012
    10.12    23346.87     1265.68       18.45         6519657.500            1258.622      316443.062           0.010
    11.01    24466.87     1282.71       19.07         6986675.500            1275.521      337614.156           0.015
    11.89    25596.42     1282.71       19.95         7532495.000            1275.521      359781.344           0.000
    12.78    26725.98     1282.71       20.84         8094613.500            1275.521      382948.812           0.000
    13.67    27855.54     1282.71       21.72         8672800.000            1275.521      407116.562           0.000
    14.55    28985.10     1282.71       22.60         9266832.000            1275.521      432284.625           0.000
    15.44    30114.65     1282.71       23.48         9876503.000            1275.521      458453.000          -0.000
    16.32    31244.21     1282.71       24.36        10501612.000            1275.521      485621.656           0.000
    17.21    32373.77     1282.71       25.24        11141977.000            1275.521      513790.625          -0.000
    18.09    33503.33     1282.71       26.12        11797408.000            1275.521      542959.875           0.000
    18.98    34632.89     1282.71       27.00        12467744.000            1275.521      573129.438           0.000
    19.87    35762.45     1282.71       27.88        13152816.000            1275.521      604299.312           0.000
    20.75    36892.00     1282.71       28.76        13852464.000            1275.521      636469.438           0.000
    21.64    38021.56     1282.71       29.64        14566545.000            1275.521      669639.875           0.000
    22.52    39151.12     1282.71       30.52        15294912.000            1275.521      703810.625           0.000
    23.41    40280.68     1282.71       31.40        16037426.000            1275.521      738981.688          -0.000
    24.29    41410.23     1282.71       32.28        16793950.000            1275.521      775153.062           0.000
    25.18    42539.79     1282.71       33.16        17564360.000            1275.521      812324.625          -0.000
    26.06    43669.35     1282.71       34.04        18348528.000            1275.521      850496.625           0.000
    26.95    44798.91     1282.71       34.93        19146338.000            1275.521      889668.812           0.000
    27.84    45928.46     1282.71       35.81        19957674.000            1275.521      929841.375           0.000
    28.72    47058.02     1282.71       36.69        20782422.000            1275.521      971014.250           0.000
    29.61    48187.58     1282.71       37.57        21620476.000            1275.521     1013187.312           0.000
    30.49    49317.14     1282.71       38.45        22471728.000            1275.521     1056360.750           0.000
    31.38    50446.70     1282.71       39.33        23336082.000            1275.521     1100534.500          -0.000
    32.26    51576.25     1282.71       40.21        24213434.000            1275.521     1145708.500           0.000
    33.15    52705.81     1282.71       41.09        25103692.000            1275.521     1191882.875          -0.000
    34.03    53835.37     1282.71       41.97        26006760.000            1275.521     1239057.500           0.000
    34.92    54964.93     1282.71       42.85        26922546.000            1275.521     1287232.250           0.000
    35.81    56094.48     1282.71       43.73        27850970.000            1275.521     1336407.500           0.000
    36.69    57224.04     1282.71       44.61        28791940.000            1275.521     1386583.125           0.000
    37.58    58353.60     1282.71       45.49        29745378.000            1275.521     1437759.000           0.000
    38.46    59483.16     1282.71       46.37        30711198.000            1275.521     1489935.125           0.000
    39.35    60612.71     1282.71       47.25        31689322.000            1275.521     1543111.375          -0.000
    40.23    61742.27     1282.71       48.13        32679676.000            1275.521     1597288.125           0.000
    41.12    62871.83     1282.71       49.01        33682184.000            1275.521     1652465.125          -0.000
    42.00    64001.39     1282.71       49.90        34696772.000            1275.521     1708642.500           0.000
    42.89    65130.95     1282.71       50.78        35723368.000            1275.521     1765820.125           0.000
    43.78    66260.50     1282.71       51.66        36761896.000            1275.521     1823997.875           0.000
    44.66    67390.06     1282.71       52.54        37812304.000            1275.521     1883176.125           0.000
    45.55    68519.62     1282.71       53.42        38874516.000            1275.521     1943354.625           0.000
    46.43    69649.18     1282.71       54.30        39948464.000            1275.521     2004533.500           0.000
    47.32    70778.74     1282.71       55.18        41034092.000            1275.521     2066712.625          -0.000
    48.20    71908.30     1282.71       56.06        42131320.000            1275.521     2129891.750           0.000
    49.09    73037.85     1282.71       56.94        43240104.000            1275.521     2194071.500          -0.000
    49.97    74167.41     1282.71       57.82        44360384.000            1275.521     2259251.500           0.000
    50.86    75296.97     1282.71       58.70        45492088.000            1275.521     2325432.000           0.000
    51.75    76426.52     1282.71       59.58        46635168.000            1275.521     2392612.250           0.000
    52.63    77556.09     1282.71       60.46        47789576.000            1275.521     2460793.250           0.000
    53.52    78685.64     1282.71       61.34        48955244.000            1275.521     2529974.500           0.000
    54.40    79815.20     1282.71       62.22        50132120.000            1275.521     2600156.000           0.000
    55.29    80944.76     1282.71       63.10        51320152.000            1275.521     2671337.750          -0.000
