103.52  Carrollton Gage	RS=103.52  
0	6.010655791
9.113519884	6.083807721
18.22399228	6.114287837
27.33751274	6.068567953
28.30372819	6.056376256
36.45103088	5.964935907
45.5615027	5.812535907
54.67502549	5.672328186
63.78854363	5.705855791
72.90206177	5.690616023
82.01253823	1.231391988
91.12605637	-0.045720002
100.2395745	0.167640004
109.350051	0.530352003
118.4635691	0.768095994
127.5770873	0.252983995
136.6875637	-1.048512017
145.8010819	-4.376927895
154.9146	-8.961119884
164.0281274	-13.92631158
173.1385853	-18.08987953
182.2521127	-22.04618456
191.3656402	-26.72791274
200.476098	-29.9466
209.5896255	-31.78149498
218.7031529	-33.32073591
227.8136108	-34.50640772
236.9271382	-34.99408726
246.0406471	-34.75939228
255.1511235	-34.35705637
264.264651	-34.26561544
273.3781598	-34.38753591
282.4916873	-34.32962316
291.6021637	-34.24732819
300.7156726	-34.37229498
309.8292	-34.60699228
318.9396765	-34.85692819
328.0532039	-35.05504865
337.1666941	-35.052
346.2771706	-34.82949498
355.390698	-34.45154363
364.5042255	-34.02177684
373.6177529	-33.64687181
382.7282294	-33.31768726
391.8417196	-33.04336912
400.9552471	-32.74771274
410.0657235	-32.46424865
419.179251	-32.22345637
428.2927784	-31.94304093
437.4032549	-31.56508726
446.5167451	-31.23590502
455.6302726	-31.10484093
464.7438	-31.09569498
473.8542765	-31.17799228
482.9678039	-31.14141544
492.0812941	-30.97987181
501.1917706	-30.84271274
510.305298	-30.70555135
519.4188255	-30.52876912
528.529302	-30.38551274
537.6428294	-30.33979228
546.7563196	-30.37941544
555.8667961	-30.31540772
564.9803235	-30.01975135
574.093851	-29.59303088
583.2073784	-29.14192819
592.3178549	-29.08706409
601.4313451	-28.85541544
610.5448726	-27.78252047
619.655349	-26.67914363
628.7688393	-25.65806409
637.8824039	-25.18257684
646.9928432	-24.52725637
656.1064078	-23.35682316
665.219898	-22.15286409
674.3304117	-20.74773591
683.443902	-18.75739228
692.5573922	-17.89785637
701.6709568	-16.33423205
710.7813961	-14.45361544
719.8949607	-10.8204
729.008451	-6.224016023
738.1188902	-4.200143919
747.2324549	-2.855975965
756.3459451	-1.770887983
765.4564588	-0.365760015
774.569949	1.280159942
783.6834393	1.353312017
792.7939529	1.377695994
801.9074432	1.37464807
811.0210078	1.365504006
820.1314471	2.048255936
829.2450117	2.639567953
838.358502	3.035808012
847.4719922	3.596640058
849.5415961	4.133088128
856.5825059	5.961887837
865.6959961	6.294119884
874.8095607	1.042416023
883.92	1.792224035
893.0334902	2.810256081
902.1470549	3.221735907
911.2574941	3.88010386
920.3710588	2.59384807
929.484549	0.954024035
938.5949883	1.133856009
947.7085529	3.57530386
956.8220432	6.300216023
965.9325568	5.434583977
975.0460471	6.16610386
984.1596117	7.299960233
	
