	RS=95.553* 
0	4.276343919
5.79424807	4.437888128
11.58849614	4.465319884
12.74978456	4.547616023
17.38274363	4.892039767
23.17699228	4.968239767
25.49347181	4.989576256
28.97124093	5.056632047
34.76548726	5.172455791
38.24325637	5.209032047
40.55973823	5.269992279
46.35398456	5.471160233
50.99304093	5.64184807
52.10555907	5.535167953
52.14823088	5.532119884
57.94248186	4.989576256
63.13322549	4.474464093
63.73672819	4.41350386
72.29551274	0.003048
74.10602549	-1.472183977
80.85125098	-5.25475193
84.47227646	-7.147560233
89.41003088	-9.305544209
94.84156912	-9.387839767
97.96882009	-9.415271814
105.2108618	-9.540239767
106.5276	-9.573767953
115.0863799	-9.713976256
115.5801637	-9.720071814
123.6451691	-9.887711581
125.9464054	-9.954767953
132.2009073	-10.40282433
136.3157073	-10.69543205
140.7596873	-11.22578456
146.685	-11.98168842
149.3154255	-12.26515251
157.054302	-13.79829614
157.8742147	-13.97507953
166.4329853	-15.20342433
167.417502	-15.31924749
174.9917745	-16.13001544
177.7867853	-16.46224749
183.5505637	-16.94383205
188.1560873	-17.69973591
192.1093529	-18.30323977
198.5223382	-19.22678456
200.6650726	-19.48281544
208.8916402	-21.57679228
209.2238618	-21.65604093
217.7796	-23.18613591
219.2609235	-23.57932819
226.3383892	-25.39593591
229.6302255	-26.25547181
234.8971598	-27.60573591
239.9964765	-28.58719228
243.452898	-29.23946409
250.3657598	-30.23006409
252.0147382	-30.47085637
260.5735274	-31.55899228
260.7350618	-31.56813591
269.1292471	-31.96437684
271.1043637	-31.95218456
277.6880363	-31.89122316
281.4706147	-31.81502316
286.2437745	-31.67176912
291.839898	-31.42792819
294.8025637	-31.26333591
302.2092	-30.92805637
303.3613529	-30.87928726
311.9170726	-30.6324
312.578502	-30.60496912
320.4758804	-30.40989498
322.9447529	-30.33064865
329.037702	-30.16300772
333.3140549	-29.76067181
337.5934216	-29.37357684
343.6833196	-29.03829498
346.1522294	-28.91637684
354.0495706	-28.69692047
354.707949	-28.67863088
363.2667196	-28.62376912
364.4158216	-28.62376912
371.8255274	-28.55671274
374.7851235	-28.54756912
380.3812471	-28.51099228
385.1544255	-28.46527181
388.9400549	-28.42564865
395.5206765	-28.27324865
397.4988255	-28.23057684
405.8899784	-27.94711274
406.0575961	-27.94101544
414.6164039	-27.70936912
416.2592804	-27.66974363
423.1721235	-27.5844
426.6254941	-27.57220772
431.7308941	-27.60268726
436.9947961	-27.77337684
440.289702	-27.85567181
447.364098	-28.14827953
448.8454216	-28.21533591
457.4042294	-28.67863088
457.7334	-28.69692047
465.959949	-29.15716912
468.099651	-29.23946409
474.5217706	-29.46806409
478.4689529	-29.63570502
483.0805784	-29.86125637
488.8382549	-30.21177684
491.636298	-30.42208726
499.2075196	-31.03168726
500.1951059	-31.10179228
508.7538765	-31.89427181
509.5737706	-32.004
517.3095961	-33.05860772
519.9430726	-33.32683088
525.8684039	-33.98215135
530.3123745	-34.33267181
534.4241235	-34.60699228
540.6786255	-34.82035135
542.9828941	-34.90569498
551.0479274	-35.26840772
551.5447529	-35.29584093
560.1004726	-35.99078456
561.4172294	-36.07917684
568.6592804	-36.44188726
571.7864941	-36.4998
577.215	-36.576
582.1496941	-36.74059228
585.7737706	-36.89299228
592.5189961	-37.28618456
594.3325784	-37.38372047
602.888298	-37.61232047
611.9805059	-37.12464093
621.0696255	-36.15232819
621.0726765	-36.15232819
630.1587451	-35.49700772
639.2509529	-34.60089498
648.3370588	-33.20491274
657.4291922	-31.25419228
666.5214	-28.88894363
675.6105568	-25.53919228
684.6996393	-22.00655907
693.7918471	-18.16607953
702.8810039	-15.53870386
709.1628902	-13.31976023
711.9732117	-12.32611158
721.0592432	-5.41629614
723.296502	-3.450335907
730.151451	2.58775193
738.4877607	3.691127895
739.679502	3.782567953
746.8239961	4.27329614
749.201451	4.431791988
755.1572549	4.809743919
758.726451	5.081016023
763.4934902	5.172455791
768.254502	5.599176256
771.826749	5.626607721
774.2103059	5.56564807
780.1630588	5.047487837
	
