 Elev(m)    Area(m2)     Peri(m)      Radi(m)   Conv(m3/s)    topWidth(m)    newI1(m3)    dPdA(1/m)
   -38.36        0.00        0.00         NaN                 NaN               0.000           0.000             NaN
   -37.49       22.80       68.43        0.33             438.188              68.391           9.911           3.002
   -36.62      124.90      146.17        0.85            4499.096             146.086          74.127           0.761
   -35.75      263.01      168.53        1.56           14154.045             168.376         242.778           0.162
   -34.88      415.58      182.61        2.28           28761.062             182.340         537.805           0.092
   -34.01      578.61      193.07        3.00           48110.004             192.644         970.048           0.064
   -33.14      750.88      204.36        3.67           71518.289             203.784        1548.067           0.066
   -32.28      934.87      222.85        4.19           97266.148             222.184        2280.972           0.101
   -31.41     1138.69      245.71        4.63          126604.102             244.964        3182.483           0.112
   -30.54     1360.42      265.88        5.12          161581.219             265.023        4269.011           0.091
   -29.67     1597.94      281.72        5.67          203290.281             280.682        5555.208           0.067
   -28.80     1847.72      294.60        6.27          251361.156             293.375        7053.269           0.052
   -27.93     2109.52      310.13        6.80          302923.312             308.724        8773.748           0.059
   -27.06     2383.02      322.54        7.39          361591.094             320.940       10726.954           0.045
   -26.19     2668.87      338.81        7.88          422633.969             337.042       12923.347           0.057
   -25.32     2968.39      353.36        8.40          490664.625             351.408       15374.238           0.049
   -24.45     3279.42      365.95        8.96          565944.000             363.819       18090.580           0.040
   -23.58     3600.81      377.77        9.53          647505.000             375.460       21081.871           0.037
   -22.71     3932.45      389.90       10.09          734288.062             387.415       24357.084           0.037
   -21.84     4274.73      402.32       10.63          826400.312             399.672       27925.293           0.036
   -20.97     4627.35      414.79       11.16          924114.438             411.982       31795.619           0.035
   -20.10     4992.48      431.07       11.58         1022243.750             428.118       35978.000           0.045
   -19.23     5371.26      445.59       12.05         1129522.125             442.495       40483.809           0.038
   -18.36     5761.80      459.24       12.55         1244410.375             455.939       45324.094           0.035
   -17.49     6165.07      475.69       12.96         1360632.500             472.190       50509.504           0.041
   -16.62     6583.73      494.21       13.32         1479928.375             490.511       56052.262           0.044
   -15.75     7017.92      512.86       13.68         1605995.875             508.962       61965.809           0.043
   -14.88     7469.80      533.90       13.99         1734869.750             529.817       68264.586           0.047
   -14.02     7938.28      551.39       14.40         1879157.250             547.109       74963.508           0.037
   -13.15     8421.28      568.39       14.82         2032019.500             563.904       82076.102           0.035
   -12.28     8931.87      608.44       14.68         2142000.750             603.750       89620.680           0.078
   -11.41     9460.32      615.36       15.37         2339645.750             610.390       97616.992           0.013
   -10.54     9993.27      620.70       16.10         2548700.000             615.433      106074.766           0.010
    -9.67    10530.60      626.04       16.82         2765341.000             620.475      114997.859           0.010
    -8.80    11072.13      630.72       17.55         2991480.000             624.817      124390.000           0.009
    -7.93    11617.13      635.14       18.29         3225864.750             628.863      134254.547           0.008
    -7.06    12165.96      640.10       19.01         3465820.000             633.486      144594.641           0.009
    -6.19    12718.81      645.06       19.72         3713107.000             638.108      155413.703           0.009
    -5.32    13275.67      650.01       20.42         3967699.000             642.724      166715.234           0.009
    -4.45    13836.54      655.03       21.12         4229248.500             647.413      178502.734           0.009
    -3.58    14401.76      660.53       21.80         4495959.500             652.626      190779.797           0.010
    -2.71    14971.50      666.07       22.48         4769699.500             657.874      203550.312           0.010
    -1.84    15546.12      672.26       23.13         5047473.500             663.801      216818.375           0.011
    -0.97    16125.92      678.70       23.76         5331090.500             669.995      230588.328           0.011
    -0.10    16711.84      686.94       24.33         5612482.500             678.043      244865.094           0.014
     0.77    17305.23      695.88       24.87         5897485.500             686.805      259654.578           0.015
     1.64    17908.62      711.50       25.17         6152465.000             702.304      274964.375           0.026
     2.51    18548.09      820.44       22.61         5931881.000             811.090      290814.562           0.170
     3.38    19326.82      974.25       19.84         5665190.000             964.675      307281.312           0.198
     4.25    20180.41     1012.01       19.94         5935901.500            1002.241      324457.750           0.044
     5.11    21062.78     1034.29       20.36         6282861.500            1024.433      342388.906           0.025
     5.98    21953.56     1034.29       21.23         6731929.000            1024.433      361090.969           0.000
     6.85    22844.34     1034.29       22.09         7193313.000            1024.433      380567.625           0.000
     7.72    23735.12     1034.29       22.95         7666848.500            1024.433      400818.812           0.000
     8.59    24625.89     1034.29       23.81         8152384.500            1024.433      421844.562           0.000
     9.46    25516.67     1034.29       24.67         8649774.000            1024.433      443644.906           0.000
    10.33    26407.45     1034.29       25.53         9158875.000            1024.433      466219.750           0.000
    11.20    27298.23     1034.29       26.39         9679557.000            1024.433      489569.219          -0.000
    12.07    28189.01     1034.29       27.25        10211690.000            1024.433      513693.219           0.000
    12.94    29079.79     1034.29       28.12        10755155.000            1024.433      538591.750           0.000
    13.81    29970.57     1034.29       28.98        11309833.000            1024.433      564264.938           0.000
    14.68    30861.34     1034.29       29.84        11875613.000            1024.433      590712.625           0.000
    15.55    31752.12     1034.29       30.70        12452386.000            1024.433      617934.875           0.000
    16.42    32642.90     1034.29       31.56        13040050.000            1024.433      645931.688           0.000
    17.29    33533.68     1034.29       32.42        13638501.000            1024.433      674703.062           0.000
    18.16    34424.46     1034.29       33.28        14247650.000            1024.433      704249.000           0.000
    19.03    35315.24     1034.29       34.14        14867395.000            1024.433      734569.500           0.000
    19.90    36206.02     1034.29       35.01        15497651.000            1024.433      765664.562           0.000
    20.77    37096.79     1034.29       35.87        16138330.000            1024.433      797534.188           0.000
    21.64    37987.57     1034.29       36.73        16789352.000            1024.433      830178.375           0.000
    22.51    38878.35     1034.29       37.59        17450628.000            1024.433      863597.125           0.000
    23.37    39769.13     1034.29       38.45        18122084.000            1024.433      897790.438           0.000
    24.24    40659.91     1034.29       39.31        18803644.000            1024.433      932758.312           0.000
    25.11    41550.69     1034.29       40.17        19495228.000            1024.433      968500.750           0.000
    25.98    42441.46     1034.29       41.03        20196770.000            1024.433     1005017.750           0.000
    26.85    43332.25     1034.29       41.90        20908200.000            1024.433     1042309.312           0.000
    27.72    44223.02     1034.29       42.76        21629444.000            1024.433     1080375.375           0.000
    28.59    45113.80     1034.29       43.62        22360440.000            1024.433     1119216.125           0.000
    29.46    46004.58     1034.29       44.48        23101126.000            1024.433     1158831.375           0.000
    30.33    46895.36     1034.29       45.34        23851430.000            1024.433     1199221.125           0.000
    31.20    47786.14     1034.29       46.20        24611300.000            1024.433     1240385.500          -0.000
    32.07    48676.92     1034.29       47.06        25380672.000            1024.433     1282324.500           0.000
    32.94    49567.70     1034.29       47.92        26159484.000            1024.433     1325038.000           0.000
    33.81    50458.47     1034.29       48.79        26947686.000            1024.433     1368526.000           0.000
    34.68    51349.25     1034.29       49.65        27745222.000            1024.433     1412788.625           0.000
    35.55    52240.03     1034.29       50.51        28552032.000            1024.433     1457825.750           0.000
    36.42    53130.81     1034.29       51.37        29368066.000            1024.433     1503637.500           0.000
    37.29    54021.59     1034.29       52.23        30193278.000            1024.433     1550223.875           0.000
    38.16    54912.37     1034.29       53.09        31027604.000            1024.433     1597584.750           0.000
    39.03    55803.14     1034.29       53.95        31871008.000            1024.433     1645720.125          -0.000
    39.90    56693.93     1034.29       54.81        32723434.000            1024.433     1694630.125           0.000
    40.77    57584.70     1034.29       55.68        33584832.000            1024.433     1744314.625           0.000
    41.63    58475.48     1034.29       56.54        34455164.000            1024.433     1794773.750           0.000
    42.50    59366.26     1034.29       57.40        35334380.000            1024.433     1846007.500           0.000
    43.37    60257.04     1034.29       58.26        36222436.000            1024.433     1898015.750           0.000
    44.24    61147.82     1034.29       59.12        37119280.000            1024.433     1950798.500           0.000
    45.11    62038.59     1034.29       59.98        38024884.000            1024.433     2004355.625           0.000
    45.98    62929.37     1034.29       60.84        38939196.000            1024.433     2058687.500           0.000
    46.85    63820.15     1034.29       61.70        39862176.000            1024.433     2113794.000           0.000
    47.72    64710.93     1034.29       62.57        40793788.000            1024.433     2169675.000           0.000
    48.59    65601.70     1034.29       63.43        41733984.000            1024.433     2226330.750           0.000
