 Elev(m)    Area(m2)     Peri(m)      Radi(m)   Conv(m3/s)    topWidth(m)    newI1(m3)    dPdA(1/m)
   -23.74        0.00        0.00         NaN                 NaN               0.000           0.000             NaN
   -23.05       12.79       29.89        0.43             290.484              29.847           4.443           2.337
   -22.35       40.10       49.52        0.81            1393.447              49.399          22.815           0.719
   -21.66       81.06       69.72        1.16            3585.236              69.519          64.903           0.493
   -20.96      139.73      125.87        1.11            5992.088             125.595         141.601           0.957
   -20.27      237.92      154.09        1.54           12713.020             153.733         272.787           0.287
   -19.57      351.76      176.15        2.00           22312.105             175.721         477.628           0.194
   -18.88      483.25      201.00        2.40           34690.918             200.504         767.695           0.189
   -18.18      628.65      217.51        2.89           51021.668             216.946        1153.950           0.114
   -17.49      783.89      230.31        3.40           70947.258             229.667        1644.638           0.082
   -16.79      948.17      244.29        3.88           93670.797             243.572        2246.321           0.085
   -16.10     1123.10      261.40        4.30          118728.398             260.618        2965.840           0.098
   -15.40     1311.35      284.10        4.62          145416.391             283.261        3811.521           0.121
   -14.71     1519.35      312.14        4.87          174553.109             311.242        4794.854           0.135
   -14.01     1749.53      373.38        4.69          195957.797             372.428        5930.397           0.266
   -13.32     2050.54      463.66        4.42          220990.125             462.668        7250.467           0.300
   -12.62     2413.88      573.68        4.21          251653.656             572.612        8801.319           0.303
   -11.93     2817.51      589.82        4.78          319662.031             588.665       10618.602           0.040
   -11.24     3231.19      603.17        5.36          395705.688             601.897       12719.803           0.032
   -10.54     3653.36      614.72        5.94          479471.875             613.312       15111.358           0.027
    -9.85     4082.77      624.36        6.54          571075.312             622.811       17798.742           0.022
    -9.15     4518.23      632.04        7.15          670677.188             630.323       20786.566           0.018
    -8.46     4958.57      639.11        7.76          777328.312             637.232       24078.623           0.016
    -7.76     5403.42      645.13        8.38          891402.500             643.080       27678.174           0.014
    -7.07     5852.10      650.78        8.99         1012256.500             648.541       31588.123           0.013
    -6.37     6304.65      656.72        9.60         1139136.625             654.303       35811.145           0.013
    -5.68     6760.99      661.98       10.21         1273057.375             659.372       40349.891           0.012
    -4.98     7220.97      667.72       10.81         1412503.000             664.942       45206.953           0.012
    -4.29     7685.01      673.82       11.41         1557538.875             670.877       50385.000           0.013
    -3.59     8153.17      680.05       11.99         1708348.625             676.952       55886.871           0.013
    -2.90     8625.79      686.80       12.56         1864250.250             683.557       61715.559           0.014
    -2.20     9103.00      693.56       13.12         2026016.750             690.175       67874.195           0.014
    -1.51     9584.84      700.66       13.68         2192957.000             697.122       74365.992           0.015
    -0.81    10071.26      706.66       14.25         2368050.750             702.958       81194.141           0.012
    -0.12    10561.64      712.56       14.82         2549155.250             708.689       88361.609           0.012
     0.58    11055.94      718.33       15.39         2736327.250             714.287       95871.133           0.012
     1.27    11554.09      723.97       15.96         2929572.750             719.743      103725.414           0.011
     1.97    12056.04      729.65       16.52         3128409.250             725.240      111927.117           0.011
     2.66    12561.90      735.62       17.08         3332102.750             731.024      120478.914           0.012
     3.35    13071.76      741.37       17.63         3542085.250             736.585      129383.547           0.011
     4.05    13585.55      747.27       18.18         3757249.500             742.302      138643.781           0.011
     4.74    14103.14      752.81       18.73         3979204.750             747.658      148262.297           0.011
     5.44    14628.92      787.83       18.57         4103243.250             782.487      158243.250           0.067
     6.13    15187.98      832.03       18.25         4211805.500             826.504      168601.062           0.079
     6.83    15779.25      889.60       17.74         4292799.000             883.969      179358.484           0.097
     7.52    16411.06      941.96       17.42         4411636.000             936.195      190540.766           0.083
     8.22    17064.99      951.42       17.94         4677215.000             945.553      202169.688           0.014
     8.91    17724.36      958.55       18.49         4957538.500             952.546      214254.828           0.011
     9.61    18388.58      965.79       19.04         5244691.000             959.640      226799.766           0.011
    10.30    19058.17      974.88       19.55         5532143.500             968.626      239808.047           0.014
    11.00    19734.77      984.87       20.04         5823633.000             978.527      253283.953           0.015
    11.69    20414.61      984.87       20.73         6161821.000             978.527      267231.062           0.000
    12.39    21094.45      984.87       21.42         6507602.500             978.527      281650.500           0.000
    13.08    21774.29      984.87       22.11         6860895.500             978.527      296542.281           0.000
    13.78    22454.13      984.87       22.80         7221619.000             978.527      311906.375           0.000
    14.47    23133.98      984.87       23.49         7589698.500             978.527      327742.781           0.000
    15.17    23813.82      984.87       24.18         7965061.500             978.527      344051.562           0.000
    15.86    24493.66      984.87       24.87         8347637.500             978.527      360832.625           0.000
    16.56    25173.51      984.87       25.56         8737360.000             978.527      378086.062           0.000
    17.25    25853.35      984.87       26.25         9134160.000             978.527      395811.750           0.000
    17.94    26533.19      984.87       26.94         9537980.000             978.527      414009.812           0.000
    18.64    27213.03      984.87       27.63         9948758.000             978.527      432680.188           0.000
    19.33    27892.87      984.87       28.32        10366435.000             978.527      451822.938           0.000
    20.03    28572.72      984.87       29.01        10790956.000             978.527      471437.969           0.000
    20.72    29252.56      984.87       29.70        11222263.000             978.527      491525.375           0.000
    21.42    29932.40      984.87       30.39        11660305.000             978.527      512085.062           0.000
    22.11    30612.24      984.87       31.08        12105033.000             978.527      533117.125           0.000
    22.81    31292.09      984.87       31.77        12556392.000             978.527      554621.500           0.000
    23.50    31971.93      984.87       32.46        13014338.000             978.527      576598.188           0.000
    24.20    32651.77      984.87       33.15        13478823.000             978.527      599047.188           0.000
    24.89    33331.61      984.87       33.84        13949798.000             978.527      621968.500           0.000
    25.59    34011.45      984.87       34.53        14427220.000             978.527      645362.125           0.000
    26.28    34691.30      984.87       35.22        14911051.000             978.527      669228.188           0.000
    26.98    35371.14      984.87       35.91        15401244.000             978.527      693566.500           0.000
    27.67    36050.98      984.87       36.60        15897757.000             978.527      718377.125          -0.000
    28.37    36730.82      984.87       37.30        16400553.000             978.527      743660.125           0.000
    29.06    37410.67      984.87       37.99        16909592.000             978.527      769415.438           0.000
    29.76    38090.51      984.87       38.68        17424836.000             978.527      795643.125           0.000
    30.45    38770.35      984.87       39.37        17946246.000             978.527      822343.062           0.000
    31.15    39450.20      984.87       40.06        18473788.000             978.527      849515.375           0.000
    31.84    40130.04      984.87       40.75        19007424.000             978.527      877159.938           0.000
    32.53    40809.88      984.87       41.44        19547124.000             978.527      905277.000           0.000
    33.23    41489.72      984.87       42.13        20092852.000             978.527      933866.188           0.000
    33.92    42169.57      984.87       42.82        20644574.000             978.527      962927.875           0.000
    34.62    42849.41      984.87       43.51        21202256.000             978.527      992461.750           0.000
    35.31    43529.25      984.87       44.20        21765870.000             978.527     1022468.125           0.000
    36.01    44209.09      984.87       44.89        22335380.000             978.527     1052946.625           0.000
    36.70    44888.93      984.87       45.58        22910762.000             978.527     1083897.500           0.000
    37.40    45568.78      984.87       46.27        23491982.000             978.527     1115320.750           0.000
    38.09    46248.62      984.87       46.96        24079010.000             978.527     1147216.250           0.000
    38.79    46928.46      984.87       47.65        24671822.000             978.527     1179584.250           0.000
    39.48    47608.30      984.87       48.34        25270384.000             978.527     1212424.500           0.000
    40.18    48288.15      984.87       49.03        25874678.000             978.527     1245737.125           0.000
    40.87    48967.99      984.87       49.72        26484662.000             978.527     1279521.875           0.000
    41.57    49647.83      984.87       50.41        27100326.000             978.527     1313779.250           0.000
    42.26    50327.67      984.87       51.10        27721630.000             978.527     1348508.750           0.000
    42.96    51007.51      984.87       51.79        28348556.000             978.527     1383710.500           0.000
    43.65    51687.36      984.87       52.48        28981082.000             978.527     1419384.750           0.000
    44.35    52367.20      984.87       53.17        29619174.000             978.527     1455531.250           0.000
    45.04    53047.04      984.87       53.86        30262816.000             978.527     1492150.250           0.000
    45.74    53726.88      984.87       54.55        30911976.000             978.527     1529241.250           0.000
