   886.375122      -34.3313293    
   922.448975      -34.3313293    
 NaN NaN
   870.551453      -33.5100784    
   928.716980      -33.5100784    
 NaN NaN
   846.876221      -32.6888237    
   932.874878      -32.6888237    
 NaN NaN
   815.491333      -31.8675709    
   936.845154      -31.8675709    
 NaN NaN
   721.517883      -31.0463181    
   940.127930      -31.0463181    
 NaN NaN
   710.234009      -30.2250652    
   943.410706      -30.2250652    
 NaN NaN
   698.011841      -29.4038124    
   946.778564      -29.4038124    
 NaN NaN
   685.592224      -28.5825596    
   950.252319      -28.5825596    
 NaN NaN
   664.136108      -27.7613068    
   953.726074      -27.7613068    
 NaN NaN
   639.936401      -26.9400520    
   957.163513      -26.9400520    
 NaN NaN
   613.928955      -26.1187992    
   960.593445      -26.1187992    
 NaN NaN
   590.433899      -25.2975464    
   964.381836      -25.2975464    
 NaN NaN
   563.024353      -24.4762936    
   969.811951      -24.4762936    
 NaN NaN
   553.436890      -23.6550407    
   974.617126      -23.6550407    
 NaN NaN
   546.888855      -22.8337879    
   978.810486      -22.8337879    
 NaN NaN
   541.191589      -22.0125351    
   984.430603      -22.0125351    
 NaN NaN
   535.824280      -21.1912804    
   993.182251      -21.1912804    
 NaN NaN
   531.114685      -20.3700275    
   1002.01617      -20.3700275    
 NaN NaN
   526.475891      -19.5487747    
   1008.92542      -19.5487747    
 NaN NaN
   522.216858      -18.7275219    
   1012.49420      -18.7275219    
 NaN NaN
   517.957092      -17.9062691    
   1016.06293      -17.9062691    
 NaN NaN
   513.668152      -17.0850163    
   1019.34894      -17.0850163    
 NaN NaN
   509.379181      -16.2637615    
   1022.32098      -16.2637615    
 NaN NaN
   505.905334      -15.4425087    
   1025.29297      -15.4425087    
 NaN NaN
   502.518097      -14.6212559    
   1027.96704      -14.6212559    
 NaN NaN
   499.103241      -13.8000031    
   1030.22217      -13.8000031    
 NaN NaN
   495.590820      -12.9787502    
   1032.47717      -12.9787502    
 NaN NaN
   492.078400      -12.1574965    
   1034.73230      -12.1574965    
 NaN NaN
   487.923126      -11.3362436    
   1036.79980      -11.3362436    
 NaN NaN
   483.396393      -10.5149908    
   1038.56799      -10.5149908    
 NaN NaN
   478.703278      -9.69373703    
   1040.33618      -9.69373703    
 NaN NaN
   473.910736      -8.87248421    
   1042.10437      -8.87248421    
 NaN NaN
   469.034180      -8.05123138    
   1043.87256      -8.05123138    
 NaN NaN
   464.126404      -7.22997808    
   1045.95166      -7.22997808    
 NaN NaN
   459.545593      -6.40872478    
   1048.99023      -6.40872478    
 NaN NaN
   455.010468      -5.58747196    
   1052.02869      -5.58747196    
 NaN NaN
   452.223999      -4.76621866    
   1055.12463      -4.76621866    
 NaN NaN
   449.691437      -3.94496536    
   1058.38989      -3.94496536    
 NaN NaN
   447.158875      -3.12371230    
   1061.65515      -3.12371230    
 NaN NaN
   444.764679      -2.30245924    
   1065.29456      -2.30245924    
 NaN NaN
   442.718750      -1.48120618    
   1069.35583      -1.48120618    
 NaN NaN
   440.672821     -0.659952998    
   1076.81042     -0.659952998    
 NaN NaN
   438.626892      0.161300123    
   1085.75305      0.161300123    
 NaN NaN
   436.580963      0.982553244    
   1091.11096      0.982553244    
 NaN NaN
   99.3952942       1.80380630    
   104.367462       1.80380630    
 NaN NaN
   119.226852       1.80380630    
   167.639023       1.80380630    
 NaN NaN
   175.371658       1.80380630    
   256.907379       1.80380630    
 NaN NaN
   328.730927       1.80380630    
   1094.69653       1.80380630    
 NaN NaN
   0.00000000       2.62505960    
   1098.28210       2.62505960    
 NaN NaN
   0.00000000       3.44631267    
   1108.48584       3.44631267    
 NaN NaN
   1109.74500       3.44631267    
   1164.93335       3.44631267    
 NaN NaN
   0.00000000       4.26756573    
   1174.90515       4.26756573    
 NaN NaN
   0.00000000       5.08881903    
   1178.22351       5.08881903    
 NaN NaN
   0.00000000       5.91007185    
   1181.54199       5.91007185    
 NaN NaN
   0.00000000       6.73132515    
   1181.54199       6.73132515    
 NaN NaN
   0.00000000       7.55257797    
   1181.54199       7.55257797    
 NaN NaN
   0.00000000       8.37383175    
   1181.54199       8.37383175    
 NaN NaN
   0.00000000       9.19508457    
   1181.54199       9.19508457    
 NaN NaN
   0.00000000       10.0163374    
   1181.54199       10.0163374    
 NaN NaN
   0.00000000       10.8375912    
   1181.54199       10.8375912    
 NaN NaN
   0.00000000       11.6588440    
   1181.54199       11.6588440    
 NaN NaN
   0.00000000       12.4800968    
   1181.54199       12.4800968    
 NaN NaN
   0.00000000       13.3013496    
   1181.54199       13.3013496    
 NaN NaN
   0.00000000       14.1226034    
   1181.54199       14.1226034    
 NaN NaN
   0.00000000       14.9438562    
   1181.54199       14.9438562    
 NaN NaN
   0.00000000       15.7651091    
   1181.54199       15.7651091    
 NaN NaN
   0.00000000       16.5863628    
   1181.54199       16.5863628    
 NaN NaN
   0.00000000       17.4076157    
   1181.54199       17.4076157    
 NaN NaN
   0.00000000       18.2288685    
   1181.54199       18.2288685    
 NaN NaN
   0.00000000       19.0501213    
   1181.54199       19.0501213    
 NaN NaN
   0.00000000       19.8713741    
   1181.54199       19.8713741    
 NaN NaN
   0.00000000       20.6926289    
   1181.54199       20.6926289    
 NaN NaN
   0.00000000       21.5138817    
   1181.54199       21.5138817    
 NaN NaN
   0.00000000       22.3351345    
   1181.54199       22.3351345    
 NaN NaN
   0.00000000       23.1563873    
   1181.54199       23.1563873    
 NaN NaN
   0.00000000       23.9776402    
   1181.54199       23.9776402    
 NaN NaN
   0.00000000       24.7988930    
   1181.54199       24.7988930    
 NaN NaN
   0.00000000       25.6201477    
   1181.54199       25.6201477    
 NaN NaN
   0.00000000       26.4414005    
   1181.54199       26.4414005    
 NaN NaN
   0.00000000       27.2626534    
   1181.54199       27.2626534    
 NaN NaN
   0.00000000       28.0839062    
   1181.54199       28.0839062    
 NaN NaN
   0.00000000       28.9051590    
   1181.54199       28.9051590    
 NaN NaN
   0.00000000       29.7264118    
   1181.54199       29.7264118    
 NaN NaN
   0.00000000       30.5476646    
   1181.54199       30.5476646    
 NaN NaN
   0.00000000       31.3689194    
   1181.54199       31.3689194    
 NaN NaN
   0.00000000       32.1901703    
   1181.54199       32.1901703    
 NaN NaN
   0.00000000       33.0114250    
   1181.54199       33.0114250    
 NaN NaN
   0.00000000       33.8326797    
   1181.54199       33.8326797    
 NaN NaN
   0.00000000       34.6539307    
   1181.54199       34.6539307    
 NaN NaN
   0.00000000       35.4751854    
   1181.54199       35.4751854    
 NaN NaN
   0.00000000       36.2964363    
   1181.54199       36.2964363    
 NaN NaN
   0.00000000       37.1176910    
   1181.54199       37.1176910    
 NaN NaN
   0.00000000       37.9389420    
   1181.54199       37.9389420    
 NaN NaN
   0.00000000       38.7601967    
   1181.54199       38.7601967    
 NaN NaN
   0.00000000       39.5814514    
   1181.54199       39.5814514    
 NaN NaN
   0.00000000       40.4027023    
   1181.54199       40.4027023    
 NaN NaN
   0.00000000       41.2239571    
   1181.54199       41.2239571    
 NaN NaN
   0.00000000       42.0452080    
   1181.54199       42.0452080    
 NaN NaN
   0.00000000       42.8664627    
   1181.54199       42.8664627    
 NaN NaN
   0.00000000       43.6877136    
   1181.54199       43.6877136    
 NaN NaN
   0.00000000       44.5089684    
   1181.54199       44.5089684    
 NaN NaN
   0.00000000       45.3302231    
   1181.54199       45.3302231    
 NaN NaN
   0.00000000       46.1514740    
   1181.54199       46.1514740    
 NaN NaN
   0.00000000       46.9727287    
   1181.54199       46.9727287    
 NaN NaN
