 Elev(m)    dbdxp(-)    dbdxc(-)      I2p     I2c
  -22.3799992       0.00000000       0.00000000       0.00000000       0.00000000    
  -21.7000008       6.79297745E-03  -5.26315533E-03   7.85264478E-04  -6.08417904E-04
  -21.0100002       6.14976184E-03  -5.37428632E-03   3.87506816E-03  -3.07283457E-03
  -20.3299999       5.30203758E-03   2.71420367E-03   9.76177864E-03  -7.05654966E-03
  -19.6499996       1.19395535E-02  -1.04807066E-02   1.89654380E-02  -1.22455740E-02
  -18.9599991       1.16082840E-02  -1.78260859E-02   3.30490060E-02  -2.16941722E-02
  -18.2800007       8.16918071E-03  -1.90508664E-02   5.19762598E-02  -3.85884419E-02
  -17.5900002       4.83630924E-03  -1.88144371E-02   7.50052407E-02  -6.44340813E-02
  -16.9099998       1.76596071E-03  -1.76597629E-02   9.99889001E-02  -9.85622033E-02
  -16.2299995      -2.79135513E-03   1.80466194E-03  0.125617251     -0.138739586    
  -15.5400000       2.38098204E-03   3.05024954E-03  0.151454747     -0.180806354    
  -14.8599997      -6.59581088E-03  -1.87193789E-03  0.176382437     -0.221557930    
  -14.1800003      -2.82459846E-03  -1.13180010E-02  0.199733883     -0.263697982    
  -13.4899998       1.12226058E-03  -8.03900603E-03  0.222126961     -0.310242653    
  -12.8100004       5.56393573E-03   4.33124369E-03  0.244768754     -0.358811408    
  -12.1199999       1.86902341E-02  -1.90358739E-02  0.271331608     -0.410229266    
  -11.4399996      -1.02247922E-02  -1.87901910E-02  0.301332504     -0.466999054    
  -10.7600002      -1.71686672E-02  -1.32433036E-02  0.329145283     -0.531844556    
  -10.0699997      -2.00756416E-02  -8.21662694E-03  0.349848449     -0.603882015    
  -9.39000034      -3.28180492E-02  -2.05470677E-02  0.359769225     -0.680717170    
  -8.69999981      -3.89786400E-02  -1.46108298E-02  0.355331838     -0.766120553    
  -8.02000046      -4.18022498E-02  -9.43954010E-03  0.333200544     -0.857189417    
  -7.34000015      -4.30639423E-02  -1.29231932E-02  0.291920453     -0.953623831    
  -6.65000010      -5.05367778E-02  -1.50655713E-02  0.229258344      -1.05733490    
  -5.96999979      -7.01744854E-02  -1.92699246E-02  0.142573118      -1.16679454    
  -5.28999996      -8.94103497E-02  -3.34554873E-02   2.34858170E-02  -1.28631830    
  -4.59999990       4.85616475E-02 -0.166203365     -0.120794192      -1.43686497    
  -3.92000008     -0.126755938     -0.148113206     -0.276812911      -1.64497972    
  -3.23000002     -0.266811579     -0.144811824     -0.489794433      -1.92688620    
  -2.54999995     -0.132350788     -0.216038510     -0.791988015      -2.28077412    
  -1.87000000     -0.140143141      -8.47815424E-02  -1.17182493      -2.71115112    
  -1.17999995     -0.152683601      -6.25094250E-02  -1.62306178      -3.20017004    
 -0.500000000     -0.171298593      -4.30121310E-02  -2.13955235      -3.71157336    
  0.189999998     -0.215299040      -1.76462643E-02  -2.74633217      -4.24988747    
  0.870000005     -0.263971090       1.41078318E-02  -3.44505978      -4.78792238    
   1.54999995     -0.297552794       3.63532230E-02  -4.26410294      -5.32053280    
   2.24000001     -0.346236378       3.95585783E-02  -5.23547935      -5.84628201    
   2.92000008     -0.338251799      -1.98780019E-02  -6.34740448      -6.35323334    
   3.59999990      -8.95293728E-02 -0.278793633      -7.58790779      -6.89243650    
   4.28999996      -9.81391966E-02 -0.283667833      -8.91852760      -7.53962326    
   4.96999979      -9.55410600E-02 -0.288518935      -10.2742605      -8.30953693    
   5.65999985      -8.93757269E-02 -0.314503163      -11.6940260      -9.22760105    
   6.34000015     -0.333814442     -0.395172387      -13.1638222      -10.2851171    
   7.01999998     -0.259148419     -0.667093933      -14.7510843      -11.5474682    
   7.71000004     -0.105829239     -0.667577446      -16.4734364      -13.1072760    
   8.39000034      0.114105940     -0.441223711      -18.2126713      -14.9291782    
   9.07999992      0.170113042     -0.154697299      -19.9436569      -16.9768219    
   9.76000023      0.169101626      -9.61851329E-02  -21.5770111      -19.0936813    
   10.4399996      0.167910367      -9.60062519E-02  -23.1321926      -21.2617550    
   11.1300001      0.167556241      -9.44425613E-02  -24.6319351      -23.5062771    
   11.8100004      0.177038997      -8.94433856E-02  -26.0307636      -25.7618618    
   12.4899998      0.177038997      -7.81822130E-02  -27.3488255      -28.0580769    
   13.1800003      0.177038997      -7.81822130E-02  -28.6038094      -30.4258022    
   13.8599997      0.177038997      -7.81822130E-02  -29.7581444      -32.7956238    
   14.5500002      0.177038997      -7.81822130E-02  -30.8469944      -35.2367134    
   15.2299995      0.177038997      -7.81822130E-02  -31.8376045      -37.6788368    
   15.9099998      0.177038997      -7.81822130E-02  -32.7463570      -40.1571159    
   16.6000004      0.177038997      -7.81822130E-02  -33.5860062      -42.7082558    
   17.2800007      0.177038997      -7.81822130E-02  -34.3310280      -45.2588348    
   17.9699993      0.177038997      -7.81822130E-02  -35.0045433      -47.8833351    
   18.6499996      0.177038997      -7.81822130E-02  -35.5858421      -50.5062180    
   19.3299999      0.177038997      -7.81822130E-02  -36.0852814      -53.1652527    
   20.0200005      0.177038997      -7.81822130E-02  -36.5095978      -55.8998070    
   20.7000008      0.177038997      -7.81822130E-02  -36.8453064      -58.6311455    
   21.3799992      0.177038997      -7.81822130E-02  -37.0991554      -61.3986244    
   22.0699997      0.177038997      -7.81822130E-02  -37.2742729      -64.2432327    
   22.7500000      0.177038997      -7.81822130E-02  -37.3643951      -67.0830231    
   23.4400005      0.177038997      -7.81822130E-02  -37.3733788      -70.0009918    
   24.1200008      0.177038997      -7.81822130E-02  -37.2997780      -72.9130859    
   24.7999992      0.177038997      -7.81822130E-02  -37.1443138      -75.8613281    
   25.4899998      0.177038997      -7.81822130E-02  -36.9040985      -78.8893433    
   26.1700001      0.177038997      -7.81822130E-02  -36.5849075      -81.9098969    
   26.8600006      0.177038997      -7.81822130E-02  -36.1785583      -85.0112762    
   27.5400009      0.177038997      -7.81822130E-02  -35.6956444      -88.1041336    
   28.2199993      0.177038997      -7.81822130E-02  -35.1308670      -91.2331238    
   28.9099998      0.177038997      -7.81822130E-02  -34.4753189      -94.4445572    
   29.5900002      0.177038997      -7.81822130E-02  -33.7468147      -97.6458664    
   30.2700005      0.177038997      -7.81822130E-02  -32.9364471      -100.883324    
   30.9599991      0.177038997      -7.81822130E-02  -32.0317001      -104.204796    
   31.6399994      0.177038997      -7.81822130E-02  -31.0576096      -107.514557    
   32.3300018      0.177038997      -7.81822130E-02  -29.9867268      -110.909416    
   33.0099983      0.177038997      -7.81822130E-02  -28.8489151      -114.291458    
   33.6899986      0.177038997      -7.81822130E-02  -27.6292362      -117.709671    
   34.3800011      0.177038997      -7.81822130E-02  -26.3091507      -121.214584    
   35.0600014      0.177038997      -7.81822130E-02  -24.9257469      -124.705101    
   35.7500000      0.177038997      -7.81822130E-02  -23.4395351      -128.283356    
   36.4300003      0.177038997      -7.81822130E-02  -21.8924065      -131.846176    
   37.1100006      0.177038997      -7.81822130E-02  -20.2634125      -135.445145    
   37.7999992      0.177038997      -7.81822130E-02  -18.5280037      -139.133453    
   38.4799995      0.177038997      -7.81822130E-02  -16.7352848      -142.804718    
   39.1599998      0.177038997      -7.81822130E-02  -14.8607044      -146.512146    
   39.8499985      0.177038997      -7.81822130E-02  -12.8760958      -150.310501    
   40.5299988      0.177038997      -7.81822130E-02  -10.8377895      -154.090225    
   41.2200012      0.177038997      -7.81822130E-02  -8.68703651      -157.961960    
   41.9000015      0.177038997      -7.81822130E-02  -6.48500490      -161.813995    
   42.5800018      0.177038997      -7.81822130E-02  -4.20111084      -165.702179    
   43.2700005      0.177038997      -7.81822130E-02  -1.80117071      -169.683945    
   43.9500008      0.177038997      -7.81822130E-02  0.646449029      -173.644424    
   44.6399994      0.177038997      -7.81822130E-02   3.21252155      -177.699570    
   45.3199997      0.177038997      -7.81822130E-02   5.82386684      -181.732346    
   46.0000000      0.177038997      -7.81822130E-02   8.51707458      -185.801285    
