	RS=135.47* 
0	8.016239767
8.644128186	7.482839767
10.80516023	6.873239767
17.29130386	5.367528186
21.61336912	4.940807721
25.93238456	4.504943919
32.41852819	4.255008012
34.57651274	4.215383977
43.22064093	3.953256081
51.86781544	4.148327895
54.0258	4.453127895
60.51194363	5.239512163
64.83095907	5.41629614
69.15302549	5.681471814
75.63916912	5.958839767
77.79715367	6.028944209
86.44432354	6.379464093
87.68486177	6.32155193
95.08845637	5.958839767
97.24948726	5.839967953
103.7325799	5.693664093
108.0576927	5.590032047
112.3767127	5.5626
118.8628564	5.507735907
121.0208363	5.48944807
129.6649691	5.376671814
138.3090927	5.087112163
140.4701235	4.995671814
146.9562765	4.776216023
151.2752873	4.739640058
155.6004	4.706111872
162.083502	4.672583977
164.2414726	4.65429614
172.8856147	4.681727895
181.5327892	4.855464093
190.1769127	4.983480116
198.8210363	4.919471814
207.4651598	4.852416023
216.109302	4.760975965
224.7534255	4.608575965
233.397549	4.504943919
237.7196108	4.480559942
242.0416726	4.480559942
248.5278255	4.511040058
250.6888471	4.572
253.371102	4.65429614
259.3299382	4.834127895
267.9740618	5.065776256
270.1381529	5.151119884
276.6212363	5.202935907
280.946349	5.227319884
285.2653598	5.218176256
291.7515127	5.09930386
293.909502	5.062728186
302.5536255	4.818888128
311.197749	4.684775965
313.3587706	4.696967953
319.8418726	4.757927895
324.1639529	4.828032047
328.4859961	4.910328186
334.972149	4.861559942
337.1301196	4.855464093
345.7772941	4.626864093
354.4214549	4.462272105
356.5824765	4.410456081
363.0625274	4.203191988
367.3906726	4.102608012
371.709702	4.023359942
378.1958549	3.861816023
380.3538255	3.80390386
388.997949	3.633216023
389.001	3.633216023
397.6420726	3.715511872
399.8061451	3.770375965
406.2892471	3.96544807
410.6082765	4.099559942
414.9303196	4.218432047
421.4164726	4.325111872
423.5744804	4.358640058
432.2186039	4.319016023
440.8657784	4.376927895
443.0268	4.373880116
449.509902	4.41655193
453.8349961	4.41655193
458.1540255	4.4196
464.6401784	4.450080116
466.795098	4.456175965
475.4422726	4.410456081
475.4453235	4.410456081
484.0863961	4.431791988
486.2505059	4.465319884
492.7305196	4.559808012
497.058702	4.56895193
501.3746804	4.602480116
507.8638471	4.581143919
510.0218549	4.547616023
518.6659784	4.276343919
524.1371235	3.58444807
529.6083059	3.023616023
530.3611529	2.96875193
535.082502	2.685288128
540.5536471	2.407920029
542.0593784	2.331720029
546.0248294	1.993391988
551.4959745	1.581912017
553.7576039	1.414271959
556.9671196	1.036320029
562.438302	0.301752003
565.4558294	-0.100584004
567.912498	-0.310895994
573.3806294	-0.8382
577.1540549	-1.237487983
578.8517745	-1.341120029
584.3229196	-1.594104006
589.7971529	-1.74955193
595.268298	-1.837944064
600.7394804	-1.917191988
606.2106255	-2.011679971
611.6817706	-2.112263948
617.1560039	-2.2098
622.627149	-2.292095994
623.9439059	-2.310383977
628.0982941	-4.069080116
633.5663883	-6.379464093
635.6420941	-7.257287837
639.0406588	-8.84224807
644.5118039	-11.37818456
647.3403568	-12.68272819
649.982949	-12.96314363
655.4540941	-13.54531158
659.0385451	-13.93850386
660.9252393	-14.13052819
666.3964588	-14.68221544
670.7337568	-15.12112819
671.8706549	-15.20342433
677.3418	-15.62404749
682.4319451	-16.00504749
682.8129451	-16.03247953
688.2840902	-16.42567181
693.7553098	-16.87982433
694.1302078	-16.91030386
699.2264549	-17.32483205
704.6976	-17.72412047
705.8283961	-17.82165637
710.1687451	-18.16607953
715.6398902	-18.52879228
717.5266588	-18.66595251
721.1141607	-18.91893591
726.5853059	-19.31517567
729.227898	-19.53463088
732.056451	-19.77847181
737.5275961	-20.21128726
740.9261607	-20.49170502
742.9987412	-20.64410502
748.4699607	-21.03424865
752.6182471	-21.33904865
753.9411059	-21.42134363
759.412251	-21.77795907
764.3165098	-22.07971274
764.8833961	-22.11933591
770.3575922	-22.43327953
775.8288117	-22.64968726
776.014698	-22.65578456
781.2999568	-22.7838
786.771102	-22.9362
787.7160117	-22.97277684
792.2422471	-23.08555135
797.7133922	-23.32634363
799.4142	-23.3934
803.1875883	-23.56713591
808.6557568	-23.82926409
811.1123883	-23.93594363
814.126902	-24.05786409
819.601098	-24.20721544
822.8076	-24.33523088
825.0722432	-24.39924093
830.5433883	-24.53030502
834.5057883	-24.56992819
836.0146078	-24.58516912
841.4857529	-24.59126409
846.204051	-24.61564865
846.956898	-24.61564865
852.4310941	-24.67660772
857.9022393	-24.74366409
865.3088941	-24.69794363
872.7186	-24.69489498
880.1252549	-24.51506409
886.6083568	-24.29865637
887.5319098	-24.26207953
894.9384902	-23.96642316
902.3481961	-23.73477684
909.754851	-23.55799228
915.3144	-23.44216912
917.1645568	-23.39949498
924.5712117	-23.35987181
931.9808432	-23.19527953
939.3844471	-22.92400772
944.0204432	-22.75636912
946.7941529	-22.65578456
954.2008078	-22.35403088
961.6104393	-22.18334363
969.0170941	-22.02484865
972.7143568	-21.92426409
976.4268	-21.82367953
983.8334549	-21.57374363
991.2401098	-21.34514363
998.6466902	-21.18055135
1001.4204	-21.13483088
1006.056396	-21.05253591
1013.463051	-20.89404093
1020.872757	-20.65629498
1028.279412	-20.33625637
1030.126443	-20.24176912
1035.689043	-19.93392047
1043.092647	-19.51329498
1050.502353	-19.11705637
1057.909008	-18.79092047
1058.832561	-18.76348842
1065.318639	-18.50745637
1072.725294	-18.30933591
1080.135	-18.15998456
1087.538604	-18.00758456
1087.541655	-18.00758456
1094.951361	-17.72412047
1102.35489	-17.39188842
1109.764596	-17.06575251
1116.244647	-16.77923977
1117.171251	-16.73352047
1124.580957	-16.37385637
1131.987612	-16.002
1139.397243	-15.59356795
1144.95069	-15.26743205
1146.803898	-15.18208842
1150.281639	-15.00225637
1154.213604	-14.80108842
1161.617208	-14.48409614
1169.026839	-14.25244749
1173.656808	-14.09090386
1176.433494	-13.99946409
1183.8432	-13.76781544
1191.249855	-13.50568842
1198.659561	-13.10030386
1202.134251	-12.8778
1206.066141	-12.62786409
1213.475847	-12.16456795
1220.882502	-11.7348
1228.289157	-11.3538
1230.59949	-11.22883205
1235.695812	-10.81735251
1243.105443	-10.15288842
1250.512098	-9.44270386
1257.921804	-8.638032047
1259.077008	-8.476487837
1265.328384	-7.443216023
1272.73809	-4.779264093
1275.29838	-2.228087983
1280.14482	2.59384807
1287.5514	5.364480116
1295.076894	5.358383977
1302.605514	5.245607721
1310.131008	5.218176256
1311.636702	5.215128186
1317.656502	5.218176256
1325.185121	5.221223744
1332.710616	5.26389614
1335.715902	5.279135907
1340.23611	5.376671814
1347.761604	4.989576256
1355.287098	4.288535907
1359.801204	4.319016023
1362.815718	4.33730386
1370.341212	4.663440058
1377.866706	4.995671814
1383.886506	5.145023744
1385.395177	5.138928186
1392.92082	5.800344209
1400.446314	6.577583977
1407.971808	8.741664093
	
