 Elev(m)    dbdxp(-)    dbdxc(-)      I2p     I2c
  -28.0000000       0.00000000       0.00000000       0.00000000       0.00000000    
  -27.2700005      -2.44285609E-03  -8.23508017E-03  -3.25449102E-04  -1.09711720E-03
  -26.5400009       9.12497577E-04   6.36957213E-03  -1.18022901E-03  -3.53988353E-03
  -25.8099995       1.43500436E-02   2.47718915E-02  -2.05544013E-04  -2.08237255E-03
  -25.0799999       3.99399586E-02   3.24890651E-02   1.00352699E-02   1.11525431E-02
  -24.3400002       3.48078869E-02   3.98338325E-02   3.77064981E-02   4.19370532E-02
  -23.6100006       2.50855479E-02   3.50841507E-02   8.30759183E-02   9.20519009E-02
  -22.8799992       2.69733574E-02   4.65258211E-02  0.143360317      0.163020313    
  -22.1499996       3.20703015E-02   2.96882018E-02  0.218446180      0.255014628    
  -21.4200001       2.60582715E-02   2.24179886E-02  0.309142321      0.364104420    
  -20.6900005       2.05231067E-02   1.64166372E-02  0.413788408      0.485309750    
  -19.9599991       2.15807389E-02   1.14605296E-02  0.530249834      0.615403116    
  -19.2299995       1.40200704E-02   2.03800984E-02  0.657063186      0.753452003    
  -18.5000000       6.41900580E-03   4.03071381E-02  0.791342497      0.903827906    
  -17.7700005       2.24834383E-02   3.76543216E-02  0.932195246       1.07267523    
  -17.0300007       2.84000188E-02   3.30297127E-02   1.08565974       1.26378119    
  -16.2999992       4.28042822E-02   9.99781583E-03   1.25340760       1.46758163    
  -15.5699997       2.35786010E-02   1.17568998E-02   1.43948495       1.68001199    
  -14.8400002       1.26573797E-02   1.72506515E-02   1.63923371       1.89920533    
  -14.1099997       9.45638120E-03   3.76744755E-02   1.84675634       2.12958074    
  -13.3800001       2.38638781E-02   4.38406505E-02   2.06166387       2.37813306    
  -12.6499996       4.45260182E-02   3.71601246E-02   2.29012227       2.64833689    
  -11.9200001       4.97000106E-02   3.15159708E-02   2.54024458       2.93848109    
  -11.1899996       3.69596183E-02   3.33006606E-02   2.81446576       3.24641037    
  -10.4600000       2.88452208E-02   3.10662389E-02   3.10899854       3.57154965    
  -9.72000027       2.86868680E-02   2.83268970E-02   3.42411804       3.91774821    
  -8.98999977       3.02082822E-02   2.45733727E-02   3.75059390       4.27433586    
  -8.26000023       2.77727991E-02   2.22466011E-02   4.09263992       4.64420891    
  -7.53000021       3.28304991E-02   1.06349280E-02   4.45048475       5.02469969    
  -6.80000019       3.64196636E-02   2.23044702E-03   4.82562971       5.41128540    
  -6.07000017       2.53576525E-02  -3.67088220E-03   5.21823025       5.79939318    
  -5.34000015       8.15913919E-03   9.98173095E-03   5.62352657       6.18814993    
  -4.61000013       2.01555565E-02   8.92696436E-03   6.03706026       6.58026648    
  -3.88000011       8.21386464E-03   1.33651178E-02   6.45814562       6.97787189    
  -3.15000010       2.35522557E-02   1.13417413E-02   6.88724279       7.38173866    
  -2.41000009       3.04615740E-02   2.84585357E-02   7.33370399       7.79977703    
  -1.67999995      -1.32658342E-02  0.133580551       7.78371620       8.23912811    
 -0.949999988       2.59527955E-02  -1.89469662E-02   8.23770905       8.71533871    
 -0.219999999      -1.98111162E-02  -2.85979379E-02   8.69421101       9.20048714    
  0.509999990      -3.23743895E-02   3.56069114E-03   9.14457798       9.67596626    
   1.24000001      -2.04704143E-02  0.199960932       9.58095264       10.1752234    
   1.97000003      -8.46697204E-03  0.409818172       10.0064316       10.7828321    
   2.70000005      0.290617764      0.112051114       10.4656458       11.5412054    
   3.43000007      0.257993221      0.103426620       11.0355368       12.3978109    
   4.15999985       9.77170169E-02  0.404297709       11.7259073       13.3507652    
   4.88999987      0.148443788      0.614403427       12.4964609       14.5070782    
   5.63000011      0.427235961      0.880710721       13.3875093       16.0159931    
   6.36000013      0.710489810      0.551498353       14.4958220       17.8971996    
   7.09000015      0.727569759      0.195450306       15.9472923       20.0687256    
   7.82000017      0.335497737      0.201562583       17.7319756       22.3926563    
   8.55000019      0.217840195      0.132434264       19.7320042       24.8139744    
   9.27999973      0.163732991      0.132434264       21.8565845       27.3150749    
   10.0100002      0.132437229      0.132434264       24.0714607       29.8867531    
   10.7399998      0.132437229      0.132434264       26.3610802       32.5290031    
   11.4700003      0.132437229      0.132434264       28.7212772       35.2418289    
   12.1999998      0.132437229      0.132434264       31.1520462       38.0252266    
   12.9399996      0.132437229      0.132434264       33.6871758       40.9178123    
   13.6700001      0.132437229      0.132434264       36.2590981       43.8423615    
   14.3999996      0.132437229      0.132434264       38.9015961       46.8374786    
   15.1300001      0.132437229      0.132434264       41.6146698       49.9031792    
   15.8599997      0.132437229      0.132434264       44.3983192       53.0394478    
   16.5900002      0.132437229      0.132434264       47.2525482       56.2462921    
   17.3199997      0.132437229      0.132434264       50.1773453       59.5237083    
   18.0499992      0.132437229      0.132434264       53.1727219       62.8717003    
   18.7800007      0.132437229      0.132434264       56.2386818       66.2902756    
   19.5100002      0.132437229      0.132434264       59.3752060       69.7794113    
   20.2500000      0.132437229      0.132434264       62.6257591       73.3874054    
   20.9799995      0.132437229      0.132434264       65.9034424       77.0176926    
   21.7099991      0.132437229      0.132434264       69.2516937       80.7185516    
   22.4400005      0.132437229      0.132434264       72.6705322       84.4899979    
   23.1700001      0.132437229      0.132434264       76.1599350       88.3320084    
   23.8999996      0.132437229      0.132434264       79.7199173       92.2445908    
   24.6299992      0.132437229      0.132434264       83.3504715       96.2277451    
   25.3600006      0.132437229      0.132434264       87.0516129       100.281494    
   26.0900002      0.132437229      0.132434264       90.8233261       104.405800    
   26.8199997      0.132437229      0.132434264       94.6656113       108.600677    
   27.5499992      0.132437229      0.132434264       98.5784683       112.866135    
   28.2900009      0.132437229      0.132434264       102.615997       117.261086    
   29.0200005      0.132437229      0.132434264       106.670013       121.667686    
   29.7500000      0.132437229      0.132434264       110.794594       126.144867    
   30.4799995      0.132437229      0.132434264       114.989761       130.692612    
   31.2099991      0.132437229      0.132434264       119.255493       135.310944    
   31.9400005      0.132437229      0.132434264       123.591820       139.999847    
   32.6699982      0.132437229      0.132434264       127.998703       144.759308    
   33.4000015      0.132437229      0.132434264       132.476181       149.589386    
   34.1300011      0.132437229      0.132434264       137.024231       154.490005    
   34.8600006      0.132437229      0.132434264       141.642853       159.461197    
   35.5999985      0.132437229      0.132434264       146.395782       164.571548    
   36.3300018      0.132437229      0.132434264       151.155579       169.683914    
   37.0600014      0.132437229      0.132434264       155.985916       174.866837    
   37.7900009      0.132437229      0.132434264       160.886841       180.120316    
   38.5200005      0.132437229      0.132434264       165.858337       185.444382    
   39.2500000      0.132437229      0.132434264       170.900406       190.839035    
   39.9799995      0.132437229      0.132434264       176.013046       196.304245    
   40.7099991      0.132437229      0.132434264       181.196274       201.840027    
   41.4399986      0.132437229      0.132434264       186.450073       207.446396    
   42.1699982      0.132437229      0.132434264       191.774445       213.123337    
   42.9099998      0.132437229      0.132434264       197.242828       218.949112    
   43.6399994      0.132437229      0.132434264       202.708359       224.767197    
   44.3699989      0.132437229      0.132434264       208.244461       230.655853    
   45.0999985      0.132437229      0.132434264       213.851135       236.615082    
