   584.940002      -28.6541862    
   605.505066      -28.6541862    
 NaN NaN
   576.473877      -27.8890762    
   610.442444      -27.8890762    
 NaN NaN
   532.307495      -27.1239681    
   614.941833      -27.1239681    
 NaN NaN
   512.005249      -26.3588581    
   619.889465      -26.3588581    
 NaN NaN
   482.101868      -25.5937500    
   626.794250      -25.5937500    
 NaN NaN
   418.959778      -24.8286400    
   634.102356      -24.8286400    
 NaN NaN
   412.968414      -24.0635319    
   641.588928      -24.0635319    
 NaN NaN
   407.558289      -23.2984238    
   649.666016      -23.2984238    
 NaN NaN
   402.731415      -22.5333138    
   656.507812      -22.5333138    
 NaN NaN
   396.685883      -21.7682056    
   660.529175      -21.7682056    
 NaN NaN
   389.560608      -21.0030956    
   664.633301      -21.0030956    
 NaN NaN
   381.854370      -20.2379875    
   669.307251      -20.2379875    
 NaN NaN
   370.929657      -19.4728775    
   674.310791      -19.4728775    
 NaN NaN
   351.955872      -18.7077694    
   680.156067      -18.7077694    
 NaN NaN
   335.867981      -17.9426594    
   686.085083      -17.9426594    
 NaN NaN
   327.431030      -17.1775513    
   691.760559      -17.1775513    
 NaN NaN
   319.799377      -16.4124432    
   695.245056      -16.4124432    
 NaN NaN
   310.821045      -15.6473331    
   698.729553      -15.6473331    
 NaN NaN
   299.294861      -14.8822241    
   701.956543      -14.8822241    
 NaN NaN
   289.236969      -14.1171150    
   704.794434      -14.1171150    
 NaN NaN
   281.002350      -13.3520069    
   707.632324      -13.3520069    
 NaN NaN
   272.853821      -12.5868979    
   710.800598      -12.5868979    
 NaN NaN
   262.998260      -11.8217888    
   714.567810      -11.8217888    
 NaN NaN
   210.104797      -11.0566797    
   718.335388      -11.0566797    
 NaN NaN
   155.494766      -10.2915707    
   183.748489      -10.2915707    
 NaN NaN
   194.728836      -10.2915707    
   722.291260      -10.2915707    
 NaN NaN
   144.171371      -9.52646160    
   726.275574      -9.52646160    
 NaN NaN
   137.317352      -8.76135254    
   729.969177      -8.76135254    
 NaN NaN
   133.145737      -7.99624395    
   733.441467      -7.99624395    
 NaN NaN
   129.058868      -7.23113489    
   736.759705      -7.23113489    
 NaN NaN
   125.636841      -6.46602631    
   739.129517      -6.46602631    
 NaN NaN
   122.315804      -5.70091724    
   741.509460      -5.70091724    
 NaN NaN
   118.897224      -4.93580818    
   743.889404      -4.93580818    
 NaN NaN
   114.736122      -4.17069912    
   746.599060      -4.17069912    
 NaN NaN
   110.537788      -3.40559030    
   749.556946      -3.40559030    
 NaN NaN
   107.096725      -2.64048147    
   752.514893      -2.64048147    
 NaN NaN
   104.194267      -1.87537241    
   755.201782      -1.87537241    
 NaN NaN
   101.290024      -1.11026347    
   757.551270      -1.11026347    
 NaN NaN
   97.0627670     -0.345154524    
   759.928650     -0.345154524    
 NaN NaN
   92.0767517      0.419954419    
   762.306091      0.419954419    
 NaN NaN
   88.2292557       1.18506336    
   765.272583       1.18506336    
 NaN NaN
   84.3552246       1.95017231    
   768.613831       1.95017231    
 NaN NaN
   79.8055573       2.71528125    
   771.955139       2.71528125    
 NaN NaN
   54.4186783       3.48039007    
   71.2345428       3.48039007    
 NaN NaN
   74.9180527       3.48039007    
   777.209045       3.48039007    
 NaN NaN
   42.7944946       4.24549913    
   787.143616       4.24549913    
 NaN NaN
   806.666077       4.24549913    
   857.454163       4.24549913    
 NaN NaN
   32.3244057       5.01060820    
   867.092957       5.01060820    
 NaN NaN
   24.2189312       5.77571678    
   880.930542       5.77571678    
 NaN NaN
   20.2371578       6.54082584    
   885.964417       6.54082584    
 NaN NaN
   0.00000000       7.30593491    
   1.14367831       7.30593491    
 NaN NaN
   16.3615437       7.30593491    
   889.732544       7.30593491    
 NaN NaN
   0.00000000       8.07104397    
   4.68968916       8.07104397    
 NaN NaN
   12.8014851       8.07104397    
   889.732544       8.07104397    
 NaN NaN
   0.00000000       8.83615303    
   889.732544       8.83615303    
 NaN NaN
   0.00000000       9.60126209    
   889.732544       9.60126209    
 NaN NaN
   0.00000000       10.3663712    
   889.732544       10.3663712    
 NaN NaN
   0.00000000       11.1314793    
   889.732544       11.1314793    
 NaN NaN
   0.00000000       11.8965883    
   889.732544       11.8965883    
 NaN NaN
   0.00000000       12.6616974    
   889.732544       12.6616974    
 NaN NaN
   0.00000000       13.4268064    
   889.732544       13.4268064    
 NaN NaN
   0.00000000       14.1919155    
   889.732544       14.1919155    
 NaN NaN
   0.00000000       14.9570246    
   889.732544       14.9570246    
 NaN NaN
   0.00000000       15.7221336    
   889.732544       15.7221336    
 NaN NaN
   0.00000000       16.4872417    
   889.732544       16.4872417    
 NaN NaN
   0.00000000       17.2523518    
   889.732544       17.2523518    
 NaN NaN
   0.00000000       18.0174599    
   889.732544       18.0174599    
 NaN NaN
   0.00000000       18.7825699    
   889.732544       18.7825699    
 NaN NaN
   0.00000000       19.5476780    
   889.732544       19.5476780    
 NaN NaN
   0.00000000       20.3127861    
   889.732544       20.3127861    
 NaN NaN
   0.00000000       21.0778961    
   889.732544       21.0778961    
 NaN NaN
   0.00000000       21.8430042    
   889.732544       21.8430042    
 NaN NaN
   0.00000000       22.6081142    
   889.732544       22.6081142    
 NaN NaN
   0.00000000       23.3732224    
   889.732544       23.3732224    
 NaN NaN
   0.00000000       24.1383324    
   889.732544       24.1383324    
 NaN NaN
   0.00000000       24.9034405    
   889.732544       24.9034405    
 NaN NaN
   0.00000000       25.6685486    
   889.732544       25.6685486    
 NaN NaN
   0.00000000       26.4336586    
   889.732544       26.4336586    
 NaN NaN
   0.00000000       27.1987667    
   889.732544       27.1987667    
 NaN NaN
   0.00000000       27.9638767    
   889.732544       27.9638767    
 NaN NaN
   0.00000000       28.7289848    
   889.732544       28.7289848    
 NaN NaN
   0.00000000       29.4940948    
   889.732544       29.4940948    
 NaN NaN
   0.00000000       30.2592030    
   889.732544       30.2592030    
 NaN NaN
   0.00000000       31.0243130    
   889.732544       31.0243130    
 NaN NaN
   0.00000000       31.7894211    
   889.732544       31.7894211    
 NaN NaN
   0.00000000       32.5545311    
   889.732544       32.5545311    
 NaN NaN
   0.00000000       33.3196373    
   889.732544       33.3196373    
 NaN NaN
   0.00000000       34.0847473    
   889.732544       34.0847473    
 NaN NaN
   0.00000000       34.8498573    
   889.732544       34.8498573    
 NaN NaN
   0.00000000       35.6149673    
   889.732544       35.6149673    
 NaN NaN
   0.00000000       36.3800735    
   889.732544       36.3800735    
 NaN NaN
   0.00000000       37.1451836    
   889.732544       37.1451836    
 NaN NaN
   0.00000000       37.9102936    
   889.732544       37.9102936    
 NaN NaN
   0.00000000       38.6753998    
   889.732544       38.6753998    
 NaN NaN
   0.00000000       39.4405098    
   889.732544       39.4405098    
 NaN NaN
   0.00000000       40.2056198    
   889.732544       40.2056198    
 NaN NaN
   0.00000000       40.9707298    
   889.732544       40.9707298    
 NaN NaN
   0.00000000       41.7358360    
   889.732544       41.7358360    
 NaN NaN
   0.00000000       42.5009460    
   889.732544       42.5009460    
 NaN NaN
   0.00000000       43.2660561    
   889.732544       43.2660561    
 NaN NaN
   0.00000000       44.0311661    
   889.732544       44.0311661    
 NaN NaN
   0.00000000       44.7962723    
   889.732544       44.7962723    
 NaN NaN
   0.00000000       45.5613823    
   889.732544       45.5613823    
 NaN NaN
   0.00000000       46.3264923    
   889.732544       46.3264923    
 NaN NaN
   0.00000000       47.0915985    
   889.732544       47.0915985    
 NaN NaN
