   142.428497      -32.1245804    
   175.457596      -32.1245804    
 NaN NaN
   135.896271      -31.3612385    
   183.719086      -31.3612385    
 NaN NaN
   130.426636      -30.5978966    
   194.201920      -30.5978966    
 NaN NaN
   125.631943      -29.8345566    
   210.625290      -29.8345566    
 NaN NaN
   121.479187      -29.0712147    
   265.487457      -29.0712147    
 NaN NaN
   117.721077      -28.3078728    
   284.634583      -28.3078728    
 NaN NaN
   114.428276      -27.5445328    
   298.541809      -27.5445328    
 NaN NaN
   111.661163      -26.7811909    
   316.030609      -26.7811909    
 NaN NaN
   108.894058      -26.0178509    
   340.074249      -26.0178509    
 NaN NaN
   106.129654      -25.2545090    
   354.527252      -25.2545090    
 NaN NaN
   103.520958      -24.4911671    
   370.962494      -24.4911671    
 NaN NaN
   100.932648      -23.7278271    
   384.816498      -23.7278271    
 NaN NaN
   98.3443375      -22.9644852    
   402.051941      -22.9644852    
 NaN NaN
   94.8164902      -22.2011452    
   435.588043      -22.2011452    
 NaN NaN
   91.1465759      -21.4378033    
   527.623657      -21.4378033    
 NaN NaN
   87.8832169      -20.6744614    
   551.991760      -20.6744614    
 NaN NaN
   84.9152908      -19.9111214    
   564.397766      -19.9111214    
 NaN NaN
   83.1328201      -19.1477795    
   576.115479      -19.1477795    
 NaN NaN
   81.3820419      -18.3844395    
   588.506531      -18.3844395    
 NaN NaN
   80.6174088      -17.6210976    
   605.832947      -17.6210976    
 NaN NaN
   80.1027145      -16.8577576    
   665.652405      -16.8577576    
 NaN NaN
   79.5880127      -16.0944157    
   666.934814      -16.0944157    
 NaN NaN
   79.0733185      -15.3310747    
   668.128967      -15.3310747    
 NaN NaN
   78.5586243      -14.5677338    
   669.157776      -14.5677338    
 NaN NaN
   78.0439224      -13.8043919    
   670.186523      -13.8043919    
 NaN NaN
   77.5292282      -13.0410509    
   671.215271      -13.0410509    
 NaN NaN
   77.0145340      -12.2777100    
   672.244080      -12.2777100    
 NaN NaN
   76.4998398      -11.5143690    
   673.272827      -11.5143690    
 NaN NaN
   75.9851379      -10.7510281    
   674.301575      -10.7510281    
 NaN NaN
   75.4704437      -9.98768616    
   675.235840      -9.98768616    
 NaN NaN
   74.9557495      -9.22434521    
   676.035278      -9.22434521    
 NaN NaN
   74.4410477      -8.46100426    
   676.655151      -8.46100426    
 NaN NaN
   73.9713974      -7.69766331    
   677.252991      -7.69766331    
 NaN NaN
   73.5102921      -6.93432188    
   677.850830      -6.93432188    
 NaN NaN
   73.0491791      -6.17098093    
   678.448669      -6.17098093    
 NaN NaN
   72.5880737      -5.40763950    
   679.046570      -5.40763950    
 NaN NaN
   71.7714996      -4.64429855    
   679.644409      -4.64429855    
 NaN NaN
   70.8138351      -3.88095760    
   680.242249      -3.88095760    
 NaN NaN
   69.8561707      -3.11761642    
   680.840088      -3.11761642    
 NaN NaN
   68.8985062      -2.35427523    
   681.437927      -2.35427523    
 NaN NaN
   67.9408417      -1.59093404    
   682.035767      -1.59093404    
 NaN NaN
   66.9831772     -0.827592969    
   682.633606     -0.827592969    
 NaN NaN
   66.0255127      -6.42518401E-02
   683.231445      -6.42518401E-02
 NaN NaN
   65.0678482      0.699089289    
   683.829346      0.699089289    
 NaN NaN
   64.1101837       1.46243048    
   684.427185       1.46243048    
 NaN NaN
   54.5916443       2.22577143    
   790.362671       2.22577143    
 NaN NaN
   799.014893       2.22577143    
   823.023010       2.22577143    
 NaN NaN
   7.91349936       2.98911262    
   849.422852       2.98911262    
 NaN NaN
   3.63289380       3.75245380    
   859.335754       3.75245380    
 NaN NaN
   0.00000000       4.51579475    
   863.282593       4.51579475    
 NaN NaN
   0.00000000       5.27913618    
   866.991394       5.27913618    
 NaN NaN
   0.00000000       6.04247713    
   866.991394       6.04247713    
 NaN NaN
   0.00000000       6.80581856    
   866.991394       6.80581856    
 NaN NaN
   0.00000000       7.56915951    
   866.991394       7.56915951    
 NaN NaN
   0.00000000       8.33250046    
   866.991394       8.33250046    
 NaN NaN
   0.00000000       9.09584141    
   866.991394       9.09584141    
 NaN NaN
   0.00000000       9.85918236    
   866.991394       9.85918236    
 NaN NaN
   0.00000000       10.6225243    
   866.991394       10.6225243    
 NaN NaN
   0.00000000       11.3858652    
   866.991394       11.3858652    
 NaN NaN
   0.00000000       12.1492062    
   866.991394       12.1492062    
 NaN NaN
   0.00000000       12.9125471    
   866.991394       12.9125471    
 NaN NaN
   0.00000000       13.6758881    
   866.991394       13.6758881    
 NaN NaN
   0.00000000       14.4392300    
   866.991394       14.4392300    
 NaN NaN
   0.00000000       15.2025709    
   866.991394       15.2025709    
 NaN NaN
   0.00000000       15.9659119    
   866.991394       15.9659119    
 NaN NaN
   0.00000000       16.7292538    
   866.991394       16.7292538    
 NaN NaN
   0.00000000       17.4925938    
   866.991394       17.4925938    
 NaN NaN
   0.00000000       18.2559357    
   866.991394       18.2559357    
 NaN NaN
   0.00000000       19.0192757    
   866.991394       19.0192757    
 NaN NaN
   0.00000000       19.7826176    
   866.991394       19.7826176    
 NaN NaN
   0.00000000       20.5459595    
   866.991394       20.5459595    
 NaN NaN
   0.00000000       21.3092995    
   866.991394       21.3092995    
 NaN NaN
   0.00000000       22.0726414    
   866.991394       22.0726414    
 NaN NaN
   0.00000000       22.8359814    
   866.991394       22.8359814    
 NaN NaN
   0.00000000       23.5993233    
   866.991394       23.5993233    
 NaN NaN
   0.00000000       24.3626652    
   866.991394       24.3626652    
 NaN NaN
   0.00000000       25.1260052    
   866.991394       25.1260052    
 NaN NaN
   0.00000000       25.8893471    
   866.991394       25.8893471    
 NaN NaN
   0.00000000       26.6526871    
   866.991394       26.6526871    
 NaN NaN
   0.00000000       27.4160290    
   866.991394       27.4160290    
 NaN NaN
   0.00000000       28.1793709    
   866.991394       28.1793709    
 NaN NaN
   0.00000000       28.9427109    
   866.991394       28.9427109    
 NaN NaN
   0.00000000       29.7060528    
   866.991394       29.7060528    
 NaN NaN
   0.00000000       30.4693928    
   866.991394       30.4693928    
 NaN NaN
   0.00000000       31.2327347    
   866.991394       31.2327347    
 NaN NaN
   0.00000000       31.9960747    
   866.991394       31.9960747    
 NaN NaN
   0.00000000       32.7594185    
   866.991394       32.7594185    
 NaN NaN
   0.00000000       33.5227585    
   866.991394       33.5227585    
 NaN NaN
   0.00000000       34.2860985    
   866.991394       34.2860985    
 NaN NaN
   0.00000000       35.0494385    
   866.991394       35.0494385    
 NaN NaN
   0.00000000       35.8127823    
   866.991394       35.8127823    
 NaN NaN
   0.00000000       36.5761223    
   866.991394       36.5761223    
 NaN NaN
   0.00000000       37.3394623    
   866.991394       37.3394623    
 NaN NaN
   0.00000000       38.1028061    
   866.991394       38.1028061    
 NaN NaN
   0.00000000       38.8661461    
   866.991394       38.8661461    
 NaN NaN
   0.00000000       39.6294861    
   866.991394       39.6294861    
 NaN NaN
   0.00000000       40.3928299    
   866.991394       40.3928299    
 NaN NaN
   0.00000000       41.1561699    
   866.991394       41.1561699    
 NaN NaN
   0.00000000       41.9195099    
   866.991394       41.9195099    
 NaN NaN
   0.00000000       42.6828499    
   866.991394       42.6828499    
 NaN NaN
   0.00000000       43.4461937    
   866.991394       43.4461937    
 NaN NaN
