 Elev(m)    dbdxp(-)    dbdxc(-)      I2p     I2c
  -38.1100006       0.00000000       0.00000000       0.00000000       0.00000000    
  -37.2400017      0.161925122     -0.201516539       3.06402054E-02  -3.81318741E-02
  -36.3699989       1.58605985E-02 -0.187319919      0.125562310     -0.187973350    
  -35.5000000       8.85861344E-04 -0.123098463      0.257294387     -0.470130682    
  -34.6300011      -1.22385449E-03  -8.88779834E-02  0.392131388     -0.851137877    
  -33.7599983       5.78497117E-03  -6.61589354E-02  0.527768075      -1.30159497    
  -32.8800011       1.37617942E-02  -4.46923114E-02  0.669534683      -1.80787659    
  -32.0099983       7.94555433E-03  -1.90168731E-02  0.817539454      -2.34167767    
  -31.1399994      -1.60958804E-02  -6.59837667E-03  0.968109012      -2.89237905    
  -30.2700005      -2.61354614E-02  -1.47678666E-02   1.10914505      -3.45197034    
  -29.3999996      -1.70766357E-02  -2.35176757E-02   1.23401344      -4.02285051    
  -28.5300007      -1.71549190E-02  -9.70595703E-03   1.34422719      -4.60726070    
  -27.6599998      -2.65190564E-02   1.29577855E-03   1.43969965      -5.19955015    
  -26.7800007      -2.97544748E-02   1.04214177E-02   1.51726174      -5.79803896    
  -25.9099998      -3.56965549E-02   3.84536083E-03   1.57078826      -6.38478613    
  -25.0400009      -3.59688587E-02  -6.74417801E-03   1.59836888      -6.96938038    
  -24.1700001      -3.62161919E-02  -9.18293744E-03   1.59872949      -7.55753899    
  -23.2999992      -3.98017652E-02  -1.28426319E-02   1.57104635      -8.15287876    
  -22.4300003      -4.50046659E-02  -1.14754522E-02   1.51293135      -8.75698662    
  -21.5599995      -4.90492918E-02  -3.47569367E-05   1.42097139      -9.36787510    
  -20.6800003      -6.47617951E-02   2.77817845E-02   1.28841686      -9.98273754    
  -19.8099995      -8.48565921E-02   5.28722927E-02   1.10727632      -10.5700417    
  -18.9400005      -7.93280751E-02   5.70713319E-02  0.866756797      -11.1212788    
  -18.0699997      -7.32374638E-02   5.74996322E-02  0.566299796      -11.6300335    
  -17.2000008      -5.51181845E-02   3.27419229E-02  0.212686226      -12.1000309    
  -16.3299999      -5.10018989E-02   1.54510681E-02 -0.185296759      -12.5438347    
  -15.4600000      -5.80339618E-02   1.33776441E-02 -0.623992145      -12.9730635    
  -14.5900002      -7.39886910E-02   2.60879118E-02  -1.10830176      -13.3893700    
  -13.7100000      -8.02823380E-02   5.17496355E-02  -1.65263927      -13.7881784    
  -12.8400002      -6.41822219E-02   4.66264859E-02  -2.24765086      -14.1489429    
  -11.9700003      -8.88480172E-02  -1.16137024E-02  -2.89895606      -14.4844685    
  -11.1000004      -1.43442443E-02  -7.66144991E-02  -3.59874463      -14.8300629    
  -10.2299995      -4.75774519E-04  -7.81999975E-02  -4.32086468      -15.2216473    
  -9.35999966       3.56342318E-03  -6.95411861E-02  -5.04520464      -15.6704817    
  -8.48999977       8.60606879E-03  -6.17620759E-02  -5.76665688      -16.1721191    
  -7.61000013       1.14314007E-02  -6.07282482E-02  -6.49028111      -16.7278309    
  -6.73999977       1.25308288E-02  -6.48622140E-02  -7.19731379      -17.3244362    
  -5.86999989       1.31518757E-02  -6.90208301E-02  -7.89495230      -17.9701385    
  -5.00000000       1.19141238E-02  -7.11233467E-02  -8.58298779      -18.6676960    
  -4.13000011       1.02839824E-02  -7.26355538E-02  -9.26207924      -19.4189720    
  -3.25999999       6.93314895E-03  -7.38501623E-02  -9.93371296      -20.2251720    
  -2.39000010       5.30148763E-03  -7.57228136E-02  -10.5997734      -21.0873909    
  -1.50999999       2.33891723E-03  -7.37328976E-02  -11.2697029      -22.0164318    
 -0.639999986       7.40727335E-02 -0.147883326      -11.9160976      -23.0054512    
  0.230000004      0.170080602     -0.128292173      -12.5018339      -24.0886669    
   1.10000002      0.763473511     -0.175977811      -12.8647194      -25.2817154    
   1.97000003      0.830664337      0.336406261      -12.7493019      -26.5019836    
   2.83999991       1.07524896     -0.169769302      -11.9715891      -27.6603622    
   3.71000004      0.611922503     -0.176050872      -10.5139751      -28.8526478    
   4.57999992      0.516402781     -0.176535025      -8.52359962      -30.1770878    
   5.46000004      0.476824224     -0.205157861      -6.10644197      -31.6564617    
   6.32999992      0.476824224     -0.205157861      -3.34621930      -33.2697144    
   7.19999981      0.476824224     -0.205157861     -0.225088939      -35.0382500    
   8.06999969      0.476824224     -0.205157861       3.25694919      -36.9620667    
   8.93999958      0.476824224     -0.205157861       7.09989500      -39.0411720    
   9.81000042      0.476824224     -0.205157861       11.3037529      -41.2755585    
   10.6800003      0.476824224     -0.205157861       15.8685150      -43.6652298    
   11.5600004      0.476824224     -0.205157861       20.8487282      -46.2385445    
   12.4300003      0.476824224     -0.205157861       26.1353054      -48.9387817    
   13.3000002      0.476824224     -0.205157861       31.7827892      -51.7943039    
   14.1700001      0.476824224     -0.205157861       37.7911835      -54.8051109    
   15.0400000      0.476824224     -0.205157861       44.1604805      -57.9711990    
   15.9099998      0.476824224     -0.205157861       50.8906898      -61.2925720    
   16.7800007      0.476824224     -0.205157861       57.9818115      -64.7692337    
   17.6499996      0.476824224     -0.205157861       65.4338303      -68.4011688    
   18.5300007      0.476824224     -0.205157861       73.3345032      -72.2310410    
   19.3999996      0.476824224     -0.205157861       81.5083313      -76.1735382    
   20.2700005      0.476824224     -0.205157861       90.0430832      -80.2713394    
   21.1399994      0.476824224     -0.205157861       98.9387283      -84.5244064    
   22.0100002      0.476824224     -0.205157861       108.195305      -88.9327698    
   22.8799992      0.476824224     -0.205157861       117.812767      -93.4964142    
   23.7500000      0.476824224     -0.205157861       127.791153      -98.2153473    
   24.6299992      0.476824224     -0.205157861       138.247192      -103.144684    
   25.5000000      0.476824224     -0.205157861       148.947403      -108.174187    
   26.3700008      0.476824224     -0.205157861       160.008514      -113.358971    
   27.2399998      0.476824224     -0.205157861       171.430511      -118.699020    
   28.1100006      0.476824224     -0.205157861       183.213440      -124.194374    
   28.9799995      0.476824224     -0.205157861       195.357254      -129.845001    
   29.8500004      0.476824224     -0.205157861       207.862000      -135.650925    
   30.7299995      0.476824224     -0.205157861       220.873428      -141.679733    
   31.6000004      0.476824224     -0.205157861       234.099991      -147.796219    
   32.4700012      0.476824224     -0.205157861       247.687469      -154.067993    
   33.3400002      0.476824224     -0.205157861       261.635803      -160.495041    
   34.2099991      0.476824224     -0.205157861       275.945068      -167.077362    
   35.0800018      0.476824224     -0.205157861       290.615295      -173.815002    
   35.9500008      0.476824224     -0.205157861       305.646362      -180.707901    
   36.8199997      0.476824224     -0.205157861       321.038361      -187.756073    
   37.7000008      0.476824224     -0.205157861       336.970276      -195.041458    
   38.5699997      0.476824224     -0.205157861       353.084045      -202.400192    
   39.4399986      0.476824224     -0.205157861       369.558746      -209.914230    
   40.3100014      0.476824224     -0.205157861       386.394440      -217.583572    
   41.1800003      0.476824224     -0.205157861       403.590942      -225.408157    
   42.0499992      0.476824224     -0.205157861       421.148376      -233.388031    
   42.9199982      0.476824224     -0.205157861       439.066711      -241.523193    
   43.7999992      0.476824224     -0.205157861       457.554016      -249.908066    
   44.6699982      0.476824224     -0.205157861       476.194153      -258.353790    
   45.5400009      0.476824224     -0.205157861       495.195282      -266.954834    
   46.4099998      0.476824224     -0.205157861       514.557251      -275.711151    
   47.2799988      0.476824224     -0.205157861       534.280090      -284.622711    
   48.1500015      0.476824224     -0.205157861       554.363953      -293.689606    
   49.0200005      0.476824224     -0.205157861       574.808655      -302.911774    
