	RS=150.71* 
0	9.208007721
8.22655193	8.677655791
9.59815193	8.488680116
16.45615251	6.992112163
19.19935251	6.48004807
24.68270502	6.0198
28.79750502	5.858255791
32.91230502	5.727192279
38.39870502	5.550407721
41.1419027	5.477255791
47.99685637	5.349239767
49.36845637	5.358383977
52.94681005	5.373623744
57.59805637	5.391912163
63.0875027	5.48944807
65.82461005	5.538216023
67.19621005	5.5626
74.05115907	5.79424807
76.79741005	5.907023744
82.28076372	5.879592279
86.39556372	5.882639767
90.50731274	5.977128186
95.99371274	6.035039767
98.73691274	5.931407721
105.5949127	5.63575193
106.9634618	5.56564807
115.1930618	4.983480116
123.8798618	3.572256081
125.2423181	3.395472105
132.5697127	2.426208012
135.2915745	2.191512017
141.2565127	1.956816023
145.3408309	2.322575965
149.9433127	2.734056081
155.3900873	2.74015193
158.6301127	2.73710386
165.4393529	2.709672105
167.3169127	2.697480116
175.4886	2.639567953
176.0037127	2.633472105
184.6905127	2.50850386
185.5378471	2.499359942
193.3742618	2.417063948
195.5871127	2.368295994
202.0610618	2.033016023
205.6424618	1.862328041
210.7478618	1.45084807
215.6917274	0.89306402
219.4346618	0.341376001
225.7409745	-1.146047997
228.1245127	-1.642871959
235.7902402	-3.688080116
236.8113127	-3.96544807
245.4981127	-6.342887837
245.8394873	-6.40689614
254.1849127	-8.15644807
255.8887529	-8.555735907
262.8717127	-10.0584
265.938	-10.80211158
271.5585127	-12.12799228
275.9872471	-13.15516795
280.2453127	-14.30731158
286.0395637	-15.71853591
288.9321127	-16.37995251
296.0888108	-18.26056795
297.6189127	-18.59889614
306.1380765	-20.76602316
306.3057127	-20.8026
314.9924941	-22.14372047
316.1873235	-22.21687181
323.6823451	-22.59482316
326.2365706	-22.62530502
332.3691451	-22.68016912
336.2858549	-22.67712047
341.0559451	-22.64359228
346.335102	-22.63444865
349.7427451	-22.61615907
356.384349	-22.66187953
358.4295451	-22.68321544
366.4335961	-22.82952047
367.1163451	-22.84780772
375.8031451	-23.33244093
376.4858941	-23.37206409
384.4899451	-23.85974363
386.5351784	-23.93594363
393.1767451	-24.10358456
396.5844255	-24.17368726
401.8635451	-24.24684093
406.6336726	-24.21940772
410.5503451	-24.17978456
416.6829196	-24.16454363
419.2401961	-24.17673591
426.7322039	-24.24074363
427.9269961	-24.25293591
436.6137961	-24.44191274
436.781451	-24.44495907
445.3005961	-24.73452047
446.830698	-24.76804865
453.9873961	-24.85948726
456.8829961	-24.81072047
462.6741961	-24.59431274
466.9322804	-24.40533591
471.3609961	-24.23464865
476.9815274	-24.06700772
480.0477961	-24.003
487.0307745	-24.02433591
488.7345961	-24.03652819
497.0800216	-24.18587953
497.4213961	-24.19197684
506.1081961	-24.28646409
507.1293059	-24.29255907
514.7949961	-24.31389498
517.1785529	-24.32913591
523.4848471	-24.41447953
527.2278	-24.50287181
532.1716471	-24.64917684
537.280098	-24.86558456
540.8584471	-25.06370502
547.3293451	-25.64587181
549.5452471	-25.88971274
557.3786294	-27.04490502
558.2320471	-27.16377684
566.9188471	-28.41040772
567.4278765	-28.47136912
575.6056471	-29.34309498
577.4771235	-29.48635135
584.2924471	-30.08680772
587.5294216	-30.33064865
592.9792471	-30.66287953
597.5787059	-30.83052047
601.6660471	-30.93110502
607.6310039	-31.21456912
610.3528471	-31.35782316
617.680251	-31.80283088
619.042698	-31.87903088
627.729498	-31.99485637
636.571749	-31.65957684
636.9558	-31.64738456
645.414	-31.19932819
646.1851529	-31.13227181
654.256251	-30.05023088
655.4114549	-29.81248726
663.098502	-27.42285637
664.6377568	-26.91079228
671.9438039	-24.63698456
673.8671098	-24.18892819
680.7891059	-22.91791274
683.0934117	-22.62835135
689.6313568	-22.46680772
692.3226902	-22.39670502
698.4736078	-22.38146409
701.5489922	-22.34184093
707.3158588	-22.22296912
710.7783451	-22.08580772
716.1581098	-21.80234363
720.0046471	-21.61641544
725.0034117	-21.34514363
729.230949	-21.07996912
733.8455883	-20.59228726
738.460302	-19.90953591
742.6908902	-18.97989614
747.6866039	-17.74240772
751.5331412	-16.80057567
756.9159568	-15.66976795
760.3753922	-14.76756023
766.1422588	-13.42339228
769.2176432	-12.58519228
775.3716117	-10.54303205
778.0629451	-9.589007721
784.5978393	-6.995160233
786.9051961	-6.083807721
793.8241412	-3.65455193
795.7474471	-3.291840058
803.0534941	-2.353055936
804.589698	-1.962912017
812.2797961	0.164592007
813.435	0.445008012
819.1835607	1.6764
821.509149	2.176271959
822.277251	2.28295193
830.735451	3.328416023
831.119502	3.395472105
839.9648039	4.8006
846.5728471	5.190744209
851.150949	5.437632047
853.1839412	5.419344209
859.7920588	5.391912163
862.3370941	5.367528186
866.4062039	5.315712163
873.0142471	5.242560233
873.5232393	5.236464093
879.6253412	5.196839767
884.7094588	5.163312163
886.2334588	5.132832047
892.8445529	5.013960233
895.8956039	5.017007721
899.4525961	5.087112163
906.0636902	5.696712163
906.850098	5.705855791
907.081749	5.70890386
912.6748588	5.724144209
918.2678941	5.71804807
919.2859529	5.730239767
925.8939961	5.79424807
929.4540393	5.806439767
932.5050902	5.974080116
939.1132078	6.32155193
940.6402588	6.431280116
945.724302	7.132319884
951.8264039	7.92175193
952.3353961	7.943087837
958.9464902	8.241792279
963.012549	8.60450386
965.5546078	8.394192279
972.165702	8.00709614
974.1986941	7.62304807
978.7737451	6.839712163
985.3848393	5.452871814
	
