 Elev(m)    dbdxp(-)    dbdxc(-)      I2p     I2c
  -21.6299992       0.00000000       0.00000000       0.00000000       0.00000000    
  -20.9899998      -9.31271911E-02  -2.12014075E-02  -9.53620579E-03  -2.17102002E-03
  -20.3500004      -5.54495789E-02  -4.44218256E-02  -4.38228510E-02  -1.32328663E-02
  -19.7199993      -2.26723030E-02   6.56578019E-02 -0.100550070      -2.85621677E-02
  -19.0799999       8.53443742E-02  -6.78143138E-03 -0.159632668      -3.59657705E-02
  -18.4400005       5.91592342E-02  -7.91277911E-04 -0.197500527      -3.81158888E-02
  -17.7999992      -1.15748849E-02   4.18185182E-02 -0.215698674      -3.68402787E-02
  -17.1700001      -3.02444608E-03   5.89329414E-02 -0.230310872      -2.11321283E-02
  -16.5300007       4.02941518E-02   4.62335199E-02 -0.242809862       1.57475565E-02
  -15.8900003       3.17174532E-02   8.21587741E-02 -0.244118467       7.65436813E-02
  -15.2600002      -9.63458270E-02   5.06387949E-02 -0.244765788      0.162930250    
  -14.6199999     -0.483347923      -4.77232821E-02 -0.311296821      0.264369249    
  -13.9799995     -0.589248478     -0.213632748     -0.547022223      0.339343965    
  -13.3400002     -0.543353260     -0.182505563      -1.00855923      0.346991271    
  -12.7100000     -0.284007788     -0.358737439      -1.66177309      0.259165168    
  -12.0699997      -9.01900157E-02 -0.505853415      -2.44705057       2.68674772E-02
  -11.4300003      -7.89786577E-02 -0.472719014      -3.28796744     -0.394169569    
  -10.7900000      -7.38302916E-02 -0.408485234      -4.16185617      -1.00564814    
  -10.1599998      -6.95830062E-02 -0.254173458      -5.05217838      -1.76425374    
  -9.52000046      -6.55004382E-02  -9.17000473E-02  -5.98491669      -2.63709641    
  -8.88000011      -6.34589195E-02  -7.95156509E-02  -6.94469452      -3.56289005    
  -8.23999977      -6.11878000E-02  -7.39833638E-02  -7.93044186      -4.52193451    
  -7.61000013      -5.86565323E-02  -6.99801594E-02  -8.92562199      -5.49620771    
  -6.96999979      -5.69017753E-02  -6.63468763E-02  -9.96051025      -6.51441383    
  -6.32999992      -5.53733110E-02  -6.29592463E-02  -11.0187273      -7.55982065    
  -5.69999981      -5.47092371E-02  -6.04569539E-02  -12.0830002      -8.61456490    
  -5.05999994      -5.50511144E-02  -5.82760684E-02  -13.1864986      -9.71064568    
  -4.42000008      -5.53715788E-02  -5.64950146E-02  -14.3125448      -10.8306379    
  -3.77999997      -5.64317070E-02  -5.47064021E-02  -15.4613466      -11.9737701    
  -3.15000010      -5.74712083E-02  -5.52422926E-02  -16.6151314      -13.1215086    
  -2.50999999      -5.80275729E-02  -5.57772368E-02  -17.8105354      -14.3099136    
  -1.87000000      -5.81037886E-02  -5.58397546E-02  -19.0296593      -15.5211163    
  -1.23000002      -5.86478710E-02  -5.59444763E-02  -20.2726307      -16.7551956    
 -0.600000024      -5.92217110E-02  -5.65112345E-02  -21.5200176      -17.9927750    
   3.99999991E-02  -5.93442284E-02  -5.70320077E-02  -22.8112240      -19.2729588    
  0.680000007      -5.98794892E-02  -5.76704144E-02  -24.1267815      -20.5765133    
   1.32000005      -6.26241416E-02  -5.78426942E-02  -25.4670906      -21.9036427    
   1.95000005      -6.58942908E-02  -5.95941432E-02  -26.8119659      -23.2337055    
   2.58999991      -7.87745714E-02  -6.13685846E-02  -28.2059555      -24.6091022    
   3.23000002     -0.124359168      -6.45821989E-02  -29.6355591      -26.0097809    
   3.85999990     -0.204836220      -6.92571923E-02  -31.0970097      -27.4149761    
   4.50000000     -0.271308452      -7.37158135E-02  -32.6635895      -28.8706055    
   5.13999987     -0.226972938     -0.159849554      -34.3299522      -30.3647900    
   5.78000021     -0.153600425     -0.259664506      -36.0863075      -31.9258518    
   6.40999985     -0.112727046     -0.242751569      -37.8808556      -33.5562553    
   7.05000019      -7.04678670E-02 -0.184900373      -39.7494850      -35.3069611    
   7.69000006      -6.49095923E-02 -0.120704465      -41.6507378      -37.1327515    
   8.32999992      -6.64837211E-02  -7.57746547E-02  -43.5793037      -39.0099525    
   8.96000004      -6.14019670E-02  -6.38905615E-02  -45.5040817      -40.8919334    
   9.60000038      -2.88686715E-02  -7.73409083E-02  -47.4815407      -42.8323212    
   10.2399998      -2.06767656E-02  -6.46672323E-02  -49.4733124      -44.8017120    
   10.8800001      -2.06767656E-02  -3.86937596E-02  -51.4743996      -46.7962341    
   11.5100002      -2.06767656E-02  -2.06742473E-02  -53.4526176      -48.7760849    
   12.1499996      -2.06767656E-02  -2.06742473E-02  -55.4706383      -50.7975769    
   12.7900000      -2.06767656E-02  -2.06742473E-02  -57.4971313      -52.8275414    
   13.4200001      -2.06767656E-02  -2.06742473E-02  -59.5003624      -54.8341904    
   14.0600004      -2.06767656E-02  -2.06742473E-02  -61.5437927      -56.8810921    
   14.6999998      -2.06767656E-02  -2.06742473E-02  -63.5956879      -58.9364548    
   15.3400002      -2.06767656E-02  -2.06742473E-02  -65.6560593      -61.0002937    
   15.9700003      -2.06767656E-02  -2.06742473E-02  -67.6926346      -63.0402832    
   16.6100006      -2.06767656E-02  -2.06742473E-02  -69.7699432      -65.1210556    
   17.2500000      -2.06767656E-02  -2.06742473E-02  -71.8557129      -67.2102966    
   17.8899994      -2.06767656E-02  -2.06742473E-02  -73.9499588      -69.3079987    
   18.5200005      -2.06767656E-02  -2.06742473E-02  -76.0198898      -71.3813400    
   19.1599998      -2.06767656E-02  -2.06742473E-02  -78.1310654      -73.4959793    
   19.7999992      -2.06767656E-02  -2.06742473E-02  -80.2507172      -75.6190948    
   20.4400005      -2.06767656E-02  -2.06742473E-02  -82.3788452      -77.7506790    
   21.0699997      -2.06767656E-02  -2.06742473E-02  -84.4821167      -79.8573532    
   21.7099991      -2.06767656E-02  -2.06742473E-02  -86.6271744      -82.0058670    
   22.3500004      -2.06767656E-02  -2.06742473E-02  -88.7807083      -84.1628571    
   22.9799995      -2.06767656E-02  -2.06742473E-02  -90.9089890      -86.2945404    
   23.6200008      -2.06767656E-02  -2.06742473E-02  -93.0794601      -88.4684677    
   24.2600002      -2.06767656E-02  -2.06742473E-02  -95.2583923      -90.6508560    
   24.8999996      -2.06767656E-02  -2.06742473E-02  -97.4457932      -92.8417130    
   25.5300007      -2.06767656E-02  -2.06742473E-02  -99.6074295      -95.0067444    
   26.1700001      -2.06767656E-02  -2.06742473E-02  -101.811775      -97.2145386    
   26.8099995      -2.06767656E-02  -2.06742473E-02  -104.024582      -99.4307938    
   27.4500008      -2.06767656E-02  -2.06742473E-02  -106.245872      -101.655533    
   28.0799999      -2.06767656E-02  -2.06742473E-02  -108.440849      -103.853905    
   28.7199993      -2.06767656E-02  -2.06742473E-02  -110.679062      -106.095566    
   29.3600006      -2.06767656E-02  -2.06742473E-02  -112.925758      -108.345703    
   30.0000000      -2.06767656E-02  -2.06742473E-02  -115.180916      -110.604309    
   30.6299992      -2.06767656E-02  -2.06742473E-02  -117.409241      -112.836021    
   31.2700005      -2.06767656E-02  -2.06742473E-02  -119.681343      -115.111565    
   31.9099998      -2.06767656E-02  -2.06742473E-02  -121.961906      -117.395569    
   32.5499992      -2.06767656E-02  -2.06742473E-02  -124.250938      -119.688042    
   33.1800003      -2.06767656E-02  -2.06742473E-02  -126.512619      -121.953110    
   33.8199997      -2.06767656E-02  -2.06742473E-02  -128.818588      -124.262520    
   34.4599991      -2.06767656E-02  -2.06742473E-02  -131.133026      -126.580399    
   35.0900002      -2.06767656E-02  -2.06742473E-02  -133.419724      -128.870468    
   35.7299995      -2.06767656E-02  -2.06742473E-02  -135.751099      -131.205276    
   36.3699989      -2.06767656E-02  -2.06742473E-02  -138.090942      -133.548569    
   37.0099983      -2.06767656E-02  -2.06742473E-02  -140.439270      -135.900314    
   37.6399994      -2.06767656E-02  -2.06742473E-02  -142.759308      -138.223724    
   38.2799988      -2.06767656E-02  -2.06742473E-02  -145.124557      -140.592422    
   38.9199982      -2.06767656E-02  -2.06742473E-02  -147.498291      -142.969574    
   39.5600014      -2.06767656E-02  -2.06742473E-02  -149.880493      -145.355209    
   40.1899986      -2.06767656E-02  -2.06742473E-02  -152.233856      -147.711945    
   40.8300018      -2.06767656E-02  -2.06742473E-02  -154.633011      -150.114532    
   41.4700012      -2.06767656E-02  -2.06742473E-02  -157.040619      -152.525558    
   42.1100006      -2.06767656E-02  -2.06742473E-02  -159.456680      -154.945053    
