   0.00000000       68.8088531    
   0.00000000       6.17829609    
   7.32434416       6.47090387    
   9.59205532       6.51052809    
   14.6456394       6.62939978    
   19.1871605       6.73608017    
   21.9669361       6.60196781    
   29.2912788       6.27278376    
   29.5503597       6.26059246    
   36.6156235       6.04723215    
   39.9105110       5.95579243    
   43.9369164       5.91311979    
   50.2767601       5.87044811    
   51.2582169       5.87044811    
   58.5825577       5.85520792    
   60.6399574       5.84606409    
   65.9069061       5.81253576    
   71.0031586       5.77291203    
   73.2282028       5.77596045    
   80.5494919       5.78510380    
   81.3633118       5.78510380    
   87.8738327       5.82472801    
   91.7295609       5.85216045    
   95.1981812       5.87349606    
   102.092766       5.88263988    
   102.519485       5.87349606    
   109.843826       5.77291203    
   112.455963       5.79120016    
   117.165115       5.74852800    
   122.819160       5.52602386    
   124.489464       5.49554443    
   131.813812       5.38886404    
   133.182358       5.37971973    
   139.135101       5.65099239    
   143.545563       5.87654400    
   146.456406       6.00151205    
   153.780746       6.31850386    
   153.911804       6.32155180    
   161.105087       6.32460022    
   164.271957       6.30936003    
   168.426392       6.29716778    
   174.635162       6.24840021    
   175.747665       6.23925591    
   183.072021       6.27583218    
   184.998367       6.28802395    
   190.396362       6.32155180    
   195.364609       6.33679247    
   197.717667       6.34593582    
   205.042007       6.37336779    
   205.724762       6.37336779    
   212.363297       6.36727190    
   216.087967       6.37031984    
   219.687653       6.37336779    
   226.454208       6.38251209    
   227.008957       6.38251209    
   234.333282       6.40080023    
   236.817413       6.40384817    
   241.657639       6.41908789    
   247.177567       6.39775181    
   248.381531       6.39165592    
   248.978928       6.38860750    
   256.300232       6.33069611    
   256.516632       6.33069611    
   257.540771       6.32155180    
   263.624573       6.27278376    
   267.907013       6.07161617    
   270.948914       5.81253576    
   278.270203       4.59028816    
   286.441895      0.326136023    
   287.926270      -5.48640005E-02
   294.613586      -1.90499997    
   297.585388      -2.64871192    
   302.785278      -2.62432790    
   307.241455      -2.60604000    
   310.956970      -2.62432790    
   316.897491      -2.65175986    
   319.125610      -2.72795987    
   326.556641      -3.04190397    
   327.297302      -3.07238388    
   335.468964      -3.33451176    
   336.212708      -3.35584807    
   343.640686      -3.41071177    
   345.868744      -3.42595196    
   351.812347      -3.82219195    
   355.524841      -4.06908035    
   359.984070      -4.55371189    
   365.183929      -5.17550373    
   368.155731      -5.50468779    
   374.839996      -6.17524815    
   376.327423      -6.43432808    
   384.496033      -7.82726431    
   392.667755      -8.88492012    
   394.155182      -9.07694435    
   400.839417      -10.2351847    
   403.811218      -10.7777281    
   409.011139      -11.3812323    
   413.467316      -12.0213118    
   417.182800      -12.5730000    
   423.126404      -13.4264402    
   425.354492      -13.6306562    
   432.782471      -14.2737846    
   433.523132      -14.3347435    
   441.697876      -15.1698961    
   442.438507      -15.2339039    
   449.869537      -15.8770323    
   452.094604      -16.0842953    
   458.041260      -16.8036251    
   461.753693      -17.2852077    
   466.212921      -18.0380650    
   471.409760      -18.8701687    
   474.381561      -19.2054482    
   481.065857      -19.9552555    
   482.553284      -20.1198483    
   490.724945      -20.8635597    
   498.896667      -21.5585041    
   500.381042      -21.6987133    
   507.068329      -22.5765362    
   510.040131      -22.9849682    
   515.237000      -23.6311436    
   519.699280      -24.2895126    
   523.408630      -24.7528076    
   529.355286      -25.3989849    
   531.583374      -25.6153927    
   539.011353      -26.2341366    
   539.755066      -26.2768078    
   547.926758      -26.8559284    
   548.670471      -26.9107914    
   556.095398      -27.4868641    
   558.326538      -27.6636486    
   564.267090      -28.0751286    
   567.982605      -28.3342075    
   572.438782      -28.6816788    
   577.638672      -29.0443916    
   580.610474      -29.3491917    
   587.297791      -30.0624237    
   588.782166      -30.2422562    
   596.950806      -31.1627522    
   605.122498      -32.0192413    
   606.609924      -32.1899300    
   613.294189      -33.1500473    
   616.269043      -33.5676231    
   621.468872      -34.1802711    
   625.925110      -34.7593918    
   629.640625      -35.2257347    
   635.581177      -35.9603043    
   637.809265      -36.2437706    
   645.240234      -37.1703606    
   645.980957      -37.2526550    
   654.152588      -38.2889786    
   654.896362      -38.3804169    
   662.324280      -39.4898872    
   664.552429      -39.8190727    
   670.496033      -40.5505905    
   674.211487      -40.9956017    
   678.667725      -41.5899582    
   683.867554      -42.2635689    
   686.836304      -42.5592270    
   693.523682      -43.2907448    
   695.007996      -43.5102005    
   703.179688      -44.6897736    
   711.354431      -45.6316109    
   712.838806      -45.7992477    
   719.526062      -46.7227898    
   722.494812      -47.1708450    
   727.694763      -47.7774010    
   732.150940      -48.2986107    
   735.866455      -48.8106728    
   741.810059      -49.6732559    
   744.038147      -49.9323387    
   751.466064      -50.8101578    
   752.209778      -50.8955040    
   760.381470      -51.8769608    
   761.122192      -51.9592552    
   768.553223      -52.4316978    
   770.784363      -52.5353279    
   776.721863      -52.7151604    
   780.440430      -52.7944107    
   784.893555      -52.9437599    
   790.096436      -53.0931129    
   793.068237      -53.2150307    
   799.755615      -53.5807915    
   801.239929      -53.7027130    
   809.411682      -54.3366966    
   817.543701      -53.2912292    
   819.092102      -53.0169144    
   825.675720      -51.0905762    
   828.778687      -50.0999756    
   833.810913      -48.6460800    
   838.462158      -47.2958145    
   841.945984      -46.4454269    
   848.142639      -44.9793396    
   850.081116      -44.6653900    
   857.829102      -43.4004707    
   858.216187      -43.3303680    
   866.348328      -41.4162254    
   867.509521      -41.0992317    
   874.480347      -38.0237999    
   877.193054      -36.8929939    
   882.615417      -34.3174324    
   886.879578      -32.4154778    
   890.750549      -30.8122311    
   896.560059      -28.7304478    
   898.885681      -28.0141697    
   906.243530      -25.8500881    
   907.020813      -25.6611118    
   915.152832      -23.5275135    
   915.927063      -23.3019600    
   923.284912      -21.3908634    
   925.610535      -20.7081127    
   931.420044      -18.7421532    
   935.294067      -17.2821598    
   939.555176      -15.4442158    
   944.977539      -13.1003036    
   947.690247      -11.7866154    
   954.661072      -8.59840775    
   955.825317      -8.01014423    
   963.957458      -4.75792789    
   964.344543      -4.61467218    
   972.089478      -1.93852806    
   974.028015      -1.28320801    
   978.456726     -0.643127978    
   980.224609     -0.387095988    
   983.711487       9.14400071E-02
   988.359680      0.307848006    
   993.391968      0.551687956    
   996.494873      0.835152030    
   997.265991      0.935736001    
   1003.07849       1.70383203    
   1004.62994       1.89890397    
   1012.76202       3.24002409    
   1016.40741       3.47472000    
   1020.05280       3.59968805    
   1023.70129       3.64540792    
   1027.34668       3.76123214    
   1030.99207       4.01116800    
   1034.63745       4.33425617    
   1037.35327       4.77011967    
   1044.69897       3.51739192    
   1048.53638       3.31622410    
   1052.04163       3.14858389    
   1063.05701       3.48995996    
   1084.32605       3.70027208    
   1097.94141       3.66064811    
   1101.61426       3.51129603    
   1120.10339       3.50824809    
   1140.16846       3.44424009    
   1145.06653       3.73075199    
   1155.88086       3.54787207    
   1168.32275       3.39242411    
   1168.93237       2.91084003    
   1180.56055       3.11810374    
   1185.45862       2.79196787    
   1191.65515       2.81635189    
   1201.36914       2.88950396    
   1201.98181       3.35889626    
   1215.44482       3.29793596    
   1227.44482       3.35279989    
   1263.22229       3.31012797    
   1298.99658       3.85267210    
   1301.12720       3.94411182    
   1334.78638       5.25475216    
   1334.78638       68.8088531    
