   269.111908      -34.4167366    
   290.283295      -34.4167366    
 NaN NaN
   266.969788      -33.4888649    
   303.912720      -33.4888649    
 NaN NaN
   264.827637      -32.5609932    
   312.854645      -32.5609932    
 NaN NaN
   262.685486      -31.6331196    
   322.017090      -31.6331196    
 NaN NaN
   260.767792      -30.7052479    
   331.586121      -30.7052479    
 NaN NaN
   259.096191      -29.7773743    
   339.894867      -29.7773743    
 NaN NaN
   257.424622      -28.8495026    
   348.755981      -28.8495026    
 NaN NaN
   255.753021      -27.9216309    
   358.813110      -27.9216309    
 NaN NaN
   254.081421      -26.9937592    
   367.282318      -26.9937592    
 NaN NaN
   252.328354      -26.0658875    
   376.619995      -26.0658875    
 NaN NaN
   249.611038      -25.1380138    
   386.613312      -25.1380138    
 NaN NaN
   246.299469      -24.2101421    
   396.108765      -24.2101421    
 NaN NaN
   242.928711      -23.2822704    
   412.053772      -23.2822704    
 NaN NaN
   239.335648      -22.3543968    
   435.075714      -22.3543968    
 NaN NaN
   235.450638      -21.4265251    
   449.942780      -21.4265251    
 NaN NaN
   228.110352      -20.4986534    
   459.250397      -20.4986534    
 NaN NaN
   220.290604      -19.5707817    
   467.090942      -19.5707817    
 NaN NaN
   214.126282      -18.6429100    
   474.400116      -18.6429100    
 NaN NaN
   209.716248      -17.7150364    
   482.044403      -17.7150364    
 NaN NaN
   205.374420      -16.7871647    
   491.037811      -16.7871647    
 NaN NaN
   200.686676      -15.8592930    
   499.741180      -15.8592930    
 NaN NaN
   195.505096      -14.9314203    
   512.173645      -14.9314203    
 NaN NaN
   188.996765      -14.0035477    
   524.821472      -14.0035477    
 NaN NaN
   180.985031      -13.0756760    
   537.988831      -13.0756760    
 NaN NaN
   173.712128      -12.1478043    
   547.817627      -12.1478043    
 NaN NaN
   168.281021      -11.2199316    
   559.850830      -11.2199316    
 NaN NaN
   163.835373      -10.2920589    
   588.545410      -10.2920589    
 NaN NaN
   159.651459      -9.36418724    
   612.110474      -9.36418724    
 NaN NaN
   155.239288      -8.43631554    
   628.365662      -8.43631554    
 NaN NaN
   151.065552      -7.50844288    
   648.562744      -7.50844288    
 NaN NaN
   146.973709      -6.58057070    
   666.418762      -6.58057070    
 NaN NaN
   142.954132      -5.65269852    
   691.316467      -5.65269852    
 NaN NaN
   138.666504      -4.72482634    
   719.830139      -4.72482634    
 NaN NaN
   134.593369      -3.79695415    
   748.755188      -3.79695415    
 NaN NaN
   130.599030      -2.86908197    
   761.504578      -2.86908197    
 NaN NaN
   121.886230      -1.94120979    
   769.149536      -1.94120979    
 NaN NaN
   113.677368      -1.01333761    
   775.876526      -1.01333761    
 NaN NaN
   107.382088      -8.54654312E-02
   782.538696      -8.54654312E-02
 NaN NaN
   101.275070      0.842406750    
   789.441772      0.842406750    
 NaN NaN
   94.8522034       1.77027893    
   797.806580       1.77027893    
 NaN NaN
   87.1922455       2.69815111    
   807.788940       2.69815111    
 NaN NaN
   78.8704529       3.62602329    
   815.972595       3.62602329    
 NaN NaN
   72.0431900       4.55389547    
   828.681091       4.55389547    
 NaN NaN
   68.4813232       5.48176765    
   836.459229       5.48176765    
 NaN NaN
   64.9194489       6.40963984    
   841.814331       6.40963984    
 NaN NaN
   56.7292747       7.33751202    
   872.516052       7.33751202    
 NaN NaN
   17.0507050       8.26538467    
   881.235168       8.26538467    
 NaN NaN
   913.957886       8.26538467    
   921.666443       8.26538467    
 NaN NaN
   12.5350618       9.19325638    
   885.881592       9.19325638    
 NaN NaN
   909.442871       9.19325638    
   921.666443       9.19325638    
 NaN NaN
   7.32993937       10.1211281    
   890.915527       10.1211281    
 NaN NaN
   902.553162       10.1211281    
   921.666443       10.1211281    
 NaN NaN
   0.00000000       11.0490007    
   921.666443       11.0490007    
 NaN NaN
   0.00000000       11.9768734    
   921.666443       11.9768734    
 NaN NaN
   0.00000000       12.9047451    
   921.666443       12.9047451    
 NaN NaN
   0.00000000       13.8326168    
   921.666443       13.8326168    
 NaN NaN
   0.00000000       14.7604895    
   921.666443       14.7604895    
 NaN NaN
   0.00000000       15.6883621    
   921.666443       15.6883621    
 NaN NaN
   0.00000000       16.6162338    
   921.666443       16.6162338    
 NaN NaN
   0.00000000       17.5441055    
   921.666443       17.5441055    
 NaN NaN
   0.00000000       18.4719772    
   921.666443       18.4719772    
 NaN NaN
   0.00000000       19.3998508    
   921.666443       19.3998508    
 NaN NaN
   0.00000000       20.3277225    
   921.666443       20.3277225    
 NaN NaN
   0.00000000       21.2555943    
   921.666443       21.2555943    
 NaN NaN
   0.00000000       22.1834679    
   921.666443       22.1834679    
 NaN NaN
   0.00000000       23.1113396    
   921.666443       23.1113396    
 NaN NaN
   0.00000000       24.0392113    
   921.666443       24.0392113    
 NaN NaN
   0.00000000       24.9670830    
   921.666443       24.9670830    
 NaN NaN
   0.00000000       25.8949547    
   921.666443       25.8949547    
 NaN NaN
   0.00000000       26.8228283    
   921.666443       26.8228283    
 NaN NaN
   0.00000000       27.7507000    
   921.666443       27.7507000    
 NaN NaN
   0.00000000       28.6785717    
   921.666443       28.6785717    
 NaN NaN
   0.00000000       29.6064453    
   921.666443       29.6064453    
 NaN NaN
   0.00000000       30.5343170    
   921.666443       30.5343170    
 NaN NaN
   0.00000000       31.4621887    
   921.666443       31.4621887    
 NaN NaN
   0.00000000       32.3900604    
   921.666443       32.3900604    
 NaN NaN
   0.00000000       33.3179321    
   921.666443       33.3179321    
 NaN NaN
   0.00000000       34.2458038    
   921.666443       34.2458038    
 NaN NaN
   0.00000000       35.1736755    
   921.666443       35.1736755    
 NaN NaN
   0.00000000       36.1015511    
   921.666443       36.1015511    
 NaN NaN
   0.00000000       37.0294228    
   921.666443       37.0294228    
 NaN NaN
   0.00000000       37.9572945    
   921.666443       37.9572945    
 NaN NaN
   0.00000000       38.8851662    
   921.666443       38.8851662    
 NaN NaN
   0.00000000       39.8130379    
   921.666443       39.8130379    
 NaN NaN
   0.00000000       40.7409096    
   921.666443       40.7409096    
 NaN NaN
   0.00000000       41.6687813    
   921.666443       41.6687813    
 NaN NaN
   0.00000000       42.5966568    
   921.666443       42.5966568    
 NaN NaN
   0.00000000       43.5245285    
   921.666443       43.5245285    
 NaN NaN
   0.00000000       44.4524002    
   921.666443       44.4524002    
 NaN NaN
   0.00000000       45.3802719    
   921.666443       45.3802719    
 NaN NaN
   0.00000000       46.3081436    
   921.666443       46.3081436    
 NaN NaN
   0.00000000       47.2360153    
   921.666443       47.2360153    
 NaN NaN
   0.00000000       48.1638870    
   921.666443       48.1638870    
 NaN NaN
   0.00000000       49.0917587    
   921.666443       49.0917587    
 NaN NaN
   0.00000000       50.0196304    
   921.666443       50.0196304    
 NaN NaN
   0.00000000       50.9475060    
   921.666443       50.9475060    
 NaN NaN
   0.00000000       51.8753777    
   921.666443       51.8753777    
 NaN NaN
   0.00000000       52.8032494    
   921.666443       52.8032494    
 NaN NaN
   0.00000000       53.7311211    
   921.666443       53.7311211    
 NaN NaN
   0.00000000       54.6589928    
   921.666443       54.6589928    
 NaN NaN
   0.00000000       55.5868645    
   921.666443       55.5868645    
 NaN NaN
   0.00000000       56.5147362    
   921.666443       56.5147362    
 NaN NaN
   0.00000000       57.4426117    
   921.666443       57.4426117    
 NaN NaN
