 Elev(m)    dbdxp(-)    dbdxc(-)      I2p     I2c
  -58.5000000       0.00000000       0.00000000       0.00000000       0.00000000    
  -57.1899986      -1.05587505E-02  -5.27818836E-02  -4.52997722E-03  -2.26447955E-02
  -55.8800011      -2.62247790E-02  -2.79958956E-02  -2.93709934E-02 -0.102590010    
  -54.5699997      -3.16584036E-02  -5.31398272E-03  -9.48265046E-02 -0.231481925    
  -53.2599983      -3.69801931E-02  -1.44442206E-03 -0.214563131     -0.377564162    
  -51.9500008      -4.04903516E-02   4.97560017E-03 -0.396983951     -0.525030553    
  -50.6300011      -3.06363143E-02   7.50641013E-03 -0.644803226     -0.666741192    
  -49.3199997      -1.52955242E-02   4.91904654E-03 -0.941197634     -0.796652019    
  -48.0099983      -1.07437726E-02   4.28030454E-03  -1.26846957     -0.917285204    
  -46.7000008       4.18725470E-03  -3.35081592E-02  -1.60972488      -1.04651082    
  -45.3899994      -1.38045929E-03  -4.02296372E-02  -1.95258999      -1.21991158    
  -44.0800018      -2.38427185E-02  -3.09616998E-02  -2.30507135      -1.45549023    
  -42.7700005      -2.35773269E-02  -2.23237183E-02  -2.68871927      -1.74447322    
  -41.4599991      -2.30512414E-02  -1.46639831E-02  -3.11271667      -2.07218575    
  -40.1500015      -2.51314919E-02  -9.37207695E-03  -3.57738948      -2.42607784    
  -38.8400002      -2.87574697E-02  -8.27427302E-03  -4.08585453      -2.79785395    
  -37.5299988      -3.76511924E-02  -7.32549420E-03  -4.64593077      -3.18389344    
  -36.2200012      -8.17295089E-02  -1.06302071E-02  -5.28571367      -3.58432794    
  -34.9099998      -9.16325226E-02  -4.24990468E-02  -6.05109262      -4.01526117    
  -33.5999985      -6.01997599E-02  -2.84770112E-02  -6.95598793      -4.49943829    
  -32.2900009      -8.00217167E-02   3.18218046E-03  -7.98617935      -5.02491713    
  -30.9799995      -9.24755931E-02   9.27695166E-03  -9.15053749      -5.55590391    
  -29.6700001     -0.105726942       1.04017975E-02  -10.4739342      -6.07310200    
  -28.3600006     -0.114604056       5.43187046E-03  -11.9768925      -6.57506466    
  -27.0499992     -0.112045974       5.66330040E-03  -13.6716194      -7.06547451    
  -25.7399998      -9.13357511E-02   1.31948758E-03  -15.5508385      -7.54812813    
  -24.4300003      -8.85541439E-02   8.36843718E-03  -17.5944901      -8.02362919    
  -23.1200008      -8.82964432E-02   1.36124371E-02  -19.7911930      -8.48554325    
  -21.8099995      -6.98521510E-02   1.36174709E-02  -22.1316223      -8.92634583    
  -20.5000000      -3.36246416E-02   8.85023922E-03  -24.5842915      -9.34582615    
  -19.1900005      -8.38172447E-04   4.16591670E-03  -27.0961399      -9.75008297    
  -17.8700008       1.32536618E-02   7.02387607E-03  -29.6367359      -10.1469984    
  -16.5599995       4.37069451E-03   1.34788323E-02  -32.1451607      -10.5272741    
  -15.2500000      -2.64534145E-03   1.93927791E-02  -34.6452789      -10.8846502    
  -13.9399996      -8.39683507E-03   2.27828715E-02  -37.1493950      -11.2098293    
  -12.6300001      -1.44437384E-02   2.67018024E-02  -39.6680489      -11.4956837    
  -11.3199997      -1.52676171E-02   2.85307281E-02  -42.2092476      -11.7366114    
  -10.0100002      -1.44666089E-02   3.03966235E-02  -44.7759514      -11.9285622    
  -8.69999981      -1.11117410E-02   3.25745679E-02  -47.3663864      -12.0682154    
  -7.38999987      -7.51019968E-03   3.85231078E-02  -49.9757843      -12.1503496    
  -6.07999992      -1.89443037E-03   4.73176166E-02  -52.5972023      -12.1651525    
  -4.76999998       8.31883121E-03   5.34206256E-02  -55.2199020      -12.0999088    
  -3.46000004       2.17960235E-02   6.17041402E-02  -57.8269272      -11.9420547    
  -2.15000010       3.69117148E-02   7.49749690E-02  -60.3958397      -11.6761703    
 -0.839999974       5.04139587E-02   8.08475539E-02  -62.9021072      -11.2847948    
  0.469999999       5.31573147E-02   8.35657790E-02  -65.3264694      -10.7560301    
   1.77999997       1.82377733E-02   9.13181677E-02  -67.6757660      -10.0816984    
   3.08999991     -0.280447572      0.150539085      -70.1069336      -9.22857380    
   4.40000010     -0.301127851      0.209680200      -72.9001007      -8.11714268    
   5.71000004     -0.133037582      0.299355745      -76.1290512      -6.63277960    
   7.01999998     -0.198345616       8.51845965E-02  -79.6864395      -4.76504898    
   8.32999992     -0.198345616       8.51845965E-02  -83.5561905      -2.65924883    
   9.64000034     -0.198345616       8.51845965E-02  -87.7663193     -0.407262146    
   10.9499998     -0.198345616       8.51845965E-02  -92.3168335       1.99090827    
   12.2600002     -0.198345616       8.51845965E-02  -97.2077255       4.53526592    
   13.5699997     -0.198345616       8.51845965E-02  -102.439003       7.22580719    
   14.8800001     -0.198345616       8.51845965E-02  -108.010658       10.0625353    
   16.2000008     -0.198345616       8.51845965E-02  -113.966530       13.0676622    
   17.5100002     -0.198345616       8.51845965E-02  -120.218948       16.1967602    
   18.8199997     -0.198345616       8.51845965E-02  -126.811745       19.4720421    
   20.1299992     -0.198345616       8.51845965E-02  -133.744919       22.8935108    
   21.4400005     -0.198345616       8.51845965E-02  -141.018494       26.4611702    
   22.7500000     -0.198345616       8.51845965E-02  -148.632431       30.1750088    
   24.0599995     -0.198345616       8.51845965E-02  -156.586761       34.0350342    
   25.3700008     -0.198345616       8.51845965E-02  -164.881470       38.0412483    
   26.6800003     -0.198345616       8.51845965E-02  -173.516556       42.1936417    
   27.9899998     -0.198345616       8.51845965E-02  -182.492020       46.4922218    
   29.2999992     -0.198345616       8.51845965E-02  -191.807861       50.9369888    
   30.6100006     -0.198345616       8.51845965E-02  -201.464111       55.5279465    
   31.9200001     -0.198345616       8.51845965E-02  -211.460724       60.2650833    
   33.2299995     -0.198345616       8.51845965E-02  -221.797714       65.1484070    
   34.5400009     -0.198345616       8.51845965E-02  -232.475098       70.1779175    
   35.8499985     -0.198345616       8.51845965E-02  -243.492828       75.3536072    
   37.1599998     -0.198345616       8.51845965E-02  -254.850983       80.6754913    
   38.4700012     -0.198345616       8.51845965E-02  -266.549500       86.1435623    
   39.7799988     -0.198345616       8.51845965E-02  -278.588379       91.7578049    
   41.0900002     -0.198345616       8.51845965E-02  -290.967682       97.5182419    
   42.4000015     -0.198345616       8.51845965E-02  -303.687347       103.424873    
   43.7099991     -0.198345616       8.51845965E-02  -316.747375       109.477669    
   45.0200005     -0.198345616       8.51845965E-02  -330.147827       115.676666    
   46.3300018     -0.198345616       8.51845965E-02  -343.888641       122.021851    
   47.6399994     -0.198345616       8.51845965E-02  -357.969818       128.513199    
   48.9599991     -0.198345616       8.51845965E-02  -372.500153       135.200867    
   50.2700005     -0.198345616       8.51845965E-02  -387.262115       141.984604    
   51.5800018     -0.198345616       8.51845965E-02  -402.364471       148.914536    
   52.8899994     -0.198345616       8.51845965E-02  -417.807159       155.990631    
   54.2000008     -0.198345616       8.51845965E-02  -433.590271       163.212921    
   55.5099983     -0.198345616       8.51845965E-02  -449.713715       170.581390    
   56.8199997     -0.198345616       8.51845965E-02  -466.177582       178.096054    
   58.1300011     -0.198345616       8.51845965E-02  -482.981842       185.756912    
   59.4399986     -0.198345616       8.51845965E-02  -500.126434       193.563934    
   60.7500000     -0.198345616       8.51845965E-02  -517.611450       201.517151    
   62.0600014     -0.198345616       8.51845965E-02  -535.436829       209.616562    
   63.3699989     -0.198345616       8.51845965E-02  -553.602600       217.862137    
   64.6800003     -0.198345616       8.51845965E-02  -572.108765       226.253922    
   65.9899979     -0.198345616       8.51845965E-02  -590.955261       234.791870    
   67.3000031     -0.198345616       8.51845965E-02  -610.142212       243.476044    
   68.6100006     -0.198345616       8.51845965E-02  -629.669495       252.306366    
   69.9199982     -0.198345616       8.51845965E-02  -649.537109       261.282867    
   71.2300034     -0.198345616       8.51845965E-02  -669.745239       270.405609    
   72.5400009     -0.198345616       8.51845965E-02  -690.293640       279.674469    
