 Elev(m)    Area(m2)     Peri(m)      Radi(m)   Conv(m3/s)    topWidth(m)    newI1(m3)    dPdA(1/m)
   -32.35        0.00        0.00         NaN                 NaN               0.000           0.000             NaN
   -31.55       20.50       43.41        0.47             497.293              43.372           8.259           2.117
   -30.74       67.11       72.78        0.92            2543.007              72.700          43.556           0.630
   -29.94      160.41      156.01        1.03            6536.601             155.847         135.220           0.892
   -29.13      310.04      211.27        1.47           16015.446             210.981         324.761           0.369
   -28.33      507.31      302.04        1.68           28673.037             301.648         654.062           0.460
   -27.52      786.99      371.25        2.12           51947.355             370.759        1175.517           0.247
   -26.71     1089.85      380.55        2.86           87915.391             379.901        1931.667           0.031
   -25.91     1399.04      388.35        3.60          131510.844             387.533        2934.400           0.025
   -25.10     1714.17      395.09        4.34          182397.219             394.068        4188.664           0.021
   -24.30     2033.75      400.45        5.08          240359.219             399.158        5698.647           0.017
   -23.49     2357.43      405.80        5.81          304732.000             404.247        7467.786           0.017
   -22.69     2685.17      410.87        6.54          375441.688             409.044        9499.369           0.015
   -21.88     3016.51      415.50        7.26          452400.438             413.377       11796.484           0.014
   -21.07     3351.42      420.38        7.97          534994.875             417.982       14362.022           0.015
   -20.27     3690.11      425.35        8.68          623204.500             422.684       17198.945           0.015
   -19.46     4032.59      430.33        9.37          716970.938             427.396       20310.301           0.015
   -18.66     4378.88      435.31       10.06          816198.812             432.116       23699.160           0.014
   -17.85     4729.51      442.04       10.70          918576.188             438.621       27368.785           0.019
   -17.04     5085.79      449.32       11.32         1025542.125             445.706       31323.215           0.020
   -16.24     5448.13      457.62       11.91         1136242.250             453.833       35567.164           0.023
   -15.43     5817.17      466.14       12.48         1251899.125             462.194       40105.785           0.023
   -14.63     6193.11      475.02       13.04         1372256.250             470.911       44944.543           0.024
   -13.82     6576.26      484.10       13.58         1497626.875             479.843       50089.121           0.024
   -13.02     6966.21      492.47       14.15         1629792.375             488.064       55545.180           0.021
   -12.21     7362.87      501.60       14.68         1765630.375             497.041       61318.148           0.023
   -11.40     7767.79      512.69       15.15         1902471.500             508.001       67414.055           0.027
   -10.60     8181.60      523.88       15.62         2044715.375             519.063       73839.812           0.027
    -9.79     8604.10      534.54       16.10         2194051.250             529.583       80602.516           0.025
    -8.99     9034.82      544.06       16.61         2352319.500             538.944       87708.961           0.022
    -8.18     9472.36      552.23       17.15         2520054.500             546.949       95165.219           0.019
    -7.38     9916.54      561.52       17.66         2689978.250             556.077      102976.703           0.021
    -6.57    10368.65      571.82       18.13         2862573.000             566.221      111149.297           0.023
    -5.76    10829.10      582.31       18.60         3040504.000             576.544      119689.547           0.023
    -4.96    11297.68      592.48       19.07         3225473.250             586.534      128604.086           0.022
    -4.15    11774.06      601.98       19.56         3418880.250             595.844      137899.328           0.020
    -3.35    12258.04      611.92       20.03         3616583.250             605.604      147581.500           0.021
    -2.54    12751.41      630.40       20.23         3786580.750             623.918      157657.422           0.037
    -1.74    13265.67      652.36       20.33         3953205.750             645.744      168139.297           0.043
    -0.93    13789.98      661.36       20.85         4178703.250             654.553      179039.609           0.017
    -0.12    14319.31      666.49       21.48         4426586.000             659.406      190364.406           0.010
     0.68    14880.58      765.34       19.44         4303840.000             757.996      202128.594           0.176
     1.49    15497.87      781.06       19.84         4543481.000             773.285      214367.609           0.025
     2.29    16125.42      792.48       20.35         4807509.500             784.189      227108.156           0.018
     3.10    16762.07      806.37       20.79         5068922.000             797.622      240358.016           0.022
     3.91    17428.05      884.11       19.71         5087112.500             875.024      254132.688           0.117
     4.71    18148.20      930.08       19.51         5261412.000             920.825      268465.812           0.064
     5.52    18931.26     1045.76       18.10         5220805.500            1036.327      283404.562           0.148
     6.32    19809.75     1140.25       17.37         5315275.500            1130.664      299012.719           0.108
     7.13    20724.60     1149.98       18.02         5698269.000            1140.264      315343.375           0.011
     7.93    21650.11     1168.48       18.53         6063801.000            1158.621      332415.500           0.020
     8.74    22583.69     1168.48       19.33         6505833.000            1158.621      350236.625           0.000
     9.55    23517.27     1168.48       20.13         6960220.500            1158.621      368809.969          -0.000
    10.35    24450.85     1168.48       20.93         7426794.500            1158.621      388135.625           0.000
    11.16    25384.44     1168.48       21.72         7905400.500            1158.621      408213.500           0.000
    11.96    26318.02     1168.48       22.52         8395887.000            1158.621      429043.594           0.000
    12.77    27251.60     1168.48       23.32         8898115.000            1158.621      450626.000           0.000
    13.57    28185.18     1168.48       24.12         9411945.000            1158.621      472960.594           0.000
    14.38    29118.76     1168.48       24.92         9937249.000            1158.621      496047.469           0.000
    15.19    30052.34     1168.48       25.72        10473904.000            1158.621      519886.594          -0.000
    15.99    30985.92     1168.48       26.52        11021789.000            1158.621      544478.000           0.000
    16.80    31919.50     1168.48       27.32        11580792.000            1158.621      569821.625           0.000
    17.60    32853.09     1168.48       28.12        12150804.000            1158.621      595917.500           0.000
    18.41    33786.66     1168.48       28.91        12731715.000            1158.621      622765.625           0.000
    19.21    34720.25     1168.48       29.71        13323429.000            1158.621      650366.000           0.000
    20.02    35653.83     1168.48       30.51        13925848.000            1158.621      678718.625           0.000
    20.83    36587.41     1168.48       31.31        14538877.000            1158.621      707823.500          -0.000
    21.63    37520.99     1168.48       32.11        15162419.000            1158.621      737680.625           0.000
    22.44    38454.57     1168.48       32.91        15796397.000            1158.621      768290.062           0.000
    23.24    39388.15     1168.48       33.71        16440716.000            1158.621      799651.688           0.000
    24.05    40321.73     1168.48       34.51        17095300.000            1158.621      831765.562           0.000
    24.86    41255.32     1168.48       35.31        17760066.000            1158.621      864631.688           0.000
    25.66    42188.89     1168.48       36.11        18434936.000            1158.621      898250.062           0.000
    26.47    43122.48     1168.48       36.90        19119840.000            1158.621      932620.688          -0.000
    27.27    44056.06     1168.48       37.70        19814698.000            1158.621      967743.688           0.000
    28.08    44989.64     1168.48       38.50        20519444.000            1158.621     1003618.812           0.000
    28.88    45923.22     1168.48       39.30        21234008.000            1158.621     1040246.188           0.000
    29.69    46856.80     1168.48       40.10        21958320.000            1158.621     1077625.875           0.000
    30.50    47790.38     1168.48       40.90        22692320.000            1158.621     1115757.750           0.000
    31.30    48723.96     1168.48       41.70        23435942.000            1158.621     1154641.875           0.000
    32.11    49657.54     1168.48       42.50        24189120.000            1158.621     1194278.250           0.000
    32.91    50591.13     1168.48       43.30        24951808.000            1158.621     1234667.000          -0.000
    33.72    51524.71     1168.48       44.10        25723928.000            1158.621     1275807.750           0.000
    34.52    52458.29     1168.48       44.89        26505434.000            1158.621     1317701.000           0.000
    35.33    53391.87     1168.48       45.69        27296268.000            1158.621     1360346.500           0.000
    36.14    54325.45     1168.48       46.49        28096372.000            1158.621     1403744.000           0.000
    36.94    55259.04     1168.48       47.29        28905704.000            1158.621     1447894.000           0.000
    37.75    56192.61     1168.48       48.09        29724192.000            1158.621     1492796.000           0.000
    38.55    57126.20     1168.48       48.89        30551808.000            1158.621     1538450.500          -0.000
    39.36    58059.77     1168.48       49.69        31388480.000            1158.621     1584857.000           0.000
    40.16    58993.36     1168.48       50.49        32234174.000            1158.621     1632016.000           0.000
    40.97    59926.94     1168.48       51.29        33088840.000            1158.621     1679927.250           0.000
    41.78    60860.52     1168.48       52.09        33952428.000            1158.621     1728590.625           0.000
    42.58    61794.10     1168.48       52.88        34824892.000            1158.621     1778006.375           0.000
    43.39    62727.68     1168.48       53.68        35706184.000            1158.621     1828174.125           0.000
    44.19    63661.26     1168.48       54.48        36596268.000            1158.621     1879094.375          -0.000
    45.00    64594.84     1168.48       55.28        37495096.000            1158.621     1930766.625           0.000
    45.81    65528.43     1168.48       56.08        38402628.000            1158.621     1983191.375           0.000
    46.61    66462.01     1168.48       56.88        39318820.000            1158.621     2036368.500           0.000
    47.42    67395.59     1168.48       57.68        40243632.000            1158.621     2090297.500           0.000
    48.22    68329.17     1168.48       58.48        41177028.000            1158.621     2144979.000           0.000
