   0.00000000       40.7642097    
   0.00000000       11.7927113    
   8.87272835       9.75360012    
   9.68044853       9.58900738    
   17.7454567       8.15949631    
   19.3578472       7.95832825    
   26.6181850       7.36396790    
   29.0382957       7.29081583    
   35.4909134       7.10183954    
   38.7187424       6.89762354    
   44.3636398       6.51052809    
   48.3961449       6.39470387    
   53.2394142       6.26668787    
   58.0765915       6.21487188    
   62.1090965       6.20572805    
   67.7539902       6.13562393    
   70.9848709       6.12952805    
   77.4344406       7.06221581    
   79.8575974       7.51636791    
   87.1179352       8.86358356    
   88.7303238       9.11656761    
   96.7953415       9.00379181    
   97.6030579       8.96416759    
   106.475777       8.65936756    
   109.471970       8.39419270    
   111.431831       8.22045612    
   116.384834       6.94334412    
   121.340881       5.83996773    
   122.243088       5.68756819    
   126.296921       4.93471193    
   131.249924       4.28853607    
   136.205978       3.72465611    
   138.013443       3.54482412    
   141.162033       3.42595196    
   146.118073       3.34365606    
   151.074112       3.27964807    
   153.777695       3.24916792    
   156.027115       3.23697591    
   160.983154       3.20344806    
   165.939209       3.15163207    
   169.544998       3.12420011    
   170.895264       3.08152795    
   175.851318       2.92912793    
   178.682892       2.84988022    
   180.804306       2.78891993    
   185.315353       2.67004800    
   185.760361       2.64871192    
   190.716415       2.41096807    
   195.672440       2.19760799    
   200.628494       1.97510397    
   201.079620       1.95681608    
   205.584549       1.78003204    
   210.537552       1.59410405    
   215.493607       1.40512800    
   216.846909       1.35026395    
   220.446594       1.14604795    
   225.402649      0.856487989    
   230.358704      0.573023975    
   232.611160      0.441960007    
   235.314758      0.283464015    
   240.270782      -2.13360004E-02
   245.226837     -0.377952009    
   248.381531     -0.600455999    
   250.179840     -0.771143973    
   255.135895      -1.22834408    
   260.091949      -1.63982403    
   264.148834      -1.95681608    
   265.048004      -2.00253606    
   270.004028      -2.25247192    
   274.957031      -2.52069616    
   279.913086      -2.79806399    
   284.869110      -3.09981608    
   289.822113      -3.39851999    
   294.778168      -3.69112778    
   295.683441      -3.74294400    
   299.734222      -3.93496799    
   304.690277      -4.16661596    
   309.646332      -4.40131187    
   311.444641      -4.48360825    
   314.602386      -4.61467218    
   319.555389      -4.82498407    
   324.511444      -5.05053568    
   327.214996      -5.17245579    
   329.467468      -5.26389599    
   334.423492      -5.46201611    
   339.379547      -5.66318417    
   342.985352      -5.83387184    
   344.332550      -5.90397644    
   349.288605      -6.14476776    
   354.244659      -6.37641621    
   358.746552      -6.58977604    
   359.197662      -6.61720753    
   364.153687      -6.86714411    
   369.109741      -7.09879208    
   374.065796      -7.33348799    
   374.516907      -7.35787201    
   379.021851      -7.42492819    
   383.974854      -7.52551222    
   388.930908      -7.62609625    
   390.287262      -7.66267204    
   393.886963      -7.76630402    
   398.843018      -7.89736795    
   403.799042      -8.04976749    
   406.048492      -8.12901592    
   408.755096      -8.24179268    
   413.708099      -8.50087166    
   418.664124      -8.75080776    
   421.818817      -8.89406395    
   423.620178      -8.99160004    
   428.576233      -9.28420734    
   433.529236      -9.62253571    
   437.583069      -9.80236816    
   438.485260      -9.83284760    
   443.441315      -9.95476818    
   448.397369      -10.1467924    
   453.350372      -10.2900476    
   458.306427      -10.3357677    
   463.262482      -10.3571043    
   468.218536      -10.6222792    
   469.120728      -10.6588564    
   473.174591      -10.7990637    
   478.127563      -10.8539286    
   483.083618      -10.7716322    
   484.884979      -10.7746792    
   488.039673      -10.7899208    
   492.995697      -10.7716322    
   497.951752      -10.7441998    
   500.652313      -10.7411528    
   502.907806      -10.7533436    
   507.860809      -10.8722153    
   512.816833      -10.9971848    
   516.422668      -11.0947208    
   517.769836      -11.1373920    
   522.725891      -11.3019848    
   527.681946      -11.4787683    
   532.186890      -11.4970560    
   532.638000      -11.5001040    
   537.594055      -11.6128798    
   542.550110      -11.7713757    
   547.503113      -12.0121679    
   547.954224      -12.0365524    
   552.459167      -12.2742958    
   557.415222      -12.6156721    
   562.371277      -12.8259850    
   563.718445      -12.8320799    
   567.327332      -12.8656073    
   572.280334      -12.8046474    
   577.236328      -12.9875278    
   579.488770      -13.1003036    
   582.192383      -13.2100325    
   587.145386      -13.4416800    
   592.101440      -13.5910320    
   595.256104      -13.7007599    
   597.057495      -13.7739115    
   602.013550      -13.9659357    
   606.969604      -14.1579599    
   611.020386      -14.3438883    
   611.922546      -14.3743677    
   616.878601      -14.5663919    
   621.834656      -14.7401285    
   626.790710      -14.8681440    
   633.621277      -14.8254719    
   640.454895      -14.7523203    
   647.291565      -14.7248888    
   654.122131      -14.5176239    
   654.506226      -14.5084791    
   660.955750      -14.2890244    
   667.792419      -13.9689846    
   674.622986      -13.6946640    
   681.456604      -13.4264402    
   682.224731      -13.4020567    
   688.290222      -13.1734562    
   695.123840      -12.9692402    
   701.957458      -12.7223530    
   708.791016      -12.4754639    
   709.930969      -12.4175529    
   715.624695      -12.0792246    
   722.458313      -11.8049040    
   729.291870      -11.6433601    
   736.125549      -11.5580158    
   737.646484      -11.5275354    
   742.959167      -11.4421921    
   749.792725      -11.2928400    
   756.626404      -11.1434889    
   763.460022      -10.9362240    
   765.355835      -10.8874559    
   770.293579      -10.7777281    
   777.124207      -10.5765600    
   783.960876      -10.4607363    
   790.794434      -10.3845358    
   793.071289      -10.3784399    
   797.625000      -10.3510075    
   804.461731      -10.5095043    
   811.292236      -10.6771441    
   818.125854      -10.8478317    
   820.789795      -10.8386889    
   824.962585      -10.8082075    
   831.793091      -10.6070395    
   838.626709      -10.3997755    
   845.463379      -10.2778568    
   848.496155      -10.2443285    
   852.293945      -10.2229919    
   859.127563      -10.1224079    
   865.961182      -10.2565203    
   872.794800      -10.5917997    
   876.211609      -10.6039925    
   879.628418      -10.5826559    
   886.462036      -10.1925116    
   893.295654      -9.82370377    
   900.129272      -9.57071972    
   903.930115      -9.45489597    
   906.962891      -9.33602333    
   913.796509      -9.04646397    
   920.630066      -8.82091236    
   927.463745      -8.72947216    
   931.636475      -8.66546440    
   934.297363      -8.64107990    
   941.130920      -8.53135204    
   947.964600      -8.39419270    
   954.795166      -8.31494427    
   959.354919      -8.23569584    
   961.631775      -8.21740818    
   968.465393      -8.21740818    
   975.296021      -8.20521641    
   982.132629      -8.00709629    
   987.061218      -7.86993599    
   988.963196      -7.81202364    
   995.796875      -7.77239990    
   1002.63348      -7.70839214    
   1009.46405      -7.58342361    
   1014.77673      -7.47979212    
   1016.29773      -7.44931221    
   1023.13434      -7.41273594    
   1029.96484      -7.33958387    
   1036.79858      -7.54684830    
   1042.49524      -7.74191999    
   1043.63220      -7.73277617    
   1050.46570      -7.59256792    
   1057.29944      -7.15060759    
   1064.13306      -6.70864820    
   1070.20154      -6.12038374    
   1070.96655      -6.05028009    
   1077.80029      -5.27608776    
   1084.63391      -4.46836805    
   1091.46741      -3.83743215    
   1097.92017      -3.19735193    
   1098.30115      -3.17601609    
   1105.13464      -2.54812789    
   1111.96826     -0.563880026    
   1112.96191      0.402336001    
   1118.80200       6.09904814    
   1125.63550       7.92479992    
   1131.95410       8.49782372    
   1137.36731       8.39723969    
   1138.27258       8.31799221    
   1144.59412       7.46150398    
   1149.10510       7.29996014    
   1150.90955       7.20242357    
   1157.23108       6.96163225    
   1157.42920       6.95553589    
   1160.84302       6.84580755    
   1163.54651       6.84885597    
   1169.86804       6.85495186    
   1172.57471       6.86409616    
   1176.18665       6.93419981    
   1182.50513       7.05307198    
   1184.31262       7.08355188    
   1188.82361       7.22376013    
   1195.14526       7.85774422    
   1196.04431       7.97356796    
   1201.46069       8.68375206    
   1207.78223       9.05255985    
   1214.10071       8.26312828    
   1219.52002       7.38225555    
   1220.41919       7.22376013    
   1226.73767       7.10488796    
   1231.25183       7.13841581    
   1242.98962       7.26643229    
   1252.01477       7.52856016    
   1254.72754       7.65048027    
   1258.33337       8.04367161    
   1264.65186       8.86968040    
   1266.45923       9.09218407    
   1270.97327       9.64082336    
   1277.29175       10.9697523    
   1278.19714       11.1587286    
   1283.61023       11.9420643    
   1289.92883       12.4480324    
   1289.92883       40.7642097    
