 Elev(m)    Area(m2)     Peri(m)      Radi(m)   Conv(m3/s)    topWidth(m)    newI1(m3)    dPdA(1/m)
   -24.74        0.00        0.00         NaN                 NaN               0.000           0.000             NaN
   -24.14       11.61       36.54        0.32             216.098              36.515           3.510           3.149
   -23.53       40.13       60.47        0.66            1221.134              60.410          19.155           0.839
   -22.93       87.46       96.25        0.91            3281.967              96.162          57.740           0.756
   -22.32      180.97      228.08        0.79            6204.245             227.966         138.919           1.410
   -21.72      331.45      260.55        1.27           15565.927             260.395         293.888           0.216
   -21.11      499.07      301.99        1.65           27904.182             301.784         545.058           0.247
   -20.51      693.44      332.49        2.09           45277.730             332.238         905.700           0.157
   -19.90      899.30      347.45        2.59           67812.656             347.137        1387.380           0.073
   -19.30     1113.53      363.61        3.06           93931.516             363.248        1996.108           0.075
   -18.70     1341.50      393.38        3.41          121573.742             392.982        2738.566           0.131
   -18.09     1587.34      418.32        3.79          154467.656             417.886        3624.313           0.101
   -17.49     1845.72      437.32        4.22          192812.516             436.846        4662.545           0.074
   -16.88     2117.70      466.49        4.54          232239.672             465.986        5861.171           0.107
   -16.28     2406.44      487.53        4.94          279050.875             486.981        7229.373           0.073
   -15.67     2705.71      503.64        5.37          331983.938             503.040        8775.403           0.054
   -15.07     3015.96      524.78        5.75          387065.688             524.149       10505.765           0.068
   -14.46     3340.10      549.34        6.08          445074.844             548.670       12427.980           0.076
   -13.86     3678.64      568.45        6.47          510988.156             567.723       14550.605           0.056
   -13.25     4027.79      608.86        6.62          567754.000             608.056       16881.205           0.116
   -12.65     4413.34      643.43        6.86          637292.875             642.505       19433.994           0.090
   -12.04     4803.90      649.97        7.39          729103.625             648.931       22221.492           0.017
   -11.44     5198.01      655.41        7.93          826886.500             654.239       25246.295           0.014
   -10.83     5595.32      660.85        8.47          929749.125             659.541       28510.443           0.014
   -10.23     5995.86      666.25        9.00         1037659.500             664.796       32015.883           0.013
    -9.62     6399.20      670.43        9.54         1151778.375             668.792       35764.430           0.010
    -9.02     6804.79      674.16       10.09         1271290.500             672.318       39757.617           0.009
    -8.41     7212.45      677.71       10.64         1395841.375             675.659       43996.746           0.009
    -7.81     7622.13      681.28       11.19         1525125.250             679.014       48483.059           0.009
    -7.20     8033.85      684.83       11.73         1659123.250             682.352       53217.781           0.009
    -6.60     8447.56      688.33       12.27         1797831.250             685.633       58202.129           0.008
    -5.99     8863.25      691.83       12.81         1941112.375             688.915       63437.309           0.008
    -5.39     9280.86      695.02       13.35         2089496.875             691.864       68924.500           0.008
    -4.78     9700.18      698.07       13.90         2242641.250             694.657       74664.789           0.007
    -4.18    10121.18      701.12       14.44         2400216.500             697.449       80659.211           0.007
    -3.57    10543.89      704.34       14.97         2561774.750             700.424       86908.797           0.008
    -2.97    10968.60      708.14       15.49         2726260.750             704.024       93414.656           0.009
    -2.36    11395.59      712.19       16.00         2894401.500             707.889      100178.094           0.009
    -1.76    11825.00      716.50       16.50         3066093.000             712.027      107200.523           0.010
    -1.15    12256.93      721.06       17.00         3241268.750             716.421      114483.445           0.011
    -0.55    12693.95      733.68       17.30         3396640.750             728.970      122029.148           0.029
     0.05    13137.83      742.95       17.68         3566909.000             738.128      129841.266           0.021
     0.66    13586.18      749.54       18.13         3749950.750             744.588      137923.203           0.015
     1.26    14075.27      844.60       16.66         3673274.250             839.415      146288.656           0.194
     1.87    14587.31      858.62       16.99         3856122.750             853.094      154956.859           0.027
     2.47    15106.86      870.94       17.35         4049096.500             865.041      163937.047           0.024
     3.08    15641.29      906.25       17.26         4178455.000             900.042      173235.984           0.066
     3.68    16193.43      933.98       17.34         4339106.000             927.459      182863.531           0.050
     4.29    16768.08      991.01       16.92         4420589.500             984.196      192831.828           0.099
     4.89    17381.46     1058.84       16.42         4490719.000            1051.768      203159.422           0.111
     5.50    18029.82     1087.52       16.58         4689077.500            1080.339      213868.594           0.044
     6.10    18683.26     1087.52       17.18         4975720.000            1080.339      224971.453           0.000
     6.71    19336.70     1087.52       17.78         5269128.500            1080.339      236469.547          -0.000
     7.31    19990.13     1087.52       18.38         5569222.000            1080.339      248362.875           0.000
     7.92    20643.57     1087.52       18.98         5875927.000            1080.339      260651.422           0.000
     8.52    21297.01     1087.52       19.58         6189174.000            1080.339      273335.188           0.000
     9.13    21950.45     1087.52       20.18         6508896.000            1080.339      286414.219           0.000
     9.73    22603.89     1087.52       20.78         6835026.000            1080.339      299888.438           0.000
    10.34    23257.32     1087.52       21.39         7167502.500            1080.339      313757.906           0.000
    10.94    23910.76     1087.52       21.99         7506266.000            1080.339      328022.594           0.000
    11.55    24564.20     1087.52       22.59         7851259.000            1080.339      342682.531           0.000
    12.15    25217.64     1087.52       23.19         8202426.000            1080.339      357737.656           0.000
    12.76    25871.08     1087.52       23.79         8559712.000            1080.339      373188.031          -0.000
    13.36    26524.51     1087.52       24.39         8923065.000            1080.339      389033.656           0.000
    13.97    27177.95     1087.52       24.99         9292434.000            1080.339      405274.500           0.000
    14.57    27831.39     1087.52       25.59         9667773.000            1080.339      421910.562           0.000
    15.18    28484.83     1087.52       26.19        10049034.000            1080.339      438941.844           0.000
    15.78    29138.27     1087.52       26.79        10436169.000            1080.339      456368.375           0.000
    16.39    29791.70     1087.52       27.39        10829137.000            1080.339      474190.125           0.000
    16.99    30445.14     1087.52       27.99        11227893.000            1080.339      492407.094           0.000
    17.60    31098.58     1087.52       28.60        11632395.000            1080.339      511019.312           0.000
    18.20    31752.02     1087.52       29.20        12042606.000            1080.339      530026.750          -0.000
    18.81    32405.46     1087.52       29.80        12458483.000            1080.339      549429.375           0.000
    19.41    33058.89     1087.52       30.40        12879987.000            1080.339      569227.312           0.000
    20.01    33712.33     1087.52       31.00        13307084.000            1080.339      589420.438           0.000
    20.62    34365.77     1087.52       31.60        13739737.000            1080.339      610008.750           0.000
    21.22    35019.21     1087.52       32.20        14177907.000            1080.339      630992.312           0.000
    21.83    35672.64     1087.52       32.80        14621563.000            1080.339      652371.125           0.000
    22.43    36326.08     1087.52       33.40        15070669.000            1080.339      674145.188           0.000
    23.04    36979.52     1087.52       34.00        15525194.000            1080.339      696314.438           0.000
    23.64    37632.96     1087.52       34.60        15985107.000            1080.339      718878.938          -0.000
    24.25    38286.40     1087.52       35.21        16450376.000            1080.339      741838.750           0.000
    24.85    38939.84     1087.52       35.81        16920966.000            1080.339      765193.688           0.000
    25.46    39593.27     1087.52       36.41        17396852.000            1080.339      788943.875           0.000
    26.06    40246.71     1087.52       37.01        17878000.000            1080.339      813089.312           0.000
    26.67    40900.15     1087.52       37.61        18364388.000            1080.339      837629.938           0.000
    27.27    41553.59     1087.52       38.21        18855980.000            1080.339      862565.812           0.000
    27.88    42207.02     1087.52       38.81        19352756.000            1080.339      887896.875           0.000
    28.48    42860.46     1087.52       39.41        19854686.000            1080.339      913623.188           0.000
    29.09    43513.90     1087.52       40.01        20361744.000            1080.339      939744.750          -0.000
    29.69    44167.34     1087.52       40.61        20873902.000            1080.339      966261.562           0.000
    30.30    44820.77     1087.52       41.21        21391138.000            1080.339      993173.562           0.000
    30.90    45474.21     1087.52       41.81        21913428.000            1080.339     1020480.812           0.000
    31.51    46127.65     1087.52       42.42        22440744.000            1080.339     1048183.250           0.000
    32.11    46781.09     1087.52       43.02        22973058.000            1080.339     1076280.875           0.000
    32.72    47434.53     1087.52       43.62        23510358.000            1080.339     1104773.875           0.000
    33.32    48087.96     1087.52       44.22        24052610.000            1080.339     1133661.875           0.000
    33.93    48741.40     1087.52       44.82        24599804.000            1080.339     1162945.375           0.000
    34.53    49394.84     1087.52       45.42        25151912.000            1080.339     1192624.125          -0.000
    35.14    50048.28     1087.52       46.02        25708904.000            1080.339     1222697.875           0.000
    35.74    50701.72     1087.52       46.62        26270770.000            1080.339     1253167.000           0.000
