	RS=131.69* 
0	5.071871814
7.876032047	6.345935907
10.82954363	6.71169614
15.75511158	7.409687837
21.66518456	7.738871814
23.63114363	7.802880116
31.51327181	7.53770386
32.49777684	7.577328186
39.3893027	7.449312163
43.32731814	7.299960233
47.26838456	7.062216023
54.15991274	6.391655791
55.14441544	6.291071814
63.02044633	5.754623744
64.9925027	5.650992279
70.89952819	5.465064093
75.8250973	5.358383977
78.7786054	5.352287837
86.65463628	5.334
94.53371814	5.334
97.48723088	5.33704807
102.4128	5.334
108.3228765	5.297423744
110.2888309	5.291328186
118.1679127	5.291328186
119.1524201	5.294376256
126.0439436	5.26084807
129.9850054	5.239512163
133.9230255	5.17550386
140.8176	5.03529614
141.8021073	5.03224807
148.9649073	5.047487837
149.6781382	5.047487837
151.6501946	5.084064093
157.5572108	5.138928186
162.4797382	5.199887837
165.433251	5.245607721
173.3123235	5.114544209
181.1883637	4.767072105
184.1449274	4.7244
189.0674363	4.611624035
193.8619529	4.49275193
194.9775127	4.465319884
196.9465274	4.428743919
204.822549	4.294632047
205.8070471	4.291583977
212.7016402	4.322064093
216.639651	4.3434
220.5776618	4.480559942
227.4752873	4.733543919
228.4567529	4.745735907
236.3358255	4.828032047
238.3048402	4.840224035
244.2118471	4.828032047
249.1374255	4.767072105
252.0909382	4.700016023
259.9669598	4.443983977
266.629902	1.639824035
273.2928255	-1.331975965
274.4053529	-1.8288
279.955749	-2.97789614
286.6156402	-3.852672105
288.8406765	-4.154424035
293.2785637	-4.547616023
299.9414873	-5.93750386
303.272949	-6.754367953
306.6044108	-7.412735907
313.2673529	-8.467344209
317.7113235	-9.177528186
319.9272255	-9.473183977
326.5932	-10.48512047
332.1466471	-11.39647181
333.2530726	-11.56411158
339.9159961	-12.70711158
346.5789196	-13.59103205
353.2388294	-14.37132047
359.9048039	-15.11503205
361.0142804	-15.16989614
366.5646765	-15.42897567
373.2276	-15.70329614
375.4526549	-15.74292047
379.8905235	-15.83436023
386.5503961	-15.97761544
389.8849274	-16.09039228
393.2163706	-16.21536023
399.8762804	-16.49577567
404.320251	-16.65732047
406.5392039	-16.74571158
413.2021274	-16.98955251
418.7525235	-17.19376795
419.865051	-17.23034363
426.5279745	-17.47723205
433.1878471	-17.77288842
433.190898	-17.77593591
439.8507706	-18.15693591
446.5136941	-18.62023205
447.6262216	-18.68423977
453.1766549	-19.01342433
459.8395784	-19.48281544
462.0584941	-19.72055907
466.502502	-20.22043088
473.1623745	-20.86965637
476.4969059	-21.17750502
479.825298	-21.49754363
486.4882216	-21.95169498
490.9322294	-22.22296912
493.1511451	-22.35403088
499.8141059	-22.46071274
505.364502	-22.61920772
506.4739784	-22.65578456
513.1399529	-22.86
519.7998255	-23.15565637
526.462749	-23.42997684
533.1256726	-23.65247953
534.2382	-23.68905637
539.7855451	-23.85974363
546.4515196	-24.03347953
548.6704726	-24.02433591
553.1114294	-24.04872047
559.7743529	-23.97861544
563.1057961	-23.97556912
566.4372765	-23.99385637
573.097149	-24.11882316
577.5381059	-24.27427181
579.7631235	-24.31084865
586.4229961	-24.73452047
591.9794941	-25.32887953
593.0859196	-25.42641544
599.7488804	-25.94762316
606.4118039	-26.23413591
613.2179745	-26.13050502
620.0271961	-26.02687181
620.2863059	-26.02382316
626.8334039	-25.88666409
633.6396117	-25.8318
634.1577568	-25.82875135
640.4457451	-25.74645637
647.2519529	-25.60624865
648.0353098	-25.58491274
654.0581607	-25.16428726
660.8642941	-24.63088726
661.9098117	-24.5364
667.670502	-23.96337684
674.4797607	-23.21966409
675.7872902	-23.07335907
681.2858941	-22.46680772
688.092102	-21.68956912
689.6587412	-21.52192819
694.8983098	-21.18969498
701.7044432	-20.86965637
703.5362941	-20.79345637
708.510651	-20.60143088
715.3168588	-20.54656912
717.4107961	-20.61667181
722.1260432	-20.79040772
728.932251	-20.85441544
731.285298	-20.81479228
735.7384588	-20.75992819
742.5445922	-20.48255907
745.162851	-20.18995135
749.3508	-19.73884865
756.1570078	-18.98599228
759.034302	-18.62937567
762.9631412	-18.08073591
769.769349	-17.21205637
772.9118549	-16.83105637
776.5786078	-16.34947181
783.3847412	-15.66976795
786.7863568	-15.34972819
790.190949	-14.88338456
796.9971568	-13.60322433
800.6639098	-13.06372819
803.8063412	-12.58519228
810.612549	-11.67688842
814.5353607	-11.16177567
817.4187568	-10.85697567
824.2248902	-10.09192819
828.4097883	-9.540239767
831.031098	-9.22629614
837.8373059	-8.019287837
842.2873412	-7.248144209
844.6434393	-6.909816023
851.4496471	-6.09904807
856.1618432	-5.70890386
858.2589059	-5.498592279
865.0650393	-5.013960233
870.0393961	-4.602480116
871.8712471	-4.42569614
878.6774549	-3.678935907
883.9108471	-2.962656081
885.4835883	-2.74929614
892.2897961	-1.584959942
897.785349	-0.795527968
899.0960039	-0.600456009
905.9051883	-0.256031992
911.662902	-0.137159996
912.7113961	-0.079247997
925.5343529	1.094231974
939.4119059	1.764791988
939.9361529	1.789175965
946.7423607	2.148840058
953.2864078	2.849880116
953.5515451	2.874264093
959.8274039	3.697224035
960.3577529	3.767327895
967.1639607	4.148327895
974.7870117	4.428743919
978.5390432	4.447032047
982.4130393	4.443983977
989.9142	4.383024035
990.0360902	4.379975965
997.6591412	4.535424035
1001.295459	4.821935907
1005.282192	5.120639767
1012.670541	5.248655791
1012.908294	5.25475193
1020.531345	5.388864093
1024.048749	5.455919884
1028.154396	5.529071814
1035.423906	5.580887837
1035.777447	5.580887837
1043.403549	5.55650386
1046.80509	5.596128186
1051.0266	5.071871814
1058.180247	3.89229614
1058.649651	3.825240058
1066.272702	2.450591988
1069.555404	2.048255936
1073.895753	2.228087983
1080.933612	2.52069614
1081.518804	2.563367953
1089.141855	3.989832047
1092.308694	4.133088128
1096.767957	4.151375965
1103.689953	4.41655193
1104.391008	4.428743919
1112.014059	4.541519884
1115.06511	4.556759942
1119.63711	4.507991988
1126.440192	4.538472105
1127.263212	4.538472105
1134.886188	4.587240058
1137.8184	4.57809614
1142.509239	4.57809614
1149.193557	4.541519884
1150.13229	4.526280116
1157.758392	4.65429614
1160.574741	4.65124807
1165.381443	4.602480116
1171.949898	4.529327895
1173.004494	4.535424035
1180.627545	4.514088128
1183.328106	4.4958
1188.253647	4.437888128
1194.703188	4.447032047
1195.876698	4.450080116
1203.499749	4.447032047
1206.078345	4.42569614
1211.1228	4.41655193
1217.459604	4.367783977
1218.748902	4.370832047
1226.371953	4.459224035
1228.834761	4.483608012
1233.995004	4.523232047
1240.212894	4.523232047
1241.618055	4.526280116
1249.244082	4.556759942
1251.587977	4.56895193
1256.867208	4.581143919
1262.96931	4.596383977
1264.490184	4.599432047
1271.729184	4.581143919
1272.116286	4.581143919
1274.344392	4.587240058
1279.739412	4.572
1285.719623	4.611624035
1287.359412	4.629911872
1294.985514	4.684775965
1297.097682	4.700016023
1302.60849	4.639056081
1308.472914	4.611624035
1310.231616	4.584191988
1317.854592	4.383024035
1319.854098	4.319016023
1325.477718	4.334256081
1331.22918	4.379975965
1333.10382	4.459224035
1340.726796	4.751832047
1342.604412	4.80669614
1348.349921	4.904232047
1353.98262	4.910328186
1355.972898	4.867656081
1363.599	4.812791988
1365.357702	4.80364807
1371.221977	4.687824035
1376.738886	4.660391988
1378.845102	4.65429614
1386.471204	4.706111872
1388.114118	4.71830386
1394.09418	4.739640058
1399.4892	4.733543919
1401.717306	4.72744807
1409.340282	4.7244
1410.867408	4.739640058
1416.966384	4.773167953
1422.24249	4.87375193
1424.58951	4.931664093
1432.212486	4.931664093
1433.623823	4.916423744
1439.835612	4.934712163
1444.998906	4.892039767
1447.461714	4.87375193
1455.08469	4.898135907
1456.377114	4.913376256
1462.707816	5.001767953
1467.752196	5.001767953
1470.333918	4.980432047
1477.956894	4.998719884
1479.127279	4.995671814
1485.58002	4.940807721
1490.508612	4.861559942
1493.202996	4.834127895
1500.826121	4.80364807
1501.883694	4.79755193
1508.449098	4.80364807
1513.261902	4.79755193
1516.072223	4.79450386
1523.6952	4.855464093
1524.636984	4.858511872
1531.321302	4.614672105
1536.012216	4.450080116
1538.944279	4.364735907
1546.567404	4.18490386
1547.3934	4.160519884
1554.19038	4.248911872
1558.768482	4.294632047
1561.816482	4.312919884
1569.439608	4.401311872
1570.14669	4.410456081
1577.062584	4.520183977
1581.521921	4.593335907
1584.688686	4.6482
1592.311812	4.733543919
1592.897004	4.709159942
1599.934788	4.431791988
1604.278188	4.288535907
1607.557914	4.130040058
1615.184016	4.453127895
1615.65342	4.480559942
1622.806992	4.885944209
1627.031479	4.95604807
1630.430118	5.010912163
1638.053094	5.135880116
1638.40671	5.141976256
1645.679196	5.248655791
1649.781792	5.373623744
1653.302321	5.48030386
1660.925298	5.654039767
1661.162977	5.650992279
1668.5514	5.532119884
1672.538208	5.477255791
1676.174377	5.40410386
1683.797502	5.391912163
1683.916416	5.394960233
1691.420479	5.687567953
1695.291498	6.041135907
1699.043604	6.565392279
1706.66658	7.723632047
	
