 Elev(m)    dbdxp(-)    dbdxc(-)      I2p     I2c
  -13.3599997       0.00000000       0.00000000       0.00000000       0.00000000    
  -12.8199997      -1.91936344E-02   1.82802584E-02  -1.39921578E-03   1.33263064E-03
  -12.2799997      0.271791458     -0.260000974       1.42167313E-02  -1.36235459E-02
  -11.7399998      0.462702036     -0.419690877      0.101791628      -9.57506895E-02
  -11.1999998      0.405965716     -0.467764556      0.306236953     -0.292122841    
  -10.6700001      0.480791777     -0.578585625      0.633693933     -0.624634743    
  -10.1300001      0.477847457     -0.593456388       1.10063910      -1.12370205    
  -9.59000015      0.538524091     -0.704116583       1.71156263      -1.80280435    
  -9.05000019      0.501249611     -0.673408508       2.47237897      -2.67692113    
  -8.51000023      0.426982343     -0.641385376       3.37666321      -3.74730802    
  -7.96999979      0.331267536     -0.573873281       4.40389252      -5.00213671    
  -7.42999983      0.284065366     -0.489026129       5.53125525      -6.42304230    
  -6.90000010      0.266619474     -0.451309353       6.72191238      -7.96223497    
  -6.36000013      0.234071240     -0.425713181       8.01092339      -9.66166115    
  -5.82000017      0.196069896     -0.375608176       9.36779118      -11.4834394    
  -5.28000021      0.175278813     -0.336612225       10.7830887      -13.4155540    
  -4.73999977      0.177653193     -0.321068019       12.2511864      -15.4475365    
  -4.19999981      0.185968414     -0.308453798       13.7715206      -17.5733547    
  -3.66000009      0.188660949     -0.288562775       15.3456717      -19.7885857    
  -3.13000011      0.189023525     -0.254047900       16.9450111      -22.0450687    
  -2.58999991      0.184343114     -0.216201693       18.6287594      -24.4172173    
  -2.04999995      0.172994748     -0.194692552       20.3657742      -26.8536015    
  -1.50999999      0.166385412     -0.174408734       22.1535816      -29.3468475    
 -0.970000029      0.163641855     -0.146680966       23.9901886      -31.8904095    
 -0.430000007      0.164076075     -0.117102467       25.8747444      -34.4766083    
  0.109999999      0.166855142      -9.01132300E-02   27.8073158      -37.0971413    
  0.649999976      0.163070917      -4.16454263E-02   29.7880630      -39.7423859    
   1.17999995      0.157820389       2.24581361E-03   31.7791309      -42.3509445    
   1.72000003      0.153272063       4.73211110E-02   33.8533936      -45.0079269    
   2.25999999      0.148837507       9.50968266E-02   35.9723625      -47.6509132    
   2.79999995      0.145362854      0.166621834       38.1348000      -50.2644348    
   3.33999991      0.143021822      0.170437053       40.3397064      -52.8343086    
   3.88000011      0.141689092      0.173298597       42.5863953      -55.3545532    
   4.42000008      0.140584201      0.178976387       44.8744164      -57.8240585    
   4.94999981      0.140042990      0.188992932       47.1607170      -60.1957970    
   5.48999977      0.137737781      0.202217206       49.5304794      -62.5574532    
   6.03000021      0.135779306      0.211492151       51.9404373      -64.8604279    
   6.57000017      0.133951917      0.225512221       54.3899918      -67.1013870    
   7.11000013      0.176822230      0.200283468       56.8818665      -69.2794495    
   7.65000010      0.321063191       6.92345351E-02   59.4326897      -71.4068222    
   8.18999958      0.470835835       4.39853966E-02   62.0775414      -73.5062866    
   8.72000027      0.515577435       9.72109511E-02   64.8019867      -75.5484924    
   9.26000023      0.413188279      0.183064699       67.7160950      -77.5986862    
   9.80000019      0.277682215      0.236268252       70.7482681      -79.5978851    
   10.3400002      0.135837913      0.263051063       73.8609619      -81.5301132    
   10.8800001       4.44615930E-02  0.261985600       77.0169373      -83.3876648    
   11.4200001       1.86592340E-02  0.255982310       80.1906586      -85.1691818    
   11.9600000       8.16776976E-03  0.249430582       83.3709412      -86.8760910    
   12.5000000      -3.87865864E-03  0.246589750       86.5534897      -88.5099945    
   13.0299997      -1.41383149E-02  0.245334670       89.6760941      -90.0422974    
   13.5699997      -1.57543682E-02  0.245224983       92.8541489      -91.5325546    
   14.1099997      -2.26171445E-02  0.255187005       96.0272217      -92.9505768    
   14.6499996      -2.94825602E-02  0.262882173       99.1937103      -94.2943573    
   15.1899996      -2.98639555E-02  0.262882173       102.352066      -95.5620346    
   15.7299995      -2.98639555E-02  0.262882173       105.501747      -96.7530518    
   16.2700005      -2.98639555E-02  0.262882173       108.642723      -97.8674240    
   16.7999992      -2.98639555E-02  0.262882173       111.716888      -98.8852005    
   17.3400002      -2.98639555E-02  0.262882173       114.840446      -99.8462601    
   17.8799992      -2.98639555E-02  0.262882173       117.955284      -100.730652    
   18.4200001      -2.98639555E-02  0.262882173       121.061432      -101.538391    
   18.9599991      -2.98639555E-02  0.262882173       124.158852      -102.269478    
   19.5000000      -2.98639555E-02  0.262882173       127.247581      -102.923904    
   20.0400009      -2.98639555E-02  0.262882173       130.327591      -103.501678    
   20.5799999      -2.98639555E-02  0.262882173       133.398895      -104.002792    
   21.1100006      -2.98639555E-02  0.262882173       136.404694      -104.418678    
   21.6499996      -2.98639555E-02  0.262882173       139.458572      -104.766479    
   22.1900005      -2.98639555E-02  0.262882173       142.503754      -105.037621    
   22.7299995      -2.98639555E-02  0.262882173       145.540222      -105.232109    
   23.2700005      -2.98639555E-02  0.262882173       148.567993      -105.349945    
   23.8099995      -2.98639555E-02  0.262882173       151.587036      -105.391121    
   24.3500004      -2.98639555E-02  0.262882173       154.597397      -105.355637    
   24.8799992      -2.98639555E-02  0.262882173       157.543350      -105.244873    
   25.4200001      -2.98639555E-02  0.262882173       160.536285      -105.056076    
   25.9599991      -2.98639555E-02  0.262882173       163.520508      -104.790627    
   26.5000000      -2.98639555E-02  0.262882173       166.496017      -104.448517    
   27.0400009      -2.98639555E-02  0.262882173       169.462830      -104.029755    
   27.5799999      -2.98639555E-02  0.262882173       172.420914      -103.534340    
   28.1200008      -2.98639555E-02  0.262882173       175.370316      -102.962257    
   28.6499996      -2.98639555E-02  0.262882173       178.256439      -102.324837    
   29.1900005      -2.98639555E-02  0.262882173       181.188416      -101.599442    
   29.7299995      -2.98639555E-02  0.262882173       184.111679      -100.797401    
   30.2700005      -2.98639555E-02  0.262882173       187.026230      -99.9186935    
   30.8099995      -2.98639555E-02  0.262882173       189.932068      -98.9633408    
   31.3500004      -2.98639555E-02  0.262882173       192.829224      -97.9313278    
   31.8899994      -2.98639555E-02  0.262882173       195.717636      -96.8226547    
   32.4300003      -2.98639555E-02  0.262882173       198.597366      -95.6373291    
   32.9599991      -2.98639555E-02  0.262882173       201.415115      -94.3980026    
   33.5000000      -2.98639555E-02  0.262882173       204.277435      -93.0593643    
   34.0400009      -2.98639555E-02  0.262882173       207.131027      -91.6440659    
   34.5800018      -2.98639555E-02  0.262882173       209.975922      -90.1521072    
   35.1199989      -2.98639555E-02  0.262882173       212.812088      -88.5835114    
   35.6599998      -2.98639555E-02  0.262882173       215.639557      -86.9382401    
   36.2000008      -2.98639555E-02  0.262882173       218.458328      -85.2163162    
   36.7299995      -2.98639555E-02  0.262882173       221.216263      -83.4503403    
   37.2700005      -2.98639555E-02  0.262882173       224.017609      -81.5750961    
   37.8100014      -2.98639555E-02  0.262882173       226.810242      -79.6232071    
   38.3499985      -2.98639555E-02  0.262882173       229.594162      -77.5946655    
   38.8899994      -2.98639555E-02  0.262882173       232.369385      -75.4894562    
   39.4300003      -2.98639555E-02  0.262882173       235.135910      -73.3075943    
   39.9700012      -2.98639555E-02  0.262882173       237.893707      -71.0490723    
   40.5000000      -2.98639555E-02  0.262882173       240.591812      -68.7564392    
