   151.531311      -35.2431717    
   178.986649      -35.2431717    
 NaN NaN
   145.070618      -34.3705902    
   188.516846      -34.3705902    
 NaN NaN
   139.327423      -33.4980087    
   215.078369      -33.4980087    
 NaN NaN
   134.376923      -32.6254272    
   234.881927      -32.6254272    
 NaN NaN
   130.830093      -31.7528458    
   274.248596      -31.7528458    
 NaN NaN
   127.679871      -30.8802643    
   294.834778      -30.8802643    
 NaN NaN
   125.185158      -30.0076828    
   309.044434      -30.0076828    
 NaN NaN
   122.974358      -29.1351013    
   323.292786      -29.1351013    
 NaN NaN
   120.763557      -28.2625198    
   333.887238      -28.2625198    
 NaN NaN
   118.536346      -27.3899384    
   343.672607      -27.3899384    
 NaN NaN
   116.380455      -26.5173569    
   353.191589      -26.5173569    
 NaN NaN
   114.249153      -25.6447754    
   363.112427      -25.6447754    
 NaN NaN
   112.117851      -24.7721939    
   374.342224      -24.7721939    
 NaN NaN
   109.986549      -23.8996124    
   388.387695      -23.8996124    
 NaN NaN
   108.109543      -23.0270309    
   414.327942      -23.0270309    
 NaN NaN
   106.324577      -22.1544495    
   434.789276      -22.1544495    
 NaN NaN
   104.539604      -21.2818680    
   454.533813      -21.2818680    
 NaN NaN
   102.754639      -20.4092865    
   484.130707      -20.4092865    
 NaN NaN
   100.969666      -19.5367050    
   513.586121      -19.5367050    
 NaN NaN
   99.2181168      -18.6641235    
   552.288513      -18.6641235    
 NaN NaN
   97.4495316      -17.7915421    
   578.111816      -17.7915421    
 NaN NaN
   95.6793060      -16.9189606    
   590.152710      -16.9189606    
 NaN NaN
   93.9090729      -16.0463791    
   600.246155      -16.0463791    
 NaN NaN
   92.1362000      -15.1737976    
   609.432495      -15.1737976    
 NaN NaN
   90.2880936      -14.3012161    
   622.382996      -14.3012161    
 NaN NaN
   88.4461670      -13.4286346    
   635.813232      -13.4286346    
 NaN NaN
   86.6347046      -12.5560532    
   644.286865      -12.5560532    
 NaN NaN
   84.8232422      -11.6834717    
   650.225586      -11.6834717    
 NaN NaN
   82.9754562      -10.8108902    
   655.636414      -10.8108902    
 NaN NaN
   81.0498734      -9.93830872    
   658.568115      -9.93830872    
 NaN NaN
   79.1242981      -9.06572723    
   661.476257      -9.06572723    
 NaN NaN
   77.3780289      -8.19314575    
   664.384399      -8.19314575    
 NaN NaN
   75.7361221      -7.32056427    
   666.919434      -7.32056427    
 NaN NaN
   74.2871094      -6.44798279    
   669.880371      -6.44798279    
 NaN NaN
   73.0048981      -5.57540131    
   672.909058      -5.57540131    
 NaN NaN
   71.7226944      -4.70281982    
   677.026794      -4.70281982    
 NaN NaN
   70.4404907      -3.83023834    
   682.011902      -3.83023834    
 NaN NaN
   69.1582870      -2.95765686    
   685.696594      -2.95765686    
 NaN NaN
   67.9090271      -2.08507538    
   688.049377      -2.08507538    
 NaN NaN
   66.8278656      -1.21249390    
   690.402161      -1.21249390    
 NaN NaN
   65.4395065     -0.339912415    
   692.754944     -0.339912415    
 NaN NaN
   63.8203926      0.532669067    
   695.243835      0.532669067    
 NaN NaN
   62.2012749       1.40525055    
   697.932983       1.40525055    
 NaN NaN
   60.5821571       2.27783203    
   700.622131       2.27783203    
 NaN NaN
   58.9630394       3.15041351    
   792.051636       3.15041351    
 NaN NaN
   835.992004       3.15041351    
   848.967285       3.15041351    
 NaN NaN
   50.5177841       4.02299500    
   798.162964       4.02299500    
 NaN NaN
   831.195007       4.02299500    
   851.291138       4.02299500    
 NaN NaN
   27.1794930       4.89557648    
   803.085083       4.89557648    
 NaN NaN
   825.868652       4.89557648    
   853.614929       4.89557648    
 NaN NaN
   869.467529       4.89557648    
   880.160156       4.89557648    
 NaN NaN
   15.0155296       5.76815796    
   815.582336       5.76815796    
 NaN NaN
   817.706482       5.76815796    
   856.112915       5.76815796    
 NaN NaN
   866.618591       5.76815796    
   887.344116       5.76815796    
 NaN NaN
   7.23106670       6.64073944    
   862.991943       6.64073944    
 NaN NaN
   863.769653       6.64073944    
   890.815186       6.64073944    
 NaN NaN
   0.00000000       7.51332092    
   894.286255       7.51332092    
 NaN NaN
   0.00000000       8.38590240    
   894.286255       8.38590240    
 NaN NaN
   0.00000000       9.25848389    
   894.286255       9.25848389    
 NaN NaN
   0.00000000       10.1310654    
   894.286255       10.1310654    
 NaN NaN
   0.00000000       11.0036469    
   894.286255       11.0036469    
 NaN NaN
   0.00000000       11.8762283    
   894.286255       11.8762283    
 NaN NaN
   0.00000000       12.7488098    
   894.286255       12.7488098    
 NaN NaN
   0.00000000       13.6213913    
   894.286255       13.6213913    
 NaN NaN
   0.00000000       14.4939728    
   894.286255       14.4939728    
 NaN NaN
   0.00000000       15.3665543    
   894.286255       15.3665543    
 NaN NaN
   0.00000000       16.2391357    
   894.286255       16.2391357    
 NaN NaN
   0.00000000       17.1117172    
   894.286255       17.1117172    
 NaN NaN
   0.00000000       17.9842987    
   894.286255       17.9842987    
 NaN NaN
   0.00000000       18.8568802    
   894.286255       18.8568802    
 NaN NaN
   0.00000000       19.7294617    
   894.286255       19.7294617    
 NaN NaN
   0.00000000       20.6020432    
   894.286255       20.6020432    
 NaN NaN
   0.00000000       21.4746246    
   894.286255       21.4746246    
 NaN NaN
   0.00000000       22.3472061    
   894.286255       22.3472061    
 NaN NaN
   0.00000000       23.2197876    
   894.286255       23.2197876    
 NaN NaN
   0.00000000       24.0923691    
   894.286255       24.0923691    
 NaN NaN
   0.00000000       24.9649506    
   894.286255       24.9649506    
 NaN NaN
   0.00000000       25.8375320    
   894.286255       25.8375320    
 NaN NaN
   0.00000000       26.7101135    
   894.286255       26.7101135    
 NaN NaN
   0.00000000       27.5826950    
   894.286255       27.5826950    
 NaN NaN
   0.00000000       28.4552765    
   894.286255       28.4552765    
 NaN NaN
   0.00000000       29.3278580    
   894.286255       29.3278580    
 NaN NaN
   0.00000000       30.2004395    
   894.286255       30.2004395    
 NaN NaN
   0.00000000       31.0730209    
   894.286255       31.0730209    
 NaN NaN
   0.00000000       31.9456024    
   894.286255       31.9456024    
 NaN NaN
   0.00000000       32.8181839    
   894.286255       32.8181839    
 NaN NaN
   0.00000000       33.6907654    
   894.286255       33.6907654    
 NaN NaN
   0.00000000       34.5633469    
   894.286255       34.5633469    
 NaN NaN
   0.00000000       35.4359283    
   894.286255       35.4359283    
 NaN NaN
   0.00000000       36.3085098    
   894.286255       36.3085098    
 NaN NaN
   0.00000000       37.1810913    
   894.286255       37.1810913    
 NaN NaN
   0.00000000       38.0536728    
   894.286255       38.0536728    
 NaN NaN
   0.00000000       38.9262543    
   894.286255       38.9262543    
 NaN NaN
   0.00000000       39.7988358    
   894.286255       39.7988358    
 NaN NaN
   0.00000000       40.6714172    
   894.286255       40.6714172    
 NaN NaN
   0.00000000       41.5439987    
   894.286255       41.5439987    
 NaN NaN
   0.00000000       42.4165802    
   894.286255       42.4165802    
 NaN NaN
   0.00000000       43.2891617    
   894.286255       43.2891617    
 NaN NaN
   0.00000000       44.1617432    
   894.286255       44.1617432    
 NaN NaN
   0.00000000       45.0343246    
   894.286255       45.0343246    
 NaN NaN
   0.00000000       45.9069061    
   894.286255       45.9069061    
 NaN NaN
   0.00000000       46.7794876    
   894.286255       46.7794876    
 NaN NaN
   0.00000000       47.6520691    
   894.286255       47.6520691    
 NaN NaN
   0.00000000       48.5246506    
   894.286255       48.5246506    
 NaN NaN
   0.00000000       49.3972321    
   894.286255       49.3972321    
 NaN NaN
   0.00000000       50.2698135    
   894.286255       50.2698135    
 NaN NaN
   0.00000000       51.1423950    
   894.286255       51.1423950    
 NaN NaN
