	RS=123.74* 
0	8.180832047
6.9342	7.757160233
13.23441544	6.903719884
13.8684	6.754367953
20.8026	5.78815193
26.47492819	5.25170386
27.73375135	5.17550386
34.671	4.898135907
39.70934363	4.602480116
41.60215367	4.57809614
48.53635367	4.56590386
52.94985637	4.352543919
55.47055367	4.221480116
61.53302549	3.788664093
62.40475367	3.724656081
66.18427181	3.617975965
69.33895367	3.593591988
76.2701027	3.526535907
79.42477991	3.392424035
83.20734902	3.166872105
90.13850735	3.005327895
91.98863628	2.999232047
92.6592	2.999232047
97.07270735	2.96570386
104.0069073	2.907791988
105.8997127	2.862072105
110.9411073	2.752343919
117.8753073	2.682240058
119.1341235	2.667
124.8095073	2.59689614
131.7437073	2.654808012
132.3746363	2.654808012
138.6748564	2.606040058
145.6090564	2.023871959
153.4058363	0.929639985
156.520902	0.606552003
161.2026255	0.097535998
167.4388402	-0.40843201
168.9963637	-0.557784013
176.7931529	-1.353312017
178.3537274	-1.514855936
184.5868726	-2.398775965
189.2655637	-3.102864093
192.3836618	-3.441191988
200.1774	-4.248911872
207.9741892	-5.215128186
211.0922873	-5.583935907
215.7709598	-6.333744209
222.0071745	-7.46455193
223.567749	-7.720583977
231.3614873	-8.967216023
232.9190108	-9.29030386
239.1552255	-10.42720772
243.833898	-11.42390386
246.9520147	-12.00607181
254.7457529	-13.39596023
262.5425235	-14.65173591
265.6606402	-15.16989614
270.3362618	-15.78254363
276.5755274	-16.69389614
278.133051	-16.87372819
285.9298402	-17.62353591
287.4873637	-17.79727181
293.7266108	-18.49526409
298.402251	-19.18716023
301.520349	-19.6596
309.3140873	-21.11654363
317.1108765	-22.29916912
320.2289745	-22.67407181
324.9045961	-23.21356912
331.1408294	-23.87498456
332.7014039	-24.05176912
340.4951235	-24.54554363
342.055698	-24.58516912
348.2918941	-24.81681544
352.9706039	-24.99055135
356.088702	-25.14295135
363.8824216	-25.57576912
371.6792294	-25.99334363
374.8003784	-26.16707953
379.476	-26.33167181
385.7091451	-26.56941544
387.2697196	-26.60294363
395.0665274	-26.80715907
396.627102	-26.84678456
402.8602471	-26.99918456
407.5359059	-27.1272
410.6570549	-27.19120772
418.4507745	-27.45028726
426.2475451	-27.41675907
429.3686941	-27.40152047
434.0443529	-27.38627953
440.280549	-27.35884865
441.8380726	-27.37713591
449.6348804	-27.46857684
451.1954549	-27.48076912
457.4286	-27.59049498
462.1072726	-27.62097684
465.2253706	-27.64535907
473.0191274	-27.64231274
480.815898	-27.62097684
483.9339961	-27.63621544
488.6096549	-27.69412819
494.848902	-27.80080772
496.4064255	-27.84957684
504.2031961	-28.14523088
505.7607196	-28.20619228
512.0000039	-28.53537684
516.6756255	-28.83712819
519.7937235	-29.05658456
527.5904941	-29.71495135
535.384251	-30.54400772
538.502349	-30.83356912
543.1810216	-31.242
549.4172549	-31.83026409
550.9747784	-31.94913591
558.768498	-32.82695907
560.3290726	-32.99764865
566.5653059	-33.77793591
571.2439784	-34.36924865
574.3620765	-34.75329498
582.1557961	-35.78961544
589.9526039	-36.68877684
593.070702	-37.05148726
597.7493745	-37.46601544
603.9825196	-37.91102316
605.5430941	-37.99636912
613.339902	-38.27373591
614.8974255	-38.30421544
621.1336216	-38.42308726
625.8153451	-38.48404865
628.9303922	-38.52672047
636.7272	-38.59377684
645.6974432	-38.45661544
645.953502	-38.45052047
654.6677607	-38.14572047
655.1798039	-38.11828726
663.6380039	-37.54831274
664.4091568	-37.47211274
672.6082471	-36.17061544
673.6324078	-35.98773591
681.5784902	-34.38448726
682.8587098	-34.10102316
690.5488078	-32.32099228
692.0879883	-31.87598456
699.519051	-29.91002316
701.3142902	-29.40405637
708.4923451	-27.45333591
710.5405922	-26.94432047
717.4625883	-25.39593591
719.7668941	-24.88082316
726.4329059	-23.50617684
728.9962471	-23.11298456
735.403149	-22.12847953
738.219498	-21.73528726
744.3733922	-20.83612819
747.448851	-20.40331274
753.3437098	-19.58035135
756.6751529	-19.09572047
762.3139529	-17.95576795
765.9045059	-17.18462433
771.2872471	-15.64843205
775.1277568	-14.49323977
780.2574902	-13.31976023
784.3571098	-12.4968
789.2278078	-11.57325637
793.5834117	-10.72896023
798.198051	-9.930384558
802.8126902	-9.122664093
807.1682941	-8.400287837
812.0359412	-7.61695193
816.1386117	-6.961632047
821.2652941	-6.181344209
825.1088549	-5.574792279
830.4915961	-4.8768
834.079098	-4.33730386
839.717898	-3.602735907
843.0523922	-3.191256081
848.9442	-2.487167953
852.0227098	-2.188463948
858.170502	-1.575816023
860.9929529	-1.338071959
867.3998549	-0.746760015
869.9631961	-0.6096
876.6231059	-0.393191988
878.9334393	-0.320039985
885.8524588	-0.198119993
887.9037568	-0.207264002
895.0787607	-0.259080007
896.874	-0.249935998
904.3080393	-0.2286
905.8472941	-0.213359996
913.5312902	-0.146303997
914.8176117	-0.137159996
922.7606432	-0.045720002
923.7878549	-0.039623999
931.9869451	0.478536016
932.758098	0.521208012
941.216298	1.069847997
941.7283412	1.127760015
950.439549	2.026920029
950.6986588	2.084832047
959.668902	3.983735907
968.7641607	4.760975965
975.8416078	4.858511872
977.8623961	4.885944209
986.9576549	4.791456081
996.0528393	4.72135193
996.0589412	4.72135193
998.7198393	4.700016023
1005.1542	4.65124807
1014.249459	4.547616023
1023.344643	4.590288128
1032.442953	4.7244
1041.538212	5.608319884
1050.636447	7.449312163
	
