 Elev(m)    dbdxp(-)    dbdxc(-)      I2p     I2c
  -20.1399994       0.00000000       0.00000000       0.00000000       0.00000000    
  -19.4500008       1.83871686E-02   6.01172186E-02   2.18852400E-03   7.15542352E-03
  -18.7600002       2.56173145E-02   5.73235527E-02   1.18031967E-02   3.54446433E-02
  -18.0699997       3.41467224E-02   4.46862541E-02   3.37688960E-02   8.98539424E-02
  -17.3799992       4.06270698E-02   4.44917902E-02   7.17479363E-02  0.167019352    
  -16.6900005       4.74506393E-02   4.93860021E-02  0.129110217      0.265972704    
  -16.0000000       5.27469292E-02   6.19722083E-02  0.208882064      0.389354497    
  -15.3100004       5.97228892E-02   8.19723979E-02  0.313966483      0.543123424    
  -14.6199999       5.90342954E-02  0.120743670      0.446572810      0.738153815    
  -13.9300003       5.97276352E-02  0.161875427      0.607449591      0.990950823    
  -13.2399998       6.84365630E-02  0.178121701      0.797716916       1.31785488    
  -12.5500002       7.86323100E-02  0.180869654       1.02074349       1.72795546    
  -11.8599997       9.68395323E-02  0.177896857       1.28216076       2.22348762    
  -11.1700001      0.116504483      0.179439217       1.58985639       2.80425286    
  -10.4799995      0.141514584      0.191771761       1.95365632       3.47173429    
  -9.78999996      0.149070114      0.205628067       2.38275313       4.23069811    
  -9.10000038      0.152918547      0.235231742       2.88238072       5.08943605    
  -8.40999985      0.161341995      0.327045530       3.45535803       6.06757307    
  -7.71999979      0.178798854      0.366860449       4.10622501       7.19522619    
  -7.03000021      0.189015552      0.381068558       4.84135580       8.49449253    
  -6.34000015      0.211764529      0.416895300       5.66796827       9.97775936    
  -5.65000010      0.257422268      0.427492678       6.59812880       11.6565075    
  -4.96000004      0.320537984      0.408497810       7.65292597       13.5352612    
  -4.26999998      0.362788677      0.436786592       8.85784721       15.6141291    
  -3.57999992      0.396071255      0.478848696       10.2344246       17.9025898    
  -2.89000010      0.431765884      0.624129713       11.7998571       20.4313145    
  -2.20000005      0.460506707      0.800711751       13.5700264       23.2609119    
  -1.50999999      0.489632159      0.769317448       15.5594883       26.4469757    
 -0.819999993      0.558521450      0.670806825       17.7867947       29.9913197    
 -0.140000001       1.09410620      0.104588903       20.3014755       33.7455139    
  0.550000012       1.06246924       7.06146955E-02   23.3036327       37.6667061    
   1.24000001      0.890468001       8.51950701E-03   26.7949219       41.6181717    
   1.92999995      0.379211783      -1.69124529E-02   30.6697845       45.5780563    
   2.61999989      -3.47379223E-02  -3.39117199E-02   34.7367706       49.5308914    
   3.30999994      -6.77921921E-02  -5.53059988E-02   38.8325539       53.4670601    
   4.00000000      -9.89276841E-02  -7.57724345E-02   42.8962898       57.3770065    
   4.69000006     -0.125805199      -8.03877413E-02   46.9134369       61.2527657    
   5.38000011     -0.263139278      0.134301767       50.8575363       65.1163559    
   6.07000017     -0.155908436       9.91214812E-02   54.7054672       69.0141449    
   6.76000023      -7.90485740E-02  0.283152491       58.4755554       72.9852142    
   7.44999981      0.154964775      0.365000814       62.2267113       77.0789337    
   8.14000034      0.246683240      0.500752866       66.0347137       81.3528442    
   8.82999992      0.380188078      0.627864420       69.9651260       85.8641357    
   9.52000046      0.402940124      0.635319233       74.0633774       90.6601105    
   10.2100000      0.480259955      0.533884466       78.3599472       95.7455978    
   10.8999996      0.608818233      0.333044648       82.8912735       101.073433    
   11.5900002      0.577228308      0.234963343       87.6934052       106.572067    
   12.2799997      0.466400385      0.183323056       92.7609100       112.188087    
   12.9700003      0.304487437      0.170305103       98.0443954       117.895996    
   13.6599998      0.209142208      0.150832966       103.480766       123.684204    
   14.3500004      0.184991673      0.121715322       109.025192       129.543091    
   15.0400000      0.161513090      0.121715322       114.657761       135.463379    
   15.7299995      0.140203059      0.121715322       120.367485       141.441620    
   16.4200001      0.121712156      0.121715322       126.144302       147.477814    
   17.1100006      0.121712156      0.121715322       131.981262       153.571960    
   17.7999992      0.121712156      0.121715322       137.876160       159.724030    
   18.4899998      0.121712156      0.121715322       143.829025       165.934067    
   19.1800003      0.121712156      0.121715322       149.839828       172.202057    
   19.8700008      0.121712156      0.121715322       155.908585       178.528000    
   20.5599995      0.121712156      0.121715322       162.035263       184.911865    
   21.2500000      0.121712156      0.121715322       168.219925       191.353699    
   21.9400005      0.121712156      0.121715322       174.462509       197.853485    
   22.6299992      0.121712156      0.121715322       180.763031       204.411209    
   23.3199997      0.121712156      0.121715322       187.121521       211.026886    
   24.0100002      0.121712156      0.121715322       193.537964       217.700516    
   24.7000008      0.121712156      0.121715322       200.012344       224.432098    
   25.3899994      0.121712156      0.121715322       206.544662       231.221603    
   26.0799999      0.121712156      0.121715322       213.134933       238.069077    
   26.7700005      0.121712156      0.121715322       219.783157       244.974503    
   27.4599991      0.121712156      0.121715322       226.489319       251.937851    
   28.1499996      0.121712156      0.121715322       233.253433       258.959167    
   28.8299999      0.121712156      0.121715322       239.977051       265.936249    
   29.5200005      0.121712156      0.121715322       246.857071       273.073486    
   30.2099991      0.121712156      0.121715322       253.794998       280.268616    
   30.8999996      0.121712156      0.121715322       260.790924       287.521759    
   31.5900002      0.121712156      0.121715322       267.844757       294.832794    
   32.2799988      0.121712156      0.121715322       274.956543       302.201813    
   32.9700012      0.121712156      0.121715322       282.126312       309.628784    
   33.6599998      0.121712156      0.121715322       289.354004       317.113678    
   34.3499985      0.121712156      0.121715322       296.639618       324.656525    
   35.0400009      0.121712156      0.121715322       303.983215       332.257324    
   35.7299995      0.121712156      0.121715322       311.384735       339.916077    
   36.4199982      0.121712156      0.121715322       318.844208       347.632751    
   37.1100006      0.121712156      0.121715322       326.361664       355.407440    
   37.7999992      0.121712156      0.121715322       333.937012       363.240021    
   38.4900017      0.121712156      0.121715322       341.570374       371.130585    
   39.1800003      0.121712156      0.121715322       349.261627       379.079071    
   39.8699989      0.121712156      0.121715322       357.010803       387.085480    
   40.5600014      0.121712156      0.121715322       364.817993       395.149902    
   41.2500000      0.121712156      0.121715322       372.683105       403.272217    
   41.9399986      0.121712156      0.121715322       380.606140       411.452484    
   42.6300011      0.121712156      0.121715322       388.587158       419.690765    
   43.3199997      0.121712156      0.121715322       396.626099       427.986938    
   44.0099983      0.121712156      0.121715322       404.722992       436.341034    
   44.7000008      0.121712156      0.121715322       412.877838       444.753143    
   45.3899994      0.121712156      0.121715322       421.090637       453.223175    
   46.0800018      0.121712156      0.121715322       429.361389       461.751160    
   46.7700005      0.121712156      0.121715322       437.690063       470.337097    
   47.4599991      0.121712156      0.121715322       446.076660       478.980927    
   48.1500015      0.121712156      0.121715322       454.521271       487.682800    
   48.8400002      0.121712156      0.121715322       463.023773       496.442566    
