 Elev(m)    dbdxp(-)    dbdxc(-)      I2p     I2c
  -22.5200005       0.00000000       0.00000000       0.00000000       0.00000000    
  -21.7900009       2.33794805E-02   5.23091145E-02   3.11472733E-03   6.96887309E-03
  -21.0599995       4.43310253E-02   8.41001719E-02   1.83649193E-02   3.90797593E-02
  -20.3299999       6.25623837E-02   8.71728212E-02   5.68766706E-02  0.112181529    
  -19.5900002       6.77129999E-02  0.104608081      0.127707854      0.234965101    
  -18.8600006       8.42492580E-02  0.134679720      0.235417441      0.413863719    
  -18.1299992      0.106054716      0.125394508      0.388725728      0.659290314    
  -17.3999996      0.116506696      0.107047141      0.597037613      0.970331728    
  -16.6700001      0.105926335      0.125888512      0.864633799       1.34337294    
  -15.9300003      0.107480861      0.130677849       1.19436646       1.78716338    
  -15.1999998      0.105046093      0.128582120       1.57677281       2.29413986    
  -14.4700003      0.103703298      0.125862345       2.01530313       2.86955404    
  -13.7399998      0.102410451      0.133244768       2.50910425       3.51338673    
  -13.0000000      0.101202846      0.140758604       3.06463122       4.23753500    
  -12.2700005      0.105185047      0.143770158       3.66763997       5.02680063    
  -11.5400000      0.110199131      0.224564195       4.32683992       5.90304518    
  -10.8100004      0.167769939      0.218081445       5.05176592       6.88733101    
  -10.0699997      0.181360632      0.193759143       5.87067652       7.99974871    
  -9.34000015      0.159279704      0.249420106       6.77104235       9.21178341    
  -8.60999966      0.154533818      0.443329901       7.75859880       10.5751543    
  -7.88000011      0.325298816      0.333956361       8.85188770       12.1343679    
  -7.13999987      0.226204619      0.312392950       10.0984297       13.9060249    
  -6.40999985      0.225713983      0.352649748       11.4627991       15.8296137    
  -5.67999983      0.253259093      0.341103107       12.9511871       17.9342289    
  -4.94999981      0.250513464      0.373641402       14.5705013       20.2264900    
  -4.21000004      0.295286357      0.348563910       16.3527451       22.7428932    
  -3.48000002      0.335331738      0.314182460       18.2686176       25.4111023    
  -2.75000000      0.337319225      0.286745369       20.3581161       28.2476635    
  -2.01999998      0.319681883      0.268328339       22.6247597       31.2382336    
  -1.27999997      0.290817738      0.254288733       25.0925121       34.4143562    
 -0.550000012      0.270871311      0.248537719       27.6841812       37.6851158    
  0.180000007      0.261934072      0.243027478       30.4216652       41.0883560    
  0.910000026      0.252563834      0.241971746       33.2986755       44.6216965    
   1.64999998      0.247930557      0.239535376       36.3512573       48.3330841    
   2.38000011      0.242476732      0.238969207       39.4955063       52.1230850    
   3.10999990      0.239464685      0.239872739       42.7692909       56.0406265    
   3.83999991      0.238578871      0.242264003       46.1709709       60.0861969    
   4.57999992      0.238686621      0.268800348       49.7473946       64.3203812    
   5.30999994      0.239442706      0.347389430       53.4036255       68.6484528    
   6.03999996      0.242523476      0.510162473       57.1877708       73.1728592    
   6.76999998      0.262566179      0.623955846       61.1034126       77.9626007    
   7.51000023      0.380683184      0.628991306       65.2266083       83.1380463    
   8.23999977      0.688762188      0.469139427       69.5234070       88.5590286    
   8.97000027      0.778273523      0.295865476       74.1581345       94.2282333    
   9.69999981      0.688809752       5.72159290E-02   79.1837540       100.046387    
   10.4300003      0.503220558       5.73559962E-02   84.5636444       105.926857    
   11.1700001      0.111713231       6.18397035E-02   90.2601318       111.919220    
   11.8999996       5.69489226E-02   5.24953902E-02   95.9851379       117.861931    
   12.6300001       5.79208471E-02   5.21171838E-02   101.747925       123.833824    
   13.3599997       5.58261089E-02   3.55052501E-02   107.541168       129.831314    
   14.1000004       5.79320006E-02   1.47012156E-02   113.444290       135.929489    
   14.8299999       3.99791189E-02   1.47012156E-02   119.296043       141.955963    
   15.5600004       1.77941192E-02   1.47012156E-02   125.168533       147.990265    
   16.2900009       1.46933431E-02   1.47012156E-02   131.053055       154.032394    
   17.0300007       1.46933431E-02   1.47012156E-02   137.026489       160.165192    
   17.7600002       1.46933431E-02   1.47012156E-02   142.927078       166.222977    
   18.4899998       1.46933431E-02   1.47012156E-02   148.835495       172.288620    
   19.2199993       1.46933431E-02   1.47012156E-02   154.751740       178.362076    
   19.9599991       1.46933431E-02   1.47012156E-02   160.756912       184.526642    
   20.6900005       1.46933431E-02   1.47012156E-02   166.688843       190.615784    
   21.4200001       1.46933431E-02   1.47012156E-02   172.628571       196.712753    
   22.1499996       1.46933431E-02   1.47012156E-02   178.576141       202.817566    
   22.8899994       1.46933431E-02   1.47012156E-02   184.613068       209.013885    
   23.6200008       1.46933431E-02   1.47012156E-02   190.576309       215.134369    
   24.3500004       1.46933431E-02   1.47012156E-02   196.547363       221.262680    
   25.0799999       1.46933431E-02   1.47012156E-02   202.526260       227.398819    
   25.8199997       1.46933431E-02   1.47012156E-02   208.594925       233.626907    
   26.5499992       1.46933431E-02   1.47012156E-02   214.589478       239.778717    
   27.2800007       1.46933431E-02   1.47012156E-02   220.591873       245.938370    
   28.0100002       1.46933431E-02   1.47012156E-02   226.602081       252.105850    
   28.7500000       1.46933431E-02   1.47012156E-02   232.702499       258.365692    
   29.4799995       1.46933431E-02   1.47012156E-02   238.728378       264.548859    
   30.2099991       1.46933431E-02   1.47012156E-02   244.762070       270.739838    
   30.9400005       1.46933431E-02   1.47012156E-02   250.803619       276.938660    
   31.6800003       1.46933431E-02   1.47012156E-02   256.935791       283.230286    
   32.4099998       1.46933431E-02   1.47012156E-02   262.992981       289.444763    
   33.1399994       1.46933431E-02   1.47012156E-02   269.057983       295.667084    
   33.8699989       1.46933431E-02   1.47012156E-02   275.130859       301.897217    
   34.6100006       1.46933431E-02   1.47012156E-02   281.294800       308.220642    
   35.3400002       1.46933431E-02   1.47012156E-02   287.383301       314.466461    
   36.0699997       1.46933431E-02   1.47012156E-02   293.479645       320.720093    
   36.7999992       1.46933431E-02   1.47012156E-02   299.583801       326.981598    
   37.5299988       1.46933431E-02   1.47012156E-02   305.695801       333.250916    
   38.2700005       1.46933431E-02   1.47012156E-02   311.899414       339.614014    
   39.0000000       1.46933431E-02   1.47012156E-02   318.027100       345.899017    
   39.7299995       1.46933431E-02   1.47012156E-02   324.162567       352.191833    
   40.4599991       1.46933431E-02   1.47012156E-02   330.305908       358.492493    
   41.2000008       1.46933431E-02   1.47012156E-02   336.541260       364.887390    
   41.9300003       1.46933431E-02   1.47012156E-02   342.700256       371.203705    
   42.6599998       1.46933431E-02   1.47012156E-02   348.867065       377.527863    
   43.3899994       1.46933431E-02   1.47012156E-02   355.041687       383.859863    
   44.1300011       1.46933431E-02   1.47012156E-02   361.308838       390.286499    
   44.8600006       1.46933431E-02   1.47012156E-02   367.499115       396.634186    
   45.5900002       1.46933431E-02   1.47012156E-02   373.697266       402.989685    
   46.3199997       1.46933431E-02   1.47012156E-02   379.903229       409.353027    
   47.0600014       1.46933431E-02   1.47012156E-02   386.202087       415.811432    
   47.7900009       1.46933431E-02   1.47012156E-02   392.423706       422.190430    
   48.5200005       1.46933431E-02   1.47012156E-02   398.653168       428.577271    
   49.2500000       1.46933431E-02   1.47012156E-02   404.890442       434.971924    
   49.9900017       1.46933431E-02   1.47012156E-02   411.221069       441.462097    
   50.7200012       1.46933431E-02   1.47012156E-02   417.473999       447.872437    
