 Elev(m)    dbdxp(-)    dbdxc(-)      I2p     I2c
  -28.7399998       0.00000000       0.00000000       0.00000000       0.00000000    
  -28.0599995       4.04867083E-02   8.16410631E-02   4.68026754E-03   9.43771563E-03
  -27.3799992       6.78983554E-02  0.105168447       2.65701283E-02   4.99083437E-02
  -26.7099991       9.31874365E-02  0.110450946       7.91046694E-02  0.135987043    
  -26.0300007       9.41651165E-02  0.109675497      0.172424704      0.273350447    
  -25.3500004       8.28638971E-02  0.107411072      0.307867467      0.461256027    
  -24.6800003       6.12100884E-02  0.101566620      0.478136986      0.695282280    
  -24.0000000       5.21863922E-02   9.45254788E-02  0.680462897      0.979267001    
  -23.3299999       7.51158595E-02   7.36732110E-02  0.907445431       1.30085409    
  -22.6499996       8.26863199E-02   7.64763802E-02   1.17055428       1.66375208    
  -21.9699993       7.17608258E-02   9.42485258E-02   1.46975911       2.06374311    
  -21.2999992       8.33844244E-02  0.101275839       1.80009019       2.49990010    
  -20.6200008       8.48947763E-02  0.109000310       2.17247081       2.98913884    
  -19.9400005       8.25480968E-02  0.114361294       2.58366203       3.52850747    
  -19.2700005       9.01720896E-02  0.130507231       3.02784443       4.11369181    
  -18.5900002      0.106034502      0.139966249       3.52100658       4.76676130    
  -17.9099998      0.102459721      0.168574929       4.06095219       5.48676538    
  -17.2399998      0.125753686      0.253381699       4.64308596       6.28010178    
  -16.5599995      0.122805469      0.403433621       5.28863001       7.20925713    
  -15.8900003      0.127037466      0.437568963       5.98187208       8.29677868    
  -15.2100000      0.174591586      0.362002075       6.74878168       9.58873272    
  -14.5299997      0.451014638       6.63354769E-02   7.62287951       11.0226326    
  -13.8599997      0.439676523       7.24342614E-02   8.65834332       12.5002756    
  -13.1800003      0.346497804       8.29856396E-02   9.90156937       14.0337400    
  -12.5000000      0.157808661       8.37552026E-02   11.2939777       15.6044474    
  -11.8299999       6.88830391E-02   8.51256251E-02   12.7495537       17.1905708    
  -11.1499996       6.12608418E-02   8.77059698E-02   14.2677155       18.8395786    
  -10.4799995       5.60161434E-02   9.00013372E-02   15.7919312       20.5045643    
  -9.80000019       5.54151088E-02   9.23078060E-02   17.3651314       22.2357121    
  -9.11999989       5.83471991E-02   8.89729261E-02   18.9643650       24.0088902    
  -8.44999981       6.34797141E-02   8.22746456E-02   20.5671215       25.7964382    
  -7.76999998       6.80277646E-02   7.77807236E-02   22.2228737       27.6486664    
  -7.09000015       7.05949590E-02   7.52987266E-02   23.9098549       29.5370941    
  -6.42000008       7.32680261E-02   7.28602782E-02   25.6044464       31.4323139    
  -5.73999977       7.66870826E-02   7.15817139E-02   27.3580475       33.3893890    
  -5.05999994       9.50182602E-02   5.74611835E-02   29.1488323       35.3780823    
  -4.38999987       9.63420719E-02   5.86840846E-02   30.9549599       37.3656502    
  -3.71000004       9.38271210E-02   6.18466809E-02   32.8318214       39.4100456    
  -3.03999996       9.10090953E-02   6.63880706E-02   34.7241058       41.4529266    
  -2.35999990       8.97100419E-02   7.05976933E-02   36.6865768       43.5567360    
  -1.67999995       9.53665897E-02   6.70493767E-02   38.6913300       45.6922951    
  -1.00999999      0.103507861       6.01695925E-02   40.7106743       47.8268318    
 -0.330000013      0.101487733       5.19928075E-02   42.8065033       50.0206833    
  0.349999994       9.48461443E-02   4.94554900E-02   44.9487228       52.2392273    
   1.01999998       9.30870995E-02   9.83864367E-02   47.1035271       54.4537888    
   1.70000005       8.93815234E-02  0.229753047       49.3329887       56.7561722    
   2.38000011       9.35622901E-02  0.286493003       51.6046906       59.1561699    
   3.04999995      0.355974168       8.54526088E-03   53.9157906       61.6137772    
   3.73000002      0.211745262       1.93864014E-02   56.3782005       64.1448898    
   4.40000010       3.31328213E-02   1.28967771E-02   58.8973732       66.6456985    
   5.07999992       1.93496905E-02  -1.73949655E-02   61.4880981       69.1869888    
   5.76000023      -2.20640725E-03  -1.73949655E-02   64.0868683       71.7237320    
   6.42999983      -1.73867699E-02  -1.73949655E-02   66.6471100       74.2151871    
   7.11000013      -1.73867699E-02  -1.73949655E-02   69.2393188       76.7358475    
   7.78999996      -1.73867699E-02  -1.73949655E-02   71.8234787       79.2484665    
   8.46000004      -1.73867699E-02  -1.73949655E-02   74.3616638       81.7161484    
   9.14000034      -1.73867699E-02  -1.73949655E-02   76.9297485       84.2126770    
   9.81999969      -1.73867699E-02  -1.73949655E-02   79.4897919       86.7011642    
   10.4899998      -1.73867699E-02  -1.73949655E-02   82.0042038       89.1450653    
   11.1700001      -1.73867699E-02  -1.73949655E-02   84.5481720       91.6174698    
   11.8400002      -1.73867699E-02  -1.73949655E-02   87.0467529       94.0455246    
   12.5200005      -1.73867699E-02  -1.73949655E-02   89.5746384       96.5018387    
   13.1999998      -1.73867699E-02  -1.73949655E-02   92.0944824       98.9501038    
   13.8699999      -1.73867699E-02  -1.73949655E-02   94.5692902       101.354385    
   14.5500002      -1.73867699E-02  -1.73949655E-02   97.0730591       103.786568    
   15.2299995      -1.73867699E-02  -1.73949655E-02   99.5687866       106.210701    
   15.8999996      -1.73867699E-02  -1.73949655E-02   102.019836       108.591209    
   16.5799999      -1.73867699E-02  -1.73949655E-02   104.499481       110.999260    
   17.2600002      -1.73867699E-02  -1.73949655E-02   106.971092       113.399269    
   17.9300003      -1.73867699E-02  -1.73949655E-02   109.398376       115.755997    
   18.6100006      -1.73867699E-02  -1.73949655E-02   111.853905       118.139923    
   19.2800007      -1.73867699E-02  -1.73949655E-02   114.265343       120.480797    
   19.9599991      -1.73867699E-02  -1.73949655E-02   116.704788       122.848633    
   20.6399994      -1.73867699E-02  -1.73949655E-02   119.136200       125.208420    
   21.3099995      -1.73867699E-02  -1.73949655E-02   121.523880       127.525528    
   21.9899998      -1.73867699E-02  -1.73949655E-02   123.939209       129.869232    
   22.6700001      -1.73867699E-02  -1.73949655E-02   126.346504       132.204895    
   23.3400002      -1.73867699E-02  -1.73949655E-02   128.710419       134.498215    
   24.0200005      -1.73867699E-02  -1.73949655E-02   131.101624       136.817795    
   24.7000008      -1.73867699E-02  -1.73949655E-02   133.484802       139.129318    
   25.3700008      -1.73867699E-02  -1.73949655E-02   135.824951       141.398880    
   26.0499992      -1.73867699E-02  -1.73949655E-02   138.192032       143.694321    
   26.7199993      -1.73867699E-02  -1.73949655E-02   140.516342       145.948013    
   27.3999996      -1.73867699E-02  -1.73949655E-02   142.867355       148.227371    
   28.0799999      -1.73867699E-02  -1.73949655E-02   145.210327       150.498688    
   28.7500000      -1.73867699E-02  -1.73949655E-02   147.510864       152.728622    
   29.4300003      -1.73867699E-02  -1.73949655E-02   149.837769       154.983841    
   30.1100006      -1.73867699E-02  -1.73949655E-02   152.156631       157.231033    
   30.7800007      -1.73867699E-02  -1.73949655E-02   154.433395       159.437180    
   31.4599991      -1.73867699E-02  -1.73949655E-02   156.736176       161.668274    
   32.1399994      -1.73867699E-02  -1.73949655E-02   159.030914       163.891327    
   32.8100014      -1.73867699E-02  -1.73949655E-02   161.283920       166.073700    
   33.4900017      -1.73867699E-02  -1.73949655E-02   163.562592       168.280670    
   34.1599998      -1.73867699E-02  -1.73949655E-02   165.799744       170.447189    
   34.8400002      -1.73867699E-02  -1.73949655E-02   168.062332       172.638077    
   35.5200005      -1.73867699E-02  -1.73949655E-02   170.316864       174.820908    
   36.1899986      -1.73867699E-02  -1.73949655E-02   172.530258       176.963654    
   36.8699989      -1.73867699E-02  -1.73949655E-02   174.768723       179.130402    
   37.5499992      -1.73867699E-02  -1.73949655E-02   176.999146       181.289108    
   38.2200012      -1.73867699E-02  -1.73949655E-02   179.188797       183.408096    
   38.9000015      -1.73867699E-02  -1.73949655E-02   181.403137       185.550705    
