 Elev(m)    Area(m2)     Peri(m)      Radi(m)   Conv(m3/s)    topWidth(m)    newI1(m3)    dPdA(1/m)
   -20.92        0.00        0.00         NaN                 NaN               0.000           0.000             NaN
   -20.21       19.77       43.76        0.45             465.500              43.730           6.933           2.214
   -19.51       61.35       76.89        0.80            2110.997              76.788          35.384           0.797
   -18.81      122.96       99.82        1.23            5651.807              99.639         100.027           0.372
   -18.11      199.29      121.13        1.65           11109.855             120.864         213.052           0.279
   -17.41      294.00      152.98        1.92           18178.309             152.627         386.069           0.336
   -16.71      410.05      174.46        2.35           28995.650             174.010         633.006           0.185
   -16.01      536.55      187.23        2.87           43300.605             186.698         965.011           0.101
   -15.30      673.08      204.09        3.30           59652.465             203.487        1389.270           0.123
   -14.60      824.37      231.56        3.56           76880.023             230.904        1914.475           0.182
   -13.90      995.22      256.34        3.88           98336.688             255.616        2552.665           0.145
   -13.20     1181.05      273.52        4.32          125270.438             272.712        3315.954           0.092
   -12.50     1377.05      288.73        4.77          156068.922             287.842        4213.162           0.078
   -11.80     1586.33      306.85        5.17          189712.188             305.904        5252.516           0.087
   -11.09     1804.63      318.46        5.67          229440.969             317.410        6441.838           0.053
   -10.39     2032.91      334.37        6.08          270874.500             333.240        7787.790           0.070
    -9.69     2282.30      393.54        5.80          294683.750             392.340        9301.276           0.237
    -8.99     2564.74      411.89        6.23          347223.969             410.631       11001.296           0.065
    -8.29     2857.90      426.42        6.70          406363.812             425.086       12903.199           0.050
    -7.59     3164.53      466.91        6.78          453334.375             465.519       15015.468           0.132
    -6.89     3526.55      569.36        6.19          475756.344             567.924       17362.254           0.283
    -6.18     3942.93      616.77        6.39          543261.812             615.286       19982.051           0.114
    -5.48     4382.10      639.05        6.86          632663.312             637.503       22901.916           0.051
    -4.78     4840.98      676.79        7.15          718865.000             675.142       26136.762           0.082
    -4.08     5322.56      702.06        7.58          821634.375             700.290       29701.453           0.052
    -3.38     5826.51      734.00        7.94          927420.562             732.113       33611.801           0.063
    -2.68     6347.96      754.16        8.42         1050685.500             752.155       37881.793           0.039
    -1.98     6881.64      771.46        8.92         1183962.875             769.259       42521.852           0.032
    -1.27     7425.26      783.46        9.48         1330148.125             780.993       47539.758           0.022
    -0.57     7977.25      794.96       10.03         1484514.500             792.217       52941.934           0.021
     0.13     8536.19      803.73       10.62         1649787.625             800.698       58733.754           0.016
     0.83     9100.40      811.41       11.22         1823900.375             808.091       64919.492           0.014
     1.53     9670.23      820.19       11.79         2003761.250             816.588       71502.977           0.015
     2.23    10245.04      826.03       12.40         2195768.500             822.126       78487.930           0.010
     2.93    10823.61      831.67       13.01         2395405.250             827.466       85877.406           0.010
     3.64    11405.07      834.71       13.66         2607351.500             830.107       93673.750           0.005
     4.34    11988.18      837.46       14.32         2827099.000             832.445      101878.547           0.005
     5.04    12572.94      840.20       14.96         3053974.500             834.783      110492.945           0.005
     5.74    13159.61      843.81       15.60         3285764.250             838.090      119518.211           0.006
     6.44    13750.52      860.90       15.97         3488387.250             854.890      128956.492           0.029
     7.14    14360.32      898.64       15.98         3644275.750             892.287      138815.906           0.062
     7.84    15006.46      970.67       15.46         3725133.500             964.030      149115.812           0.111
     8.55    15700.87     1012.56       15.51         3905281.750            1005.713      159885.906           0.060
     9.25    16420.82     1059.44       15.50         4083209.250            1052.361      171152.047           0.065
     9.95    17186.37     1120.62       15.34         4243541.500            1113.314      182939.203           0.080
    10.65    17969.17     1126.07       15.96         4555784.000            1118.580      195269.422           0.007
    11.35    18755.61     1131.34       16.58         4877732.000            1123.655      208150.047           0.007
    12.05    19546.04     1138.79       17.16         5202312.000            1130.949      221583.703           0.009
    12.76    20342.45     1146.93       17.74         5534037.500            1138.961      235573.938           0.010
    13.46    21142.38     1150.65       18.37         5888713.500            1142.608      250124.047           0.005
    14.16    21946.52     1158.19       18.95         6239500.500            1150.111      265236.750           0.009
    14.86    22753.28     1158.19       19.65         6626444.500            1150.111      280914.469           0.000
    15.56    23560.04     1158.19       20.34         7022645.500            1150.111      297158.094          -0.000
    16.26    24366.81     1158.19       21.04         7427995.000            1150.111      313967.625           0.000
    16.96    25173.57     1158.19       21.74         7842394.000            1150.111      331343.125           0.000
    17.67    25980.34     1158.19       22.43         8265743.500            1150.111      349284.500          -0.000
    18.37    26787.10     1158.19       23.13         8697947.000            1150.111      367791.781           0.000
    19.07    27593.87     1158.19       23.83         9138921.000            1150.111      386865.031          -0.000
    19.77    28400.63     1158.19       24.52         9588570.000            1150.111      406504.125           0.000
    20.47    29207.40     1158.19       25.22        10046820.000            1150.111      426709.219          -0.000
    21.17    30014.16     1158.19       25.91        10513587.000            1150.111      447480.219           0.000
    21.87    30820.93     1158.19       26.61        10988793.000            1150.111      468817.094           0.000
    22.58    31627.69     1158.19       27.31        11472367.000            1150.111      490719.906          -0.000
    23.28    32434.46     1158.19       28.00        11964234.000            1150.111      513188.625           0.000
    23.98    33241.22     1158.19       28.70        12464326.000            1150.111      536223.312          -0.000
    24.68    34047.98     1158.19       29.40        12972575.000            1150.111      559823.875           0.000
    25.38    34854.75     1158.19       30.09        13488919.000            1150.111      583990.312           0.000
    26.08    35661.52     1158.19       30.79        14013294.000            1150.111      608722.750          -0.000
    26.78    36468.28     1158.19       31.49        14545632.000            1150.111      634021.062           0.000
    27.49    37275.04     1158.19       32.18        15085886.000            1150.111      659885.312          -0.000
    28.19    38081.81     1158.19       32.88        15633988.000            1150.111      686315.500           0.000
    28.89    38888.57     1158.19       33.58        16189888.000            1150.111      713311.562          -0.000
    29.59    39695.34     1158.19       34.27        16753531.000            1150.111      740873.562           0.000
    30.29    40502.10     1158.19       34.97        17324862.000            1150.111      769001.438           0.000
    30.99    41308.87     1158.19       35.67        17903834.000            1150.111      797695.312          -0.000
    31.69    42115.63     1158.19       36.36        18490390.000            1150.111      826955.125           0.000
    32.40    42922.39     1158.19       37.06        19084486.000            1150.111      856780.750          -0.000
    33.10    43729.16     1158.19       37.76        19686070.000            1150.111      887172.250           0.000
    33.80    44535.93     1158.19       38.45        20295106.000            1150.111      918129.875           0.000
    34.50    45342.69     1158.19       39.15        20911538.000            1150.111      949653.312          -0.000
    35.20    46149.45     1158.19       39.85        21535326.000            1150.111      981742.562           0.000
    35.90    46956.22     1158.19       40.54        22166428.000            1150.111     1014398.000          -0.000
    36.60    47762.98     1158.19       41.24        22804800.000            1150.111     1047619.125           0.000
    37.31    48569.75     1158.19       41.94        23450398.000            1150.111     1081406.125           0.000
    38.01    49376.51     1158.19       42.63        24103192.000            1150.111     1115759.125          -0.000
    38.71    50183.28     1158.19       43.33        24763132.000            1150.111     1150678.250           0.000
    39.41    50990.04     1158.19       44.03        25430182.000            1150.111     1186163.000          -0.000
    40.11    51796.80     1158.19       44.72        26104306.000            1150.111     1222213.750           0.000
    40.81    52603.57     1158.19       45.42        26785470.000            1150.111     1258830.500          -0.000
    41.52    53410.34     1158.19       46.12        27473630.000            1150.111     1296013.125           0.000
    42.22    54217.10     1158.19       46.81        28168754.000            1150.111     1333761.625           0.000
    42.92    55023.87     1158.19       47.51        28870816.000            1150.111     1372076.125          -0.000
    43.62    55830.63     1158.19       48.21        29579766.000            1150.111     1410956.500           0.000
    44.32    56637.39     1158.19       48.90        30295584.000            1150.111     1450402.750          -0.000
    45.02    57444.16     1158.19       49.60        31018224.000            1150.111     1490414.875           0.000
    45.72    58250.92     1158.19       50.29        31747672.000            1150.111     1530993.125           0.000
    46.43    59057.69     1158.19       50.99        32483884.000            1150.111     1572137.125          -0.000
    47.13    59864.45     1158.19       51.69        33226826.000            1150.111     1613847.000           0.000
    47.83    60671.22     1158.19       52.38        33976484.000            1150.111     1656123.000          -0.000
    48.53    61477.98     1158.19       53.08        34732804.000            1150.111     1698964.750           0.000
    49.23    62284.75     1158.19       53.78        35495776.000            1150.111     1742372.375          -0.000
