 Elev(m)    dbdxp(-)    dbdxc(-)      I2p     I2c
  -17.8600006       0.00000000       0.00000000       0.00000000       0.00000000    
  -17.2700005       4.46438305E-02   1.22269476E-02   3.88513133E-03   1.06405071E-03
  -16.6700001       3.42792347E-02   9.79008060E-03   1.86553802E-02   5.14425524E-03
  -16.0799999       3.41364779E-02   1.82376467E-02   4.61160913E-02   1.35435369E-02
  -15.4899998       7.31509849E-02   7.86502063E-02   8.88673738E-02   3.28136012E-02
  -14.8900003      0.262759537       5.04631326E-02  0.171070769       7.22209141E-02
  -14.3000002      0.225159809      0.337160468      0.324085206      0.156127796    
  -13.7100000      0.375794649      0.139630303      0.571858943      0.315260381    
  -13.1099997      0.347908169       4.13326658E-02  0.939997137      0.535034537    
  -12.5200005      0.257947534       4.27363589E-02   1.41875339      0.774472177    
  -11.9300003      0.209296435       5.64481728E-02   1.99089694       1.02985787    
  -11.3299999      0.184339166       9.46446434E-02   2.64834523       1.31149900    
  -10.7399998      0.173786744      0.116129555       3.36082911       1.62015653    
  -10.1499996      0.195434749       8.17732289E-02   4.13661003       1.96437931    
  -9.56000042      0.193589896       7.07296580E-02   4.97837639       2.33909559    
  -8.96000004      0.185084447       6.55640364E-02   5.90179443       2.74552107    
  -8.36999989      0.173542798       7.19700381E-02   6.87453461       3.16920018    
  -7.78000021      0.167679816       8.41886923E-02   7.90817881       3.61843777    
  -7.17999983      0.166210935       9.46186259E-02   9.01859856       4.10467052    
  -6.59000015      0.175529242      0.101092599       10.1697903       4.61565113    
  -6.00000000      0.178791016      0.104730487       11.3815584       5.16157532    
  -5.40000010      0.194981068       6.27477542E-02   12.6777496       5.74954271    
  -4.80999994      0.183642238       3.90049815E-02   14.0183573       6.35138321    
  -4.21999979      0.153702110       3.08005176E-02   15.4212713       6.96815395    
  -3.61999989      0.128059059       2.81725582E-02   16.9023399       7.60668802    
  -3.02999997      0.116156824       2.63992678E-02   18.4049034       8.24454594    
  -2.44000006      0.108262189       2.51004789E-02   19.9482517       8.89163589    
  -1.85000002      0.103703737       2.30218787E-02   21.5295773       9.54739475    
  -1.25000000       9.89693105E-02   2.28911266E-02   23.1740990       10.2225227    
 -0.660000026       9.69407856E-02   2.38282084E-02   24.8261948       10.8945265    
  -7.00000003E-02   9.65075120E-02   2.42053587E-02   26.5121746       11.5747766    
  0.529999971       9.60588604E-02   2.63136663E-02   28.2606068       12.2752037    
   1.12000000       9.42789912E-02   2.84394324E-02   30.0135021       12.9731913    
   1.71000004       9.53909010E-02   3.57046314E-02   31.7994671       13.6815262    
   2.30999994      0.102535315       7.38880113E-02   33.6497116       14.4170799    
   2.90000010      0.136903286       4.25450131E-02   35.5074692       15.1602039    
   3.49000001      0.123390570       4.51964699E-02   37.4087143       15.9210958    
   4.09000015       9.96090099E-02   4.47815582E-02   39.3846283       16.7104797    
   4.67999983       9.05932039E-02   4.63509150E-02   41.3638916       17.5025997    
   5.26999998       9.10228640E-02   8.40670094E-02   43.3755112       18.3139992    
   5.86000013       9.16393399E-02   8.62135887E-02   45.4188347       19.1515675    
   6.46000004      0.188499749      0.129062563       47.5373344       20.0371361    
   7.05000019      0.309202790      0.193246916       49.6886215       20.9550419    
   7.63999987      0.411666036      0.113993384       51.9459572       21.9277325    
   8.23999977      0.217515722       5.94099760E-02   54.3601036       22.9591904    
   8.82999992       7.15317950E-02   1.90310124E-02   56.8148384       23.9956264    
   9.42000008       2.39875168E-02   2.00803839E-02   59.3030357       25.0422935    
   10.0200005       6.68713031E-03   2.28431225E-02   61.8445358       26.1138973    
   10.6099997       3.95626714E-03   2.55669225E-02   64.3473053       27.1756496    
   11.1999998       1.05473241E-02   1.80920828E-02   66.8522720       28.2454147    
   11.8000002       1.06597235E-02   1.30617491E-03   69.4028244       29.3388653    
   12.3900003      -9.18252021E-03   1.30617491E-03   71.9128723       30.4160347    
   12.9799995      -2.44751051E-02   1.30617491E-03   74.4201202       31.4936562    
   13.5799999      -2.44751051E-02   1.30617491E-03   76.9626236       32.5900040    
   14.1700001      -2.44751051E-02   1.30617491E-03   79.4541626       33.6685371    
   14.7600002      -2.44751051E-02   1.30617491E-03   81.9371796       34.7475243    
   15.3500004      -2.44751051E-02   1.30617491E-03   84.4116821       35.8269653    
   15.9499998      -2.44751051E-02   1.30617491E-03   86.9195251       36.9251633    
   16.5400009      -2.44751051E-02   1.30617491E-03   89.3769913       38.0055161    
   17.1299992      -2.44751051E-02   1.30617491E-03   91.8259201       39.0863190    
   17.7299995      -2.44751051E-02   1.30617491E-03   94.3077774       40.1859016    
   18.3199997      -2.44751051E-02   1.30617491E-03   96.7396774       41.2676201    
   18.9099998      -2.44751051E-02   1.30617491E-03   99.1630630       42.3497887    
   19.5100002      -2.44751051E-02   1.30617491E-03   101.618927       43.4507599    
   20.1000004      -2.44751051E-02   1.30617491E-03   104.025269       44.5338402    
   20.6900005      -2.44751051E-02   1.30617491E-03   106.423088       45.6173744    
   21.2900009      -2.44751051E-02   1.30617491E-03   108.852959       46.7197342    
   21.8799992      -2.44751051E-02   1.30617491E-03   111.233734       47.8041725    
   22.4699993      -2.44751051E-02   1.30617491E-03   113.605995       48.8890724    
   23.0599995      -2.44751051E-02   1.30617491E-03   115.969734       49.9744263    
   23.6599998      -2.44751051E-02   1.30617491E-03   118.364952       51.0786324    
   24.2500000      -2.44751051E-02   1.30617491E-03   120.711655       52.1648941    
   24.8400002      -2.44751051E-02   1.30617491E-03   123.049835       53.2516136    
   25.4400005      -2.44751051E-02   1.30617491E-03   125.419060       54.3572083    
   26.0300007      -2.44751051E-02   1.30617491E-03   127.740196       55.4448357    
   26.6200008      -2.44751051E-02   1.30617491E-03   130.052826       56.5329170    
   27.2199993      -2.44751051E-02   1.30617491E-03   132.396042       57.6398964    
   27.8099995      -2.44751051E-02   1.30617491E-03   134.691635       58.7288857    
   28.3999996      -2.44751051E-02   1.30617491E-03   136.978699       59.8183327    
   29.0000000      -2.44751051E-02   1.30617491E-03   139.295929       60.9267006    
   29.5900002      -2.44751051E-02   1.30617491E-03   141.565948       62.0170555    
   30.1800003      -2.44751051E-02   1.30617491E-03   143.827454       63.1078644    
   30.7700005      -2.44751051E-02   1.30617491E-03   146.080444       64.1991272    
   31.3700008      -2.44751051E-02   1.30617491E-03   148.363022       65.3093491    
   31.9599991      -2.44751051E-02   1.30617491E-03   150.598953       66.4015198    
   32.5499992      -2.44751051E-02   1.30617491E-03   152.826385       67.4941483    
   33.1500015      -2.44751051E-02   1.30617491E-03   155.082977       68.6057587    
   33.7400017      -2.44751051E-02   1.30617491E-03   157.293365       69.6992950    
   34.3300018      -2.44751051E-02   1.30617491E-03   159.495239       70.7932892    
   34.9300003      -2.44751051E-02   1.30617491E-03   161.725815       71.9062729    
   35.5200005      -2.44751051E-02   1.30617491E-03   163.910645       73.0011749    
   36.1100006      -2.44751051E-02   1.30617491E-03   166.086960       74.0965347    
   36.7099991      -2.44751051E-02   1.30617491E-03   168.291550       75.2109070    
   37.2999992      -2.44751051E-02   1.30617491E-03   170.450821       76.3071747    
   37.8899994      -2.44751051E-02   1.30617491E-03   172.601562       77.4038925    
   38.4799995      -2.44751051E-02   1.30617491E-03   174.743790       78.5010681    
   39.0800018      -2.44751051E-02   1.30617491E-03   176.913742       79.6173019    
   39.6699982      -2.44751051E-02   1.30617491E-03   179.038910       80.7153854    
   40.2599983      -2.44751051E-02   1.30617491E-03   181.155579       81.8139191    
   40.8600006      -2.44751051E-02   1.30617491E-03   183.299545       82.9315414    
   41.4500008      -2.44751051E-02   1.30617491E-03   185.399170       84.0309906    
