 Elev(m)    dbdxp(-)    dbdxc(-)      I2p     I2c
  -16.3400002       0.00000000       0.00000000       0.00000000       0.00000000    
  -15.7700005       2.51470990E-02   2.39413679E-02   2.04257085E-03   1.94463553E-03
  -15.1899996       2.31694728E-02   3.32822762E-02   1.01239001E-02   1.05501330E-02
  -14.6199999       2.78638862E-02   4.17362340E-02   2.62032412E-02   2.98287477E-02
  -14.0400000       4.64205444E-02  0.121099330       5.28163314E-02   6.88721687E-02
  -13.4700003       9.06176940E-02  0.241997719       9.62392613E-02  0.150189295    
  -12.8900003       9.69924256E-02  0.387523890      0.166988835      0.314075857    
  -12.3100004       9.22218189E-02   1.01287913      0.268880635      0.644637048    
  -11.7399998       9.84867290E-02   1.35713148      0.400140017       1.27771223    
  -11.1599998      0.171482936       1.32623672      0.571392357       2.33573103    
  -10.5900002      0.206302911       1.27981699      0.792684019       3.80889869    
  -10.0100002      0.476712346      0.947488129       1.10455990       5.70421457    
  -9.43999958      0.641876817      0.732618451       1.55835068       7.88735390    
  -8.85999966      0.966702819      0.380788267       2.24321055       10.3380880    
  -8.27999973      0.970260918      0.334150761       3.22064114       12.9405031    
  -7.71000004      0.792663813      0.302185118       4.48445511       15.6088066    
  -7.13000011      0.620753765      0.272436768       6.03095198       18.4231892    
  -6.55999994      0.534253895      0.225579828       7.76138544       21.2769794    
  -5.98000002      0.430355728      0.182565719       9.69598866       24.2551479    
  -5.40999985      0.312848926      0.151725575       11.7373047       27.2428474    
  -4.82999992      0.275930613      0.131974399       13.9236832       30.3336315    
  -4.25000000      0.266452312      0.113890506       16.2036171       33.4682388    
  -3.68000007      0.284857273       8.36094096E-02   18.5338364       36.5851593    
  -3.09999990      0.292317331       6.01296350E-02   20.9973850       39.7847595    
  -2.52999997      0.289974511       4.69987504E-02   23.5134430       42.9497719    
  -1.95000005      0.285302401       4.13850546E-02   26.1684971       46.1863441    
  -1.38000000      0.281471848       3.64927165E-02   28.8713417       49.3807449    
 -0.800000012      0.277880579       3.23728807E-02   31.7138824       52.6432152    
 -0.230000004      0.267233849       3.21008600E-02   34.5979080       55.8603630    
  0.349999994      0.252199620       3.28830406E-02   37.6197739       59.1445580    
  0.930000007      0.235079899       3.36239152E-02   40.7248917       62.4396210    
   1.50000000      0.213455066       3.47445905E-02   43.8531685       65.6889191    
   2.07999992      0.183340147       3.67934555E-02   47.1056252       69.0066833    
   2.65000010      0.159054801       3.94004025E-02   50.3626022       72.2793503    
   3.23000002      0.144807279       9.52711254E-02   53.7297020       75.6266632    
   3.79999995      0.130855978      0.181251109       57.0862427       78.9498520    
   4.38000011      0.117924348      0.298394889       60.5446625       82.3931580    
   4.96000004      0.106488027      0.378056765       64.0422211       85.9317322    
   5.53000021       8.90659541E-02  0.499243587       67.5139084       89.5364456    
   6.11000013       7.49232993E-02  0.553204179       71.0759888       93.3623962    
   6.67999983      0.167951629      0.500304222       74.6099243       97.2949066    
   7.26000023      0.223020807      0.466914922       78.2576904       101.462059    
   7.82999992      0.258847177      0.438158989       81.9140091       105.710777    
   8.40999985      0.476202667      0.227998823       85.7340012       110.162956    
   8.98999977      0.583262980      0.122175679       89.7018509       114.699585    
   9.56000042      0.540471017      0.120573565       93.7801056       119.206650    
   10.1400003      0.448936880      0.107462361       98.1031494       123.831367    
   10.7100000      0.396918327       9.28390697E-02   102.502106       128.411453    
   11.2900000      0.327775538       7.81919062E-02   107.107018       133.102356    
   11.8599997      0.213630766       6.57283217E-02   111.736382       137.738190    
   12.4399996      0.139020950       4.23419699E-02   116.520355       142.476028    
   13.0100002      0.101489842       4.23419699E-02   121.270531       147.147995    
   13.5900002       8.74741673E-02   4.23419699E-02   126.139259       151.915787    
   14.1700001       7.40238279E-02   4.23419699E-02   131.036987       156.697586    
   14.7399998       6.07816130E-02   4.23419699E-02   135.874573       161.410812    
   15.3199997       4.23393883E-02   4.23419699E-02   140.816544       166.220612    
   15.8900003       4.23393883E-02   4.23419699E-02   145.688721       170.961365    
   16.4699993       4.23393883E-02   4.23419699E-02   150.660233       175.799149    
   17.0400009       4.23393883E-02   4.23419699E-02   155.559921       180.567429    
   17.6200008       4.23393883E-02   4.23419699E-02   160.559433       185.433212    
   18.2000008       4.23393883E-02   4.23419699E-02   165.572937       190.313004    
   18.7700005       4.23393883E-02   4.23419699E-02   170.513885       195.122528    
   19.3500004       4.23393883E-02   4.23419699E-02   175.555389       200.030304    
   19.9200001       4.23393883E-02   4.23419699E-02   180.523834       204.867355    
   20.5000000       4.23393883E-02   4.23419699E-02   185.593338       209.803131    
   21.0699997       4.23393883E-02   4.23419699E-02   190.589294       214.667679    
   21.6499996       4.23393883E-02   4.23419699E-02   195.686798       219.631454    
   22.2199993       4.23393883E-02   4.23419699E-02   200.710281       224.523529    
   22.7999992       4.23393883E-02   4.23419699E-02   205.835770       229.515305    
   23.3799992       4.23393883E-02   4.23419699E-02   210.975250       234.521072    
   23.9500008       4.23393883E-02   4.23419699E-02   216.040009       239.454437    
   24.5300007       4.23393883E-02   4.23419699E-02   221.207489       244.488205    
   25.1000004       4.23393883E-02   4.23419699E-02   226.299744       249.449051    
   25.6800003       4.23393883E-02   4.23419699E-02   231.495224       254.510818    
   26.2500000       4.23393883E-02   4.23419699E-02   236.614990       259.499176    
   26.8299999       4.23393883E-02   4.23419699E-02   241.838470       264.588928    
   27.4099998       4.23393883E-02   4.23419699E-02   247.075928       269.692688    
   27.9799995       4.23393883E-02   4.23419699E-02   252.236969       274.722351    
   28.5599995       4.23393883E-02   4.23419699E-02   257.502441       279.854095    
   29.1299992       4.23393883E-02   4.23419699E-02   262.690979       284.911255    
   29.7099991       4.23393883E-02   4.23419699E-02   267.984436       290.070984    
   30.2800007       4.23393883E-02   4.23419699E-02   273.200531       295.155670    
   30.8600006       4.23393883E-02   4.23419699E-02   278.521973       300.343414    
   31.4400005       4.23393883E-02   4.23419699E-02   283.857422       305.545166    
   32.0099983       4.23393883E-02   4.23419699E-02   289.114746       310.671082    
   32.5900002       4.23393883E-02   4.23419699E-02   294.478210       315.900848    
   33.1599998       4.23393883E-02   4.23419699E-02   299.763031       321.054291    
   33.7400017       4.23393883E-02   4.23419699E-02   305.154510       326.312073    
   34.3100014       4.23393883E-02   4.23419699E-02   310.466858       331.493011    
   34.8899994       4.23393883E-02   4.23419699E-02   315.886261       336.778748    
   35.4599991       4.23393883E-02   4.23419699E-02   321.226135       341.987213    
   36.0400009       4.23393883E-02   4.23419699E-02   326.673584       347.300964    
   36.6199989       4.23393883E-02   4.23419699E-02   332.134979       352.628693    
   37.1899986       4.23393883E-02   4.23419699E-02   337.516144       357.878418    
   37.7700005       4.23393883E-02   4.23419699E-02   343.005554       363.234192    
   38.3400002       4.23393883E-02   4.23419699E-02   348.414215       368.511444    
   38.9199982       4.23393883E-02   4.23419699E-02   353.931610       373.895142    
   39.4900017       4.23393883E-02   4.23419699E-02   359.367798       379.199951    
   40.0699997       4.23393883E-02   4.23419699E-02   364.913208       384.611664    
   40.6500015       4.23393883E-02   4.23419699E-02   370.472626       390.037384    
   41.2200012       4.23393883E-02   4.23419699E-02   375.950043       395.383453    
