 Elev(m)    Area(m2)     Peri(m)      Radi(m)   Conv(m3/s)    topWidth(m)    newI1(m3)    dPdA(1/m)
   -22.76        0.00        0.00         NaN                 NaN               0.000           0.000             NaN
   -22.06       22.38       46.08        0.49             553.276              46.045           7.855           2.059
   -21.36       60.52       61.21        0.99            2402.587              61.096          36.947           0.397
   -20.66      108.39       76.22        1.42            5483.082              76.009          96.221           0.314
   -19.96      169.53      100.40        1.69            9615.484             100.105         193.749           0.396
   -19.25      249.55      124.81        2.00           15842.608             124.440         340.812           0.305
   -18.55      342.17      139.22        2.46           24926.973             138.757         548.458           0.156
   -17.85      445.23      155.59        2.86           35895.926             155.062         824.771           0.159
   -17.15      559.30      170.89        3.27           49315.020             170.292        1177.278           0.134
   -16.45      685.03      189.78        3.61           64477.602             189.121        1613.933           0.150
   -15.74      826.41      217.31        3.80           80536.453             216.606        2144.322           0.195
   -15.04      995.53      262.21        3.80           96914.000             261.448        2783.669           0.265
   -14.34     1190.75      294.12        4.05          120987.391             293.303        3550.869           0.163
   -13.64     1403.10      312.92        4.48          152611.062             312.025        4461.091           0.089
   -12.94     1631.88      346.40        4.71          183438.859             345.440        5526.113           0.146
   -12.23     1885.74      372.24        5.07          222490.812             371.225        6760.501           0.102
   -11.53     2151.42      387.12        5.56          270003.281             386.031        8177.204           0.056
   -10.83     2428.07      406.47        5.97          319750.938             405.302        9784.221           0.070
   -10.13     2731.16      457.62        5.97          359446.125             456.391       11594.680           0.169
    -9.43     3062.83      489.13        6.26          416213.500             487.817       13627.886           0.095
    -8.73     3415.91      519.15        6.58          479778.031             517.763       15901.382           0.085
    -8.02     3793.00      550.85        6.89          549128.875             549.384       18431.105           0.084
    -7.32     4184.56      568.43        7.36          633421.312             566.858       21230.561           0.045
    -6.62     4588.11      583.52        7.86          725680.625             581.841       24309.031           0.037
    -5.92     5001.11      597.22        8.37          824924.812             595.424       27674.047           0.033
    -5.22     5424.12      611.76        8.87          929440.062             609.855       31332.430           0.034
    -4.51     5856.92      625.23        9.37         1041079.250             623.211       35291.133           0.031
    -3.81     6300.14      642.02        9.81         1155074.875             639.901       39557.242           0.038
    -3.11     6754.36      655.88       10.30         1278849.000             653.639       44138.277           0.030
    -2.41     7217.25      667.78       10.81         1411202.375             665.417       49041.141           0.026
    -1.71     7688.07      678.11       11.34         1551987.625             675.619       54271.660           0.022
    -1.01     8165.45      687.20       11.88         1700732.125             684.581       59834.922           0.019
    -0.30     8649.49      697.49       12.40         1853611.250             694.770       65735.555           0.021
     0.40     9141.04      709.70       12.88         2009096.125             706.902       71978.539           0.025
     1.10     9642.27      725.35       13.29         2164344.000             722.484       78569.906           0.031
     1.80    10155.76      742.88       13.67         2322572.500             739.945       85517.359           0.034
     2.50    10680.45      758.56       14.08         2491045.750             755.566       92829.117           0.030
     3.21    11216.58      776.41       14.45         2661334.000             773.359      100513.141           0.033
     3.91    11766.62      796.79       14.77         2833019.250             793.688      108578.320           0.037
     4.61    12338.20      836.99       14.74         2967105.250             833.815      117037.086           0.070
     5.31    12937.63      866.38       14.93         3138187.000             863.086      125906.789           0.049
     6.01    13546.52      875.50       15.47         3364627.500             872.078      135200.516           0.015
     6.71    14162.56      887.41       15.96         3590995.500             883.887      144924.078           0.019
     7.42    14829.64      998.82       14.85         3583318.250             995.184      155097.906           0.167
     8.12    15539.82     1031.19       15.07         3792361.250            1027.413      165755.047           0.046
     8.82    16284.39     1080.65       15.07         3973939.250            1076.759      176922.688           0.066
     9.52    17047.89     1098.07       15.53         4243834.000            1094.064      188619.500           0.023
    10.22    17819.40     1108.24       16.08         4540732.000            1104.126      200855.016           0.013
    10.93    18598.69     1121.70       16.58         4837411.500            1117.480      213634.719           0.017
    11.63    19385.78     1128.66       17.18         5162075.000            1124.338      226964.078           0.009
    12.33    20176.11     1136.60       17.75         5491836.500            1132.210      240847.000           0.010
    13.03    20970.73     1136.60       18.45         5857035.000            1132.210      255286.078           0.000
    13.73    21765.35     1136.60       19.15         6231578.000            1132.210      270282.875           0.000
    14.43    22559.98     1136.60       19.85         6615351.500            1132.210      285837.375           0.000
    15.14    23354.60     1136.60       20.55         7008243.000            1132.210      301949.531           0.000
    15.84    24149.22     1136.60       21.25         7410149.500            1132.210      318619.375           0.000
    16.54    24943.84     1136.60       21.95         7820972.000            1132.210      335846.938          -0.000
    17.24    25738.46     1136.60       22.65         8240612.500            1132.210      353632.156           0.000
    17.94    26533.09     1136.60       23.34         8668982.000            1132.210      371975.125           0.000
    18.65    27327.71     1136.60       24.04         9105990.000            1132.210      390875.750           0.000
    19.35    28122.33     1136.60       24.74         9551553.000            1132.210      410334.094           0.000
    20.05    28916.95     1136.60       25.44        10005590.000            1132.210      430350.094           0.000
    20.75    29711.57     1136.60       26.14        10468020.000            1132.210      450923.781           0.000
    21.45    30506.20     1136.60       26.84        10938772.000            1132.210      472055.188           0.000
    22.15    31300.82     1136.60       27.54        11417770.000            1132.210      493744.281           0.000
    22.86    32095.44     1136.60       28.24        11904943.000            1132.210      515991.031           0.000
    23.56    32890.06     1136.60       28.94        12400226.000            1132.210      538795.500           0.000
    24.26    33684.68     1136.60       29.64        12903550.000            1132.210      562157.688           0.000
    24.96    34479.30     1136.60       30.34        13414853.000            1132.210      586077.500           0.000
    25.66    35273.93     1136.60       31.03        13934075.000            1132.210      610555.062           0.000
    26.37    36068.55     1136.60       31.73        14461153.000            1132.210      635590.250           0.000
    27.07    36863.17     1136.60       32.43        14996031.000            1132.210      661183.250           0.000
    27.77    37657.79     1136.60       33.13        15538649.000            1132.210      687333.812           0.000
    28.47    38452.41     1136.60       33.83        16088953.000            1132.210      714042.125          -0.000
    29.17    39247.04     1136.60       34.53        16646895.000            1132.210      741308.188           0.000
    29.87    40041.66     1136.60       35.23        17212420.000            1132.210      769131.812           0.000
    30.58    40836.28     1136.60       35.93        17785476.000            1132.210      797513.250           0.000
    31.28    41630.90     1136.60       36.63        18366012.000            1132.210      826452.312           0.000
    31.98    42425.52     1136.60       37.33        18953984.000            1132.210      855949.062          -0.000
    32.68    43220.14     1136.60       38.03        19549344.000            1132.210      886003.500           0.000
    33.38    44014.77     1136.60       38.72        20152050.000            1132.210      916615.750           0.000
    34.09    44809.39     1136.60       39.42        20762050.000            1132.210      947785.562           0.000
    34.79    45604.01     1136.60       40.12        21379306.000            1132.210      979513.062           0.000
    35.49    46398.63     1136.60       40.82        22003772.000            1132.210     1011798.250           0.000
    36.19    47193.25     1136.60       41.52        22635410.000            1132.210     1044641.125           0.000
    36.89    47987.88     1136.60       42.22        23274180.000            1132.210     1078041.750           0.000
    37.60    48782.50     1136.60       42.92        23920042.000            1132.210     1112000.125           0.000
    38.30    49577.12     1136.60       43.62        24572952.000            1132.210     1146516.125           0.000
    39.00    50371.74     1136.60       44.32        25232880.000            1132.210     1181589.750           0.000
    39.70    51166.36     1136.60       45.02        25899780.000            1132.210     1217221.125           0.000
    40.40    51960.98     1136.60       45.72        26573624.000            1132.210     1253410.125          -0.000
    41.10    52755.61     1136.60       46.42        27254376.000            1132.210     1290157.000           0.000
    41.81    53550.23     1136.60       47.11        27941996.000            1132.210     1327461.500           0.000
    42.51    54344.85     1136.60       47.81        28636450.000            1132.210     1365323.500           0.000
    43.21    55139.47     1136.60       48.51        29337706.000            1132.210     1403743.375           0.000
    43.91    55934.09     1136.60       49.21        30045736.000            1132.210     1442720.875          -0.000
    44.61    56728.71     1136.60       49.91        30760502.000            1132.210     1482256.000           0.000
    45.32    57523.34     1136.60       50.61        31481976.000            1132.210     1522349.125           0.000
    46.02    58317.96     1136.60       51.31        32210124.000            1132.210     1562999.625           0.000
    46.72    59112.58     1136.60       52.01        32944916.000            1132.210     1604207.875           0.000
    47.42    59907.20     1136.60       52.71        33686320.000            1132.210     1645973.875           0.000
