   293.815002      -35.8612404    
   327.283295      -35.8612404    
 NaN NaN
   281.133820      -35.0093269    
   340.892365      -35.0093269    
 NaN NaN
   269.937744      -34.1574097    
   349.976410      -34.1574097    
 NaN NaN
   262.554108      -33.3054924    
   364.607513      -33.3054924    
 NaN NaN
   256.407135      -32.4535789    
   388.733521      -32.4535789    
 NaN NaN
   251.507370      -31.6016617    
   416.819366      -31.6016617    
 NaN NaN
   247.254913      -30.7497463    
   497.963684      -30.7497463    
 NaN NaN
   243.933777      -29.8978310    
   512.421448      -29.8978310    
 NaN NaN
   241.464218      -29.0459137    
   525.209961      -29.0459137    
 NaN NaN
   238.994659      -28.1939983    
   537.000061      -28.1939983    
 NaN NaN
   236.525101      -27.3420830    
   547.757568      -27.3420830    
 NaN NaN
   232.471420      -26.4901657    
   557.609070      -26.4901657    
 NaN NaN
   228.125778      -25.6382504    
   566.137878      -25.6382504    
 NaN NaN
   223.117294      -24.7863350    
   573.486450      -24.7863350    
 NaN NaN
   217.832764      -23.9344177    
   580.887939      -23.9344177    
 NaN NaN
   208.724838      -23.0825024    
   588.630310      -23.0825024    
 NaN NaN
   191.809326      -22.2305870    
   603.388855      -22.2305870    
 NaN NaN
   188.476303      -21.3786697    
   610.549316      -21.3786697    
 NaN NaN
   186.013931      -20.5267544    
   618.646851      -20.5267544    
 NaN NaN
   183.551559      -19.6748390    
   626.655457      -19.6748390    
 NaN NaN
   181.167572      -18.8229218    
   635.619690      -18.8229218    
 NaN NaN
   179.050217      -17.9710064    
   643.643616      -17.9710064    
 NaN NaN
   176.932861      -17.1190910    
   652.926575      -17.1190910    
 NaN NaN
   174.815491      -16.2671738    
   662.597107      -16.2671738    
 NaN NaN
   172.698135      -15.4152584    
   674.807312      -15.4152584    
 NaN NaN
   170.294800      -14.5633430    
   690.391541      -14.5633430    
 NaN NaN
   167.872375      -13.7114267    
   701.840881      -13.7114267    
 NaN NaN
   165.449936      -12.8595104    
   709.705750      -12.8595104    
 NaN NaN
   163.066055      -12.0075951    
   714.304871      -12.0075951    
 NaN NaN
   160.848846      -11.1556787    
   718.429932      -11.1556787    
 NaN NaN
   158.631622      -10.3037634    
   721.470337      -10.3037634    
 NaN NaN
   156.414413      -9.45184708    
   724.510681      -9.45184708    
 NaN NaN
   154.129623      -8.59993076    
   727.502869      -8.59993076    
 NaN NaN
   151.171753      -7.74801540    
   730.391052      -7.74801540    
 NaN NaN
   148.213867      -6.89609909    
   733.279236      -6.89609909    
 NaN NaN
   145.217804      -6.04418325    
   736.179932      -6.04418325    
 NaN NaN
   140.481415      -5.19226742    
   739.141296      -5.19226742    
 NaN NaN
   135.842117      -4.34035110    
   742.102600      -4.34035110    
 NaN NaN
   132.041672      -3.48843527    
   745.117920      -3.48843527    
 NaN NaN
   128.241211      -2.63651943    
   748.590820      -2.63651943    
 NaN NaN
   123.281479      -1.78460348    
   752.063782      -1.78460348    
 NaN NaN
   117.890991     -0.932687521    
   755.656372     -0.932687521    
 NaN NaN
   113.333168      -8.07715654E-02
   759.373352      -8.07715654E-02
 NaN NaN
   108.778412      0.771144390    
   763.552307      0.771144390    
 NaN NaN
   104.286629       1.62306035    
   789.424194       1.62306035    
 NaN NaN
   790.426208       1.62306035    
   806.087952       1.62306035    
 NaN NaN
   15.0542908       2.47497630    
   84.1634293       2.47497630    
 NaN NaN
   98.3177872       2.47497630    
   834.680115       2.47497630    
 NaN NaN
   913.633179       2.47497630    
   919.829468       2.47497630    
 NaN NaN
   4.85577536       3.32689238    
   1077.58667       3.32689238    
 NaN NaN
   0.00000000       4.17880821    
   1081.73474       4.17880821    
 NaN NaN
   0.00000000       5.03072405    
   1084.87451       5.03072405    
 NaN NaN
   1094.10132       5.03072405    
   1097.00879       5.03072405    
 NaN NaN
   0.00000000       5.88263988    
   1088.01416       5.88263988    
 NaN NaN
   1088.01416       5.88263988    
   1097.00879       5.88263988    
 NaN NaN
   0.00000000       6.73455620    
   1097.00879       6.73455620    
 NaN NaN
   0.00000000       7.58647203    
   1097.00879       7.58647203    
 NaN NaN
   0.00000000       8.43838787    
   1097.00879       8.43838787    
 NaN NaN
   0.00000000       9.29030418    
   1097.00879       9.29030418    
 NaN NaN
   0.00000000       10.1422195    
   1097.00879       10.1422195    
 NaN NaN
   0.00000000       10.9941359    
   1097.00879       10.9941359    
 NaN NaN
   0.00000000       11.8460522    
   1097.00879       11.8460522    
 NaN NaN
   0.00000000       12.6979675    
   1097.00879       12.6979675    
 NaN NaN
   0.00000000       13.5498838    
   1097.00879       13.5498838    
 NaN NaN
   0.00000000       14.4018002    
   1097.00879       14.4018002    
 NaN NaN
   0.00000000       15.2537155    
   1097.00879       15.2537155    
 NaN NaN
   0.00000000       16.1056309    
   1097.00879       16.1056309    
 NaN NaN
   0.00000000       16.9575481    
   1097.00879       16.9575481    
 NaN NaN
   0.00000000       17.8094635    
   1097.00879       17.8094635    
 NaN NaN
   0.00000000       18.6613789    
   1097.00879       18.6613789    
 NaN NaN
   0.00000000       19.5132961    
   1097.00879       19.5132961    
 NaN NaN
   0.00000000       20.3652115    
   1097.00879       20.3652115    
 NaN NaN
   0.00000000       21.2171268    
   1097.00879       21.2171268    
 NaN NaN
   0.00000000       22.0690441    
   1097.00879       22.0690441    
 NaN NaN
   0.00000000       22.9209595    
   1097.00879       22.9209595    
 NaN NaN
   0.00000000       23.7728748    
   1097.00879       23.7728748    
 NaN NaN
   0.00000000       24.6247902    
   1097.00879       24.6247902    
 NaN NaN
   0.00000000       25.4767075    
   1097.00879       25.4767075    
 NaN NaN
   0.00000000       26.3286228    
   1097.00879       26.3286228    
 NaN NaN
   0.00000000       27.1805382    
   1097.00879       27.1805382    
 NaN NaN
   0.00000000       28.0324554    
   1097.00879       28.0324554    
 NaN NaN
   0.00000000       28.8843708    
   1097.00879       28.8843708    
 NaN NaN
   0.00000000       29.7362862    
   1097.00879       29.7362862    
 NaN NaN
   0.00000000       30.5882034    
   1097.00879       30.5882034    
 NaN NaN
   0.00000000       31.4401188    
   1097.00879       31.4401188    
 NaN NaN
   0.00000000       32.2920341    
   1097.00879       32.2920341    
 NaN NaN
   0.00000000       33.1439514    
   1097.00879       33.1439514    
 NaN NaN
   0.00000000       33.9958649    
   1097.00879       33.9958649    
 NaN NaN
   0.00000000       34.8477821    
   1097.00879       34.8477821    
 NaN NaN
   0.00000000       35.6996994    
   1097.00879       35.6996994    
 NaN NaN
   0.00000000       36.5516129    
   1097.00879       36.5516129    
 NaN NaN
   0.00000000       37.4035301    
   1097.00879       37.4035301    
 NaN NaN
   0.00000000       38.2554474    
   1097.00879       38.2554474    
 NaN NaN
   0.00000000       39.1073608    
   1097.00879       39.1073608    
 NaN NaN
   0.00000000       39.9592781    
   1097.00879       39.9592781    
 NaN NaN
   0.00000000       40.8111954    
   1097.00879       40.8111954    
 NaN NaN
   0.00000000       41.6631088    
   1097.00879       41.6631088    
 NaN NaN
   0.00000000       42.5150261    
   1097.00879       42.5150261    
 NaN NaN
   0.00000000       43.3669434    
   1097.00879       43.3669434    
 NaN NaN
   0.00000000       44.2188568    
   1097.00879       44.2188568    
 NaN NaN
   0.00000000       45.0707741    
   1097.00879       45.0707741    
 NaN NaN
   0.00000000       45.9226913    
   1097.00879       45.9226913    
 NaN NaN
   0.00000000       46.7746048    
   1097.00879       46.7746048    
 NaN NaN
   0.00000000       47.6265221    
   1097.00879       47.6265221    
 NaN NaN
   0.00000000       48.4784393    
   1097.00879       48.4784393    
 NaN NaN
