 Elev(m)    dbdxp(-)    dbdxc(-)      I2p     I2c
  -32.9500008       0.00000000       0.00000000       0.00000000       0.00000000    
  -32.1699982       4.39689029E-03   1.69041764E-03   6.68771449E-04   2.57114240E-04
  -31.3999996       3.54939653E-03  -1.98283466E-03   3.19779781E-03   7.20270444E-04
  -30.6200008       6.24487177E-03  -5.03383996E-03   8.44231714E-03   7.82996940E-05
  -29.8500004      -3.06927395E-04   1.22539047E-02   1.59933846E-02  -5.10815589E-04
  -29.0699997       6.65831540E-05   2.14744974E-02   2.44973972E-02   5.10645378E-03
  -28.2999992       3.49585037E-03   3.60723920E-02   3.33981439E-02   2.44689714E-02
  -27.5200005       1.06204608E-02   5.34714796E-02   4.50963788E-02   6.63418248E-02
  -26.7500000       1.72177870E-02   4.63248752E-02   6.29984513E-02  0.136302054    
  -25.9699993       3.89694646E-02   2.71112155E-02   9.38583687E-02  0.233322501    
  -25.2000008       6.97370321E-02   8.95741954E-03  0.149293438      0.345611334    
  -24.4200001       9.13246647E-02  -9.41303838E-03  0.246265769      0.464704245    
  -23.6499996       9.61986855E-02  -2.99476404E-02  0.394700766      0.576215088    
  -22.8700008       5.58738969E-02  -3.73846255E-02  0.596345425      0.673023582    
  -22.1000004      -8.52213055E-03  -3.73396091E-02  0.825441241      0.747115552    
  -21.3199997      -1.79272257E-02  -3.87030467E-02   1.06059813      0.799385726    
  -20.5499992      -2.27468368E-02  -4.71883640E-02   1.28258216      0.826503694    
  -19.7700005      -4.96025272E-02  -4.79810387E-02   1.49033797      0.826604009    
  -19.0000000      -5.51119708E-02  -5.45317270E-02   1.66864026      0.796821117    
  -18.2199993      -6.71092421E-02  -6.07532188E-02   1.81494808      0.733726740    
  -17.4500008      -6.64769784E-02  -5.53786457E-02   1.92070961      0.636467576    
  -16.6700001      -5.89749888E-02  -5.35017624E-02   1.98870909      0.503950059    
  -15.8999996      -6.68188184E-02  -5.08751646E-02   2.01786661      0.340907246    
  -15.1199999      -6.43901378E-02  -5.35713769E-02   2.00856113      0.144191161    
  -14.3500004      -7.14514479E-02  -2.16393955E-02   1.95901227      -7.71251321E-02
  -13.5699997       1.04196016E-02  -2.00511385E-02   1.87914371     -0.318948179    
  -12.8000002      -4.41760197E-02  -4.48752493E-02   1.78600085     -0.573805749    
  -12.0200005      -7.19489232E-02  -5.63092716E-02   1.66891789     -0.857110560    
  -11.2500000      -8.52137879E-02  -6.09908514E-02   1.51199520      -1.16981781    
  -10.4700003      -9.37396809E-02  -6.54658899E-02   1.30222166      -1.52342975    
  -9.69999981     -0.100917168      -6.99834600E-02   1.03865993      -1.91209805    
  -8.92000008     -0.108240202      -7.41598755E-02  0.710639775      -2.34807229    
  -8.14999962     -0.109510534      -7.82160237E-02  0.322299540      -2.82327700    
  -7.36999989     -0.107553616      -8.21081698E-02 -0.136789113      -3.35191393    
  -6.59999990     -0.106181629      -8.58716816E-02 -0.655093670      -3.92339587    
  -5.82000017     -0.103125215      -8.89752507E-02  -1.24405193      -4.55411196    
  -5.05000019      -9.91314203E-02  -9.27209854E-02  -1.88765061      -5.23063135    
  -4.26999998      -9.32370797E-02  -9.87519920E-02  -2.59923100      -5.97233772    
  -3.50000000      -9.02983695E-02 -0.102001458      -3.35848832      -6.76381874    
  -2.72000003      -8.77380595E-02 -0.103604920      -4.18223906      -7.62699032    
  -1.95000005      -8.29819962E-02 -0.105621122      -5.04812765      -8.54179001    
  -1.16999996      -7.85148144E-02 -0.103562042      -5.97545481      -9.53169823    
 -0.400000006      -7.32202828E-02  -9.00865346E-02  -6.93822050      -10.5697775    
  0.379999995      -6.76601008E-02  -7.46373609E-02  -7.95769739      -11.6754646    
   1.14999998      -6.41250014E-02  -6.75876662E-02  -9.00530148      -12.8133430    
   1.92999995      -6.01160005E-02  -4.10198346E-02  -10.1051922      -14.0038691    
   2.70000005      -5.11286855E-02  -4.66329791E-03  -11.2265577      -15.2023878    
   3.48000002     -0.158257082      -3.69674452E-02  -12.4110346      -16.4296608    
   4.25000000      -1.36075635E-02 -0.270049483      -13.6379051      -17.6941509    
   5.03000021      -6.14416860E-02 -0.158939749      -14.9179258      -19.0864010    
   5.80000019      -7.92254955E-02  -8.81367847E-02  -16.2142010      -20.5627956    
   6.57999992      -8.81282464E-02  -8.81367847E-02  -17.5738811      -22.1222687    
   7.34999990      -8.81282464E-02  -8.81367847E-02  -18.9680672      -23.7150249    
   8.13000011      -8.81282464E-02  -8.81367847E-02  -20.4336300      -25.3817444    
   8.89999962      -8.81282464E-02  -8.81367847E-02  -21.9336758      -27.0803719    
   9.68000031      -8.81282464E-02  -8.81367847E-02  -23.5064735      -28.8543358    
   10.4499998      -8.81282464E-02  -8.81367847E-02  -25.1123791      -30.6588326    
   11.2299995      -8.81282464E-02  -8.81367847E-02  -26.7924099      -32.5400391    
   12.0000000      -8.81282464E-02  -8.81367847E-02  -28.5041790      -34.4504089    
   12.7799997      -8.81282464E-02  -8.81367847E-02  -30.2914448      -36.4388618    
   13.5500002      -8.81282464E-02  -8.81367847E-02  -32.1090698      -38.4551010    
   14.3299999      -8.81282464E-02  -8.81367847E-02  -34.0035706      -40.5508003    
   15.1000004      -8.81282464E-02  -8.81367847E-02  -35.9270592      -42.6729126    
   15.8800001      -8.81282464E-02  -8.81367847E-02  -37.9287949      -44.8758545    
   16.6499996      -8.81282464E-02  -8.81367847E-02  -39.9581413      -47.1038322    
   17.4300003      -8.81282464E-02  -8.81367847E-02  -42.0671120      -49.4140244    
   18.2000008      -8.81282464E-02  -8.81367847E-02  -44.2023201      -51.7478752    
   18.9799995      -8.81282464E-02  -8.81367847E-02  -46.4185219      -54.1653023    
   19.7500000      -8.81282464E-02  -8.81367847E-02  -48.6595917      -56.6050262    
   20.5300007      -8.81282464E-02  -8.81367847E-02  -50.9830322      -59.1297073    
   21.2999992      -8.81282464E-02  -8.81367847E-02  -53.3299561      -61.6752930    
   22.0799999      -8.81282464E-02  -8.81367847E-02  -55.7606316      -64.3072205    
   22.8500004      -8.81282464E-02  -8.81367847E-02  -58.2134209      -66.9586792    
   23.6200008      -8.81282464E-02  -8.81367847E-02  -60.7191391      -69.6630783    
   24.3999996      -8.81282464E-02  -8.81367847E-02  -63.3106613      -72.4558640    
   25.1700001      -8.81282464E-02  -8.81367847E-02  -65.9222412      -75.2661362    
   25.9500008      -8.81282464E-02  -8.81367847E-02  -68.6210022      -78.1661758    
   26.7199993      -8.81282464E-02  -8.81367847E-02  -71.3384399      -81.0823059    
   27.5000000      -8.81282464E-02  -8.81367847E-02  -74.1444397      -84.0895920    
   28.2700005      -8.81282464E-02  -8.81367847E-02  -76.9677353      -87.1115952    
   29.0499992      -8.81282464E-02  -8.81367847E-02  -79.8809586      -90.2261200    
   29.8199997      -8.81282464E-02  -8.81367847E-02  -82.8101196      -93.3539963    
   30.6000004      -8.81282464E-02  -8.81367847E-02  -85.8305893      -96.5757751    
   31.3700008      -8.81282464E-02  -8.81367847E-02  -88.8656082      -99.8095245    
   32.1500015      -8.81282464E-02  -8.81367847E-02  -91.9933090      -103.138542    
   32.9199982      -8.81282464E-02  -8.81367847E-02  -95.1341782      -106.478149    
   33.7000008      -8.81282464E-02  -8.81367847E-02  -98.3691254      -109.914421    
   34.4700012      -8.81282464E-02  -8.81367847E-02  -101.615860      -113.359909    
   35.2500000      -8.81282464E-02  -8.81367847E-02  -104.958023      -116.903412    
   36.0200005      -8.81282464E-02  -8.81367847E-02  -108.310623      -120.454773    
   36.7999992      -8.81282464E-02  -8.81367847E-02  -111.760025      -124.105522    
   37.5699997      -8.81282464E-02  -8.81367847E-02  -115.218483      -127.762756    
   38.3499985      -8.81282464E-02  -8.81367847E-02  -118.775116      -131.520752    
   39.1199989      -8.81282464E-02  -8.81367847E-02  -122.339439      -135.283844    
   39.9000015      -8.81282464E-02  -8.81367847E-02  -126.003326      -139.149109    
   40.6699982      -8.81282464E-02  -8.81367847E-02  -129.673492      -143.018051    
   41.4500008      -8.81282464E-02  -8.81367847E-02  -133.444611      -146.990555    
   42.2200012      -8.81282464E-02  -8.81367847E-02  -137.220642      -150.965393    
   43.0000000      -8.81282464E-02  -8.81367847E-02  -141.098984      -155.045120    
   43.7700005      -8.81282464E-02  -8.81367847E-02  -144.980881      -159.125839    
   44.5499992      -8.81282464E-02  -8.81367847E-02  -148.966461      -163.312805    
