 Elev(m)    dbdxp(-)    dbdxc(-)      I2p     I2c
  -27.0599995       0.00000000       0.00000000       0.00000000       0.00000000    
  -26.3700008       4.96309623E-02   8.59724879E-02   5.90730179E-03   1.02328351E-02
  -25.6800003       4.57354411E-02   5.09273335E-02   2.90728789E-02   4.69929986E-02
  -24.9899998       2.57399008E-02   4.98974137E-02   7.20967799E-02  0.112048306    
  -24.2900009       2.41123606E-02   8.99849087E-02  0.130308390      0.206870288    
  -23.6000004       6.04208559E-02   4.98861969E-02  0.203768492      0.333873302    
  -22.9099998       6.41220137E-02   1.57662705E-02  0.302113831      0.485338777    
  -22.2199993       1.17389383E-02   1.19782854E-02  0.424312234      0.647920847    
  -21.5300007      -8.35656561E-03   8.99646059E-03  0.555942237      0.816301227    
  -20.8400002      -1.35039743E-02   1.28042055E-02  0.685373247      0.989773393    
  -20.1499996       1.72298530E-03   7.08783194E-02  0.810800016       1.17580068    
  -19.4599991       3.41308452E-02   4.87367772E-02  0.939092100       1.38602543    
  -18.7700005       3.41813862E-02   9.93010476E-02   1.07978213       1.62810695    
  -18.0799999       7.96576738E-02   4.83380146E-02   1.24215305       1.90538192    
  -17.3899994       5.10963798E-02   3.58590446E-02   1.43363667       2.21025109    
  -16.7000008       2.87981071E-02   6.77727759E-02   1.65019202       2.53747582    
  -16.0100002       3.74351256E-02  0.188215330       1.88414085       2.90750504    
  -15.3199997       9.71102417E-02  0.163130194       2.14198732       3.34982204    
  -14.6300001       9.51387733E-02  0.211980760       2.43873000       3.87860489    
  -13.9399996       8.45638514E-02  0.295649379       2.77974463       4.51245642    
  -13.2500000      0.107711777      0.328217059       3.16503334       5.28098297    
  -12.5600004      0.139882073      0.294273764       3.60267735       6.19785690    
  -11.8599997      0.127564266      0.265055269       4.10839462       7.26976013    
  -11.1700001      0.136740446      0.205750808       4.67063284       8.44991112    
  -10.4799995      0.128627390      0.171687275       5.29591560       9.73102665    
  -9.78999996      0.127073854      0.141190961       5.98321772       11.0943041    
  -9.10000038      0.126649469      0.118277267       6.73115444       12.5257053    
  -8.40999985      0.131936237       9.37766731E-02   7.54006910       14.0132322    
  -7.71999979      0.139124870       7.13642091E-02   8.41202450       15.5456524    
  -7.03000021      0.140493721       5.78917079E-02   9.34952354       17.1131134    
  -6.34000015      0.137205735       5.23102395E-02   10.3533583       18.7090759    
  -5.65000010      0.136906266       4.76541817E-02   11.4228725       20.3300533    
  -4.96000004      0.145773739       3.47073413E-02   12.5586576       21.9727325    
  -4.26999998      0.134512499       3.78694348E-02   13.7614508       23.6338520    
  -3.57999992      0.119400673       4.37855199E-02   15.0278263       25.3133297    
  -2.89000010      0.107470788       4.90627550E-02   16.3514271       27.0135765    
  -2.20000005       9.74912271E-02   5.28720394E-02   17.7264271       28.7370090    
  -1.50999999       8.54145959E-02   5.09008728E-02   19.1475925       30.4849262    
 -0.819999993       7.72131756E-02   4.25930098E-02   20.6098862       32.2563210    
 -0.129999995       7.78172761E-02   3.70184928E-02   22.1099873       34.0483208    
  0.569999993       7.39071071E-02   5.00775315E-02   23.6686096       35.8862724    
   1.25999999       7.96258003E-02   6.74800575E-02   25.2415562       37.7224731    
   1.95000005       7.56836608E-02   7.06431419E-02   26.8512630       39.5891075    
   2.64000010       6.88417628E-02   7.52151981E-02   28.4966564       41.4895401    
   3.32999992       7.36026764E-02  0.135737181       30.1762066       43.4324417    
   4.01999998       9.10943598E-02  0.270842850       31.8923149       45.4488487    
   4.71000004      0.296239465      0.196865857       33.6741295       47.5693130    
   5.40000010      0.451746941       3.15811951E-03   35.5910721       49.7692604    
   6.09000015      0.223335832     -0.173325419       37.6773987       51.9727554    
   6.78000021     -0.118215509     -0.232849106       39.8565865       54.1076546    
   7.46999979     -0.255773723     -0.279230565       42.0037727       56.1332588    
   8.15999985     -0.267065346     -0.267078251       44.0442162       58.0328865    
   8.85000038     -0.267065346     -0.267078251       45.9588547       59.8039169    
   9.53999996     -0.267065346     -0.267078251       47.7463379       61.4477844    
   10.2299995     -0.267065346     -0.267078251       49.4066772       62.9645004    
   10.9200001     -0.267065346     -0.267078251       50.9398651       64.3540573    
   11.6099997     -0.267065346     -0.267078251       52.3459015       65.6164627    
   12.3000002     -0.267065346     -0.267078251       53.6247902       66.7517166    
   13.0000000     -0.267065346     -0.267078251       54.7941437       67.7753372    
   13.6899996     -0.267065346     -0.267078251       55.8187332       68.6562729    
   14.3800001     -0.267065346     -0.267078251       56.7161751       69.4100571    
   15.0699997     -0.267065346     -0.267078251       57.4864616       70.0366821    
   15.7600002     -0.267065346     -0.267078251       58.1296043       70.5361557    
   16.4500008     -0.267065346     -0.267078251       58.6455956       70.9084702    
   17.1399994     -0.267065346     -0.267078251       59.0344391       71.1536255    
   17.8299999     -0.267065346     -0.267078251       59.2961311       71.2716293    
   18.5200005     -0.267065346     -0.267078251       59.4306717       71.2624741    
   19.2099991     -0.267065346     -0.267078251       59.4380646       71.1261673    
   19.8999996     -0.267065346     -0.267078251       59.3183098       70.8627014    
   20.5900002     -0.267065346     -0.267078251       59.0714035       70.4720840    
   21.2800007     -0.267065346     -0.267078251       58.6973457       69.9543076    
   21.9699993     -0.267065346     -0.267078251       58.1961441       69.3093796    
   22.6599998     -0.267065346     -0.267078251       57.5677872       68.5372849    
   23.3500004     -0.267065346     -0.267078251       56.8122826       67.6380463    
   24.0400009     -0.267065346     -0.267078251       55.9296303       66.6116486    
   24.7299995     -0.267065346     -0.267078251       54.9198265       65.4580917    
   25.4300003     -0.267065346     -0.267078251       53.7673149       64.1597443    
   26.1200008     -0.267065346     -0.267078251       52.5032120       62.7518768    
   26.8099995     -0.267065346     -0.267078251       51.1119652       61.2168579    
   27.5000000     -0.267065346     -0.267078251       49.5935593       59.5546799    
   28.1900005     -0.267065346     -0.267078251       47.9480095       57.7653465    
   28.8799992     -0.267065346     -0.267078251       46.1753120       55.8488617    
   29.5699997     -0.267065346     -0.267078251       44.2754593       53.8052177    
   30.2600002     -0.267065346     -0.267078251       42.2484589       51.6344147    
   30.9500008     -0.267065346     -0.267078251       40.0943069       49.3364563    
   31.6399994     -0.267065346     -0.267078251       37.8130112       46.9113503    
   32.3300018     -0.267065346     -0.267078251       35.4045563       44.3590775    
   33.0200005     -0.267065346     -0.267078251       32.8689613       41.6796570    
   33.7099991     -0.267065346     -0.267078251       30.2062206       38.8730850    
   34.4000015     -0.267065346     -0.267078251       27.4163132       35.9393425    
   35.0900002     -0.267065346     -0.267078251       24.4992733       32.8784561    
   35.7799988     -0.267065346     -0.267078251       21.4550819       29.6904182    
   36.4700012     -0.267065346     -0.267078251       18.2837257       26.3752060    
   37.1599998     -0.267065346     -0.267078251       14.9852362       22.9328556    
   37.8600006     -0.267065346     -0.267078251       11.5108624       19.3125286    
   38.5499992     -0.267065346     -0.267078251       7.95807409       15.6158686    
   39.2400017     -0.267065346     -0.267078251       4.27811766       11.7920313    
   39.9300003     -0.267065346     -0.267078251      0.471031219       7.84105921    
   40.6199989     -0.267065346     -0.267078251      -3.46320438       3.76293182    
   41.3100014     -0.267065346     -0.267078251      -7.52461100     -0.442373723    
   42.0000000     -0.267065346     -0.267078251      -11.7131453      -4.77481174    
