 Elev(m)    dbdxp(-)    dbdxc(-)      I2p     I2c
  -28.5900002       0.00000000       0.00000000       0.00000000       0.00000000    
  -27.7900009       4.21160758E-02  -3.10143679E-02   6.73855934E-03  -4.96228924E-03
  -26.9899998       9.81382728E-02  -7.39106685E-02   4.26563621E-02  -3.16748656E-02
  -26.1900005      0.101970159      -8.90884027E-02  0.133032069     -0.101255193    
  -25.3899994      0.222130850     -0.251957268      0.307281435     -0.251482755    
  -24.5799999      0.213841304     -0.258411676      0.605968356     -0.540496171    
  -23.7800007      0.190398350     -0.170158029       1.03626251     -0.977179468    
  -22.9799995      0.144416615     -0.117227785       1.58480632      -1.52841663    
  -22.1800003       6.35492057E-02 -0.139495939       2.22019386      -2.16670990    
  -21.3799992       4.45403159E-02 -0.254750162       2.90615153      -2.90915990    
  -20.5799999       4.96198563E-03 -0.207354829       3.61732244      -3.78862405    
  -19.7700005      -2.92149018E-02 -0.144912317       4.34152222      -4.81030560    
  -18.9699993      -4.26251628E-02 -0.116601713       5.04135942      -5.91827631    
  -18.1700001      -5.09309582E-02 -0.104964182       5.71473217      -7.10353708    
  -17.3700008      -7.73138627E-02  -9.23021808E-02   6.35261679      -8.35581112    
  -16.5699997     -0.133025050      -7.75838643E-02   6.93632936      -9.66683292    
  -15.7700005     -0.187850237      -9.85957831E-02   7.43504620      -11.0332212    
  -14.9600000     -0.171069100     -0.159170493       7.83058929      -12.4864750    
  -14.1599998     -0.147034794     -0.188040495       8.11221600      -14.0190935    
  -13.3599997     -0.143405646     -0.136027947       8.29647636      -15.6591158    
  -12.5600004     -0.156778082     -0.100494415       8.38623619      -17.3888302    
  -11.7600002     -0.168901578      -8.10586661E-02   8.37585831      -19.1854401    
  -10.9499998     -0.169765756      -6.04166687E-02   8.25840378      -21.0565548    
  -10.1499996     -0.162546337      -4.80209924E-02   8.03437424      -22.9448338    
  -9.35000038     -0.150821850      -4.53631245E-02   7.70703602      -24.8654022    
  -8.55000019     -0.143587410      -4.31869626E-02   7.28245258      -26.8150826    
  -7.75000000     -0.137916043      -4.28320952E-02   6.76572371      -28.7926941    
  -6.94999981     -0.139202893      -3.59193496E-02   6.15961504      -30.7966690    
  -6.13999987     -0.140739605      -2.98076365E-02   5.45624638      -32.8489685    
  -5.34000015     -0.142638460      -2.44959965E-02   4.67087746      -34.8952637    
  -4.53999996     -0.144356534      -2.04934739E-02   3.79424834      -36.9574471    
  -3.74000001     -0.148888662      -1.42210722E-02   2.82478094      -39.0323792    
  -2.94000006     -0.161534548      -3.63055337E-03   1.75872695      -41.1157265    
  -2.14000010     -0.185852349       3.97240836E-03  0.587423384      -43.2018738    
  -1.33000004     -0.205524936       1.02686593E-02 -0.717418611      -45.3117638    
 -0.529999971     -0.212047666       9.01398715E-03  -2.13635635      -47.3902130    
  0.270000011     -0.212087244       5.56989992E-03  -3.68996716      -49.4632454    
   1.07000005     -0.191499859      -1.50777576E-02  -5.37601328      -51.5354652    
   1.87000000     -0.166111484      -3.93615104E-02  -7.18385077      -53.6179161    
   2.67000008     -0.152816936      -4.87590283E-02  -9.09993553      -55.7231789    
   3.48000002     -0.215343773      -4.30060364E-02  -11.1505423      -57.8837128    
   4.28000021     -0.571794510       1.41254300E-02  -13.3614082      -60.0370560    
   5.07999992      -1.16097581      -7.71956295E-02  -15.9754581      -62.2051125    
   5.88000011      -1.32025206     -0.962830901      -19.2637482      -64.5496674    
   6.67999983      -2.69353223      -1.44210589      -23.5912380      -67.4454117    
   7.48999977      -2.02382827      -2.27924848      -29.3778305      -71.3623734    
   8.28999996       8.48115422E-03  -4.44646835      -36.1795349      -76.9098511    
   9.09000015      0.349365681      -3.85351634      -43.2464447      -84.8614426    
   9.89000034      0.339556932      -2.07944894      -50.1458664      -95.0903091    
   10.6899996      0.360650599     -0.486538470      -56.8230209      -106.678993    
   11.4899998      0.404150039       9.15000588E-02  -63.2657814      -118.741447    
   12.3000002      0.404150039      0.164860845      -69.5358582      -130.977676    
   13.1000004      0.404150039      0.195127174      -75.4682693      -142.963699    
   13.8999996      0.404150039      0.245068371      -81.1420135      -154.821686    
   14.6999998      0.404150039      0.245068371      -86.5571136      -166.530838    
   15.5000000      0.404150039      0.245068371      -91.7135544      -178.083145    
   16.2999992      0.404150039      0.245068371      -96.6113358      -189.478592    
   17.1100006      0.404150039      0.245068371      -101.310081      -200.858704    
   17.9099998      0.404150039      0.245068371      -105.690544      -211.940460    
   18.7099991      0.404150039      0.245068371      -109.812363      -222.865372    
   19.5100002      0.404150039      0.245068371      -113.675529      -233.633484    
   20.3099995      0.404150039      0.245068371      -117.280029      -244.244705    
   21.1100006      0.404150039      0.245068371      -120.625885      -254.699127    
   21.9200001      0.404150039      0.245068371      -123.753288      -265.126373    
   22.7199993      0.404150039      0.245068371      -126.581825      -275.267059    
   23.5200005      0.404150039      0.245068371      -129.151718      -285.250946    
   24.3199997      0.404150039      0.245068371      -131.462936      -295.077972    
   25.1200008      0.404150039      0.245068371      -133.515518      -304.748169    
   25.9300003      0.404150039      0.245068371      -135.333466      -314.381378    
   26.7299995      0.404150039      0.245068371      -136.868729      -323.737885    
   27.5300007      0.404150039      0.245068371      -138.145340      -332.937531    
   28.3299999      0.404150039      0.245068371      -139.163284      -341.980347    
   29.1299992      0.404150039      0.245068371      -139.922577      -350.866272    
   29.9300003      0.404150039      0.245068371      -140.423218      -359.595428    
   30.7399998      0.404150039      0.245068371      -140.669830      -368.275818    
   31.5400009      0.404150039      0.245068371      -140.653152      -376.691254    
   32.3400002      0.404150039      0.245068371      -140.377823      -384.949829    
   33.1399994      0.404150039      0.245068371      -139.843842      -393.051575    
   33.9399986      0.404150039      0.245068371      -139.051208      -400.996460    
   34.7400017      0.404150039      0.245068371      -137.999908      -408.784546    
   35.5499992      0.404150039      0.245068371      -136.675201      -416.512115    
   36.3499985      0.404150039      0.245068371      -135.106583      -423.986481    
   37.1500015      0.404150039      0.245068371      -133.279312      -431.304047    
   37.9500008      0.404150039      0.245068371      -131.193390      -438.464722    
   38.7500000      0.404150039      0.245068371      -128.848816      -445.468536    
   39.5600014      0.404150039      0.245068371      -126.214661      -452.402130    
   40.3600006      0.404150039      0.245068371      -123.352776      -459.092255    
   41.1599998      0.404150039      0.245068371      -120.232239      -465.625580    
   41.9599991      0.404150039      0.245068371      -116.853043      -472.002014    
   42.7599983      0.404150039      0.245068371      -113.215187      -478.221649    
   43.5600014      0.404150039      0.245068371      -109.318665      -484.284424    
   44.3699989      0.404150039      0.245068371      -105.113182      -490.265167    
   45.1699982      0.404150039      0.245068371      -100.699364      -496.014252    
   45.9700012      0.404150039      0.245068371      -96.0268707      -501.606506    
   46.7700005      0.404150039      0.245068371      -91.0957413      -507.041901    
   47.5699997      0.404150039      0.245068371      -85.9059525      -512.320435    
   48.3699989      0.404150039      0.245068371      -80.4575119      -517.442200    
   49.1800003      0.404150039      0.245068371      -74.6806793      -522.470093    
   49.9799995      0.404150039      0.245068371      -68.7149277      -527.278137    
   50.7799988      0.404150039      0.245068371      -62.4905243      -531.929321    
   51.5800018      0.404150039      0.245068371      -56.0074310      -536.423645    
