   632.537842      -25.5112133    
   707.822632      -25.5112133    
 NaN NaN
   615.278076      -24.8157196    
   716.960266      -24.8157196    
 NaN NaN
   598.532654      -24.1202278    
   723.531006      -24.1202278    
 NaN NaN
   570.916931      -23.4247341    
   728.859985      -23.4247341    
 NaN NaN
   559.570129      -22.7292423    
   733.023010      -22.7292423    
 NaN NaN
   551.722534      -22.0337486    
   736.288086      -22.0337486    
 NaN NaN
   544.119507      -21.3382568    
   739.553101      -21.3382568    
 NaN NaN
   535.875366      -20.6427631    
   741.633179      -20.6427631    
 NaN NaN
   524.264343      -19.9472713    
   743.575623      -19.9472713    
 NaN NaN
   488.354828      -19.2517776    
   745.518066      -19.2517776    
 NaN NaN
   469.039093      -18.5562859    
   748.017944      -18.5562859    
 NaN NaN
   433.757294      -17.8607922    
   750.781067      -17.8607922    
 NaN NaN
   419.080872      -17.1653004    
   753.429321      -17.1653004    
 NaN NaN
   406.291931      -16.4698067    
   755.917542      -16.4698067    
 NaN NaN
   381.504822      -15.7743149    
   758.405762      -15.7743149    
 NaN NaN
   322.639008      -15.0788221    
   760.478577      -15.0788221    
 NaN NaN
   299.707947      -14.3833294    
   762.508545      -14.3833294    
 NaN NaN
   258.082520      -13.6878366    
   764.538513      -13.6878366    
 NaN NaN
   214.104248      -12.9923439    
   766.548401      -12.9923439    
 NaN NaN
   182.750900      -12.2968512    
   768.315552      -12.2968512    
 NaN NaN
   168.891296      -11.6013584    
   770.082703      -11.6013584    
 NaN NaN
   163.484467      -10.9058657    
   771.849854      -10.9058657    
 NaN NaN
   158.716629      -10.2103729    
   773.616943      -10.2103729    
 NaN NaN
   155.117889      -9.51488113    
   775.672180      -9.51488113    
 NaN NaN
   151.519150      -8.81938839    
   777.865234      -8.81938839    
 NaN NaN
   145.458832      -8.12389565    
   780.058350      -8.12389565    
 NaN NaN
   140.538666      -7.42840242    
   782.371582      -7.42840242    
 NaN NaN
   137.828476      -6.73291016    
   785.482971      -6.73291016    
 NaN NaN
   135.118301      -6.03741741    
   788.594421      -6.03741741    
 NaN NaN
   132.428329      -5.34192467    
   792.481995      -5.34192467    
 NaN NaN
   129.822021      -4.64643192    
   796.819885      -4.64643192    
 NaN NaN
   127.215714      -3.95093918    
   801.760193      -3.95093918    
 NaN NaN
   124.609406      -3.25544643    
   806.721558      -3.25544643    
 NaN NaN
   121.356453      -2.55995369    
   811.467407      -2.55995369    
 NaN NaN
   117.935471      -1.86446118    
   815.383545      -1.86446118    
 NaN NaN
   114.871147      -1.16896844    
   819.073608      -1.16896844    
 NaN NaN
   113.201050     -0.473475754    
   822.324036     -0.473475754    
 NaN NaN
   111.530952      0.222016931    
   825.487915      0.222016931    
 NaN NaN
   109.860847      0.917509615    
   830.479370      0.917509615    
 NaN NaN
   108.190750       1.61300230    
   841.820984       1.61300230    
 NaN NaN
   106.520645       2.30849504    
   859.691223       2.30849504    
 NaN NaN
   102.020470       3.00398779    
   864.858704       3.00398779    
 NaN NaN
   96.7232666       3.69948030    
   868.820129       3.69948030    
 NaN NaN
   83.3619995       4.39497280    
   873.672485       4.39497280    
 NaN NaN
   896.091919       4.39497280    
   913.835510       4.39497280    
 NaN NaN
   70.2216873       5.09046555    
   942.131958       5.09046555    
 NaN NaN
   26.3406868       5.78595829    
   947.740112       5.78595829    
 NaN NaN
   20.2671356       6.48145103    
   950.777893       6.48145103    
 NaN NaN
   15.0530653       7.17694378    
   953.815674       7.17694378    
 NaN NaN
   10.4580708       7.87243652    
   955.804077       7.87243652    
 NaN NaN
   0.00000000       8.56792927    
   955.804077       8.56792927    
 NaN NaN
   0.00000000       9.26342201    
   955.804077       9.26342201    
 NaN NaN
   0.00000000       9.95891476    
   955.804077       9.95891476    
 NaN NaN
   0.00000000       10.6544075    
   955.804077       10.6544075    
 NaN NaN
   0.00000000       11.3499002    
   955.804077       11.3499002    
 NaN NaN
   0.00000000       12.0453930    
   955.804077       12.0453930    
 NaN NaN
   0.00000000       12.7408848    
   955.804077       12.7408848    
 NaN NaN
   0.00000000       13.4363775    
   955.804077       13.4363775    
 NaN NaN
   0.00000000       14.1318703    
   955.804077       14.1318703    
 NaN NaN
   0.00000000       14.8273630    
   955.804077       14.8273630    
 NaN NaN
   0.00000000       15.5228558    
   955.804077       15.5228558    
 NaN NaN
   0.00000000       16.2183495    
   955.804077       16.2183495    
 NaN NaN
   0.00000000       16.9138412    
   955.804077       16.9138412    
 NaN NaN
   0.00000000       17.6093349    
   955.804077       17.6093349    
 NaN NaN
   0.00000000       18.3048267    
   955.804077       18.3048267    
 NaN NaN
   0.00000000       19.0003185    
   955.804077       19.0003185    
 NaN NaN
   0.00000000       19.6958122    
   955.804077       19.6958122    
 NaN NaN
   0.00000000       20.3913040    
   955.804077       20.3913040    
 NaN NaN
   0.00000000       21.0867977    
   955.804077       21.0867977    
 NaN NaN
   0.00000000       21.7822895    
   955.804077       21.7822895    
 NaN NaN
   0.00000000       22.4777832    
   955.804077       22.4777832    
 NaN NaN
   0.00000000       23.1732750    
   955.804077       23.1732750    
 NaN NaN
   0.00000000       23.8687687    
   955.804077       23.8687687    
 NaN NaN
   0.00000000       24.5642605    
   955.804077       24.5642605    
 NaN NaN
   0.00000000       25.2597542    
   955.804077       25.2597542    
 NaN NaN
   0.00000000       25.9552460    
   955.804077       25.9552460    
 NaN NaN
   0.00000000       26.6507397    
   955.804077       26.6507397    
 NaN NaN
   0.00000000       27.3462315    
   955.804077       27.3462315    
 NaN NaN
   0.00000000       28.0417252    
   955.804077       28.0417252    
 NaN NaN
   0.00000000       28.7372169    
   955.804077       28.7372169    
 NaN NaN
   0.00000000       29.4327087    
   955.804077       29.4327087    
 NaN NaN
   0.00000000       30.1282024    
   955.804077       30.1282024    
 NaN NaN
   0.00000000       30.8236942    
   955.804077       30.8236942    
 NaN NaN
   0.00000000       31.5191879    
   955.804077       31.5191879    
 NaN NaN
   0.00000000       32.2146797    
   955.804077       32.2146797    
 NaN NaN
   0.00000000       32.9101715    
   955.804077       32.9101715    
 NaN NaN
   0.00000000       33.6056671    
   955.804077       33.6056671    
 NaN NaN
   0.00000000       34.3011589    
   955.804077       34.3011589    
 NaN NaN
   0.00000000       34.9966507    
   955.804077       34.9966507    
 NaN NaN
   0.00000000       35.6921425    
   955.804077       35.6921425    
 NaN NaN
   0.00000000       36.3876381    
   955.804077       36.3876381    
 NaN NaN
   0.00000000       37.0831299    
   955.804077       37.0831299    
 NaN NaN
   0.00000000       37.7786217    
   955.804077       37.7786217    
 NaN NaN
   0.00000000       38.4741135    
   955.804077       38.4741135    
 NaN NaN
   0.00000000       39.1696091    
   955.804077       39.1696091    
 NaN NaN
   0.00000000       39.8651009    
   955.804077       39.8651009    
 NaN NaN
   0.00000000       40.5605927    
   955.804077       40.5605927    
 NaN NaN
   0.00000000       41.2560844    
   955.804077       41.2560844    
 NaN NaN
   0.00000000       41.9515762    
   955.804077       41.9515762    
 NaN NaN
   0.00000000       42.6470718    
   955.804077       42.6470718    
 NaN NaN
   0.00000000       43.3425636    
   955.804077       43.3425636    
 NaN NaN
