 Elev(m)    Area(m2)     Peri(m)      Radi(m)   Conv(m3/s)    topWidth(m)    newI1(m3)    dPdA(1/m)
   -18.09        0.00        0.00         NaN                 NaN               0.000           0.000             NaN
   -17.51       10.95       34.31        0.32             204.641              34.275           3.179           3.132
   -16.93       40.61       72.26        0.56            1106.507              72.195          18.143           1.279
   -16.35       91.84      100.71        0.91            3454.974             100.618          56.583           0.555
   -15.77      158.59      127.14        1.25            7351.015             127.011         129.260           0.396
   -15.18      236.22      139.97        1.69           13393.212             139.790         243.833           0.165
   -14.60      323.07      185.84        1.74           18683.850             185.611         406.139           0.528
   -14.02      453.45      254.70        1.78           26643.520             254.418         631.486           0.528
   -13.44      639.40      386.14        1.66           35797.363             385.812         948.631           0.707
   -12.86      889.28      496.35        1.79           52472.512             495.967        1392.254           0.441
   -12.28     1196.57      588.64        2.03           76805.859             588.185        1997.569           0.300
   -11.70     1568.34      677.20        2.32          109811.336             676.674        2799.946           0.238
   -11.12     2011.16      797.86        2.52          148999.172             797.270        3838.714           0.272
   -10.54     2476.46      806.60        3.07          209254.438             805.921        5141.021           0.019
    -9.96     2946.60      814.91        3.62          277666.250             814.152        6714.795           0.018
    -9.38     3421.33      821.93        4.16          354128.531             821.072        8562.769           0.015
    -8.80     3899.47      827.54        4.71          438405.594             826.557       10687.268           0.012
    -8.22     4380.80      833.15        5.26          529865.188             832.041       13090.205           0.012
    -7.64     4865.31      838.77        5.80          628274.000             837.529       15773.425           0.012
    -7.06     5353.01      844.45        6.34          733400.500             843.084       18738.779           0.012
    -6.48     5844.03      850.41        6.87          844943.938             848.932       21988.162           0.012
    -5.90     6338.46      856.42        7.40          962888.125             854.823       25523.520           0.012
    -5.32     6836.31      862.42        7.93         1087132.125             860.713       29346.836           0.012
    -4.74     7337.57      868.75        8.45         1217260.375             866.920       33460.098           0.013
    -4.16     7842.87      876.23        8.95         1352399.625             874.285       37865.465           0.015
    -3.58     8352.21      882.56        9.46         1494745.500             880.482       42565.277           0.012
    -3.00     8864.88      888.32        9.98         1643617.125             886.116       47561.684           0.011
    -2.42     9380.82      894.10       10.49         1798332.500             891.763       52856.582           0.011
    -1.84     9900.00      899.72       11.00         1959055.250             897.241       58451.879           0.011
    -1.26    10422.33      905.30       11.51         2125555.000             902.681       64349.422           0.011
    -0.67    10947.89      911.13       12.02         2297324.000             908.372       70551.062           0.011
    -0.09    11476.78      917.02       12.52         2474620.000             914.114       77058.703           0.011
     0.49    12009.31      924.68       12.99         2654172.250             921.648       83874.367           0.014
     1.07    12547.28      939.13       13.36         2825910.500             935.990       91000.688           0.027
     1.65    13094.99      953.45       13.73         3004023.500             950.218       98442.070           0.026
     2.23    13649.64      964.13       14.16         3195253.250             960.802      106203.367           0.019
     2.81    14209.77      972.78       14.61         3396467.500             969.355      114288.172           0.015
     3.39    14776.12      988.29       14.95         3587047.750             984.776      122699.883           0.027
     3.97    15354.20     1011.80       15.18         3764516.750            1008.218      131443.703           0.041
     4.55    15957.65     1060.73       15.04         3889888.500            1057.091      140530.406           0.081
     5.13    16574.85     1072.24       15.46         4114156.750            1068.523      149971.328           0.019
     5.71    17198.03     1082.66       15.88         4347056.500            1078.879      159772.219           0.017
     6.29    17827.47     1097.18       16.25         4574637.000            1093.327      169936.625           0.023
     6.87    18488.99     1193.98       15.49         4594634.000            1190.020      180475.672           0.146
     7.45    19189.74     1225.99       15.65         4803054.500            1221.943      191410.031           0.046
     8.03    19901.83     1241.08       16.04         5062304.000            1236.943      202754.422           0.021
     8.61    20628.22     1270.19       16.24         5291556.500            1265.938      214516.250           0.040
     9.19    21372.65     1301.27       16.42         5523904.000            1296.872      226704.891           0.042
     9.77    22133.78     1323.13       16.73         5790957.000            1318.600      239330.469           0.029
    10.35    22900.64     1328.56       17.24         6112487.500            1323.903      252399.469           0.007
    10.93    23672.01     1341.50       17.65         6417875.000            1336.740      265914.844           0.017
    11.51    24447.86     1341.50       18.22         6772266.000            1336.740      279879.250           0.000
    12.09    25223.70     1341.50       18.80         7134234.000            1336.740      294293.938           0.000
    12.67    25999.54     1341.50       19.38         7503702.500            1336.740      309158.906          -0.000
    13.25    26775.39     1341.50       19.96         7880594.000            1336.740      324474.219           0.000
    13.84    27551.23     1341.50       20.54         8264840.000            1336.740      340239.812           0.000
    14.42    28327.08     1341.50       21.12         8656366.000            1336.740      356455.688          -0.000
    15.00    29102.92     1341.50       21.69         9055108.000            1336.740      373121.875           0.000
    15.58    29878.77     1341.50       22.27         9461001.000            1336.740      390238.375           0.000
    16.16    30654.61     1341.50       22.85         9873983.000            1336.740      407805.188          -0.000
    16.74    31430.46     1341.50       23.43        10293991.000            1336.740      425822.281           0.000
    17.32    32206.30     1341.50       24.01        10720968.000            1336.740      444289.625          -0.000
    17.90    32982.14     1341.50       24.59        11154858.000            1336.740      463207.312           0.000
    18.48    33757.98     1341.50       25.16        11595607.000            1336.740      482575.312           0.000
    19.06    34533.83     1341.50       25.74        12043165.000            1336.740      502393.625          -0.000
    19.64    35309.68     1341.50       26.32        12497473.000            1336.740      522662.219           0.000
    20.22    36085.52     1341.50       26.90        12958486.000            1336.740      543381.125           0.000
    20.80    36861.36     1341.50       27.48        13426155.000            1336.740      564550.312          -0.000
    21.38    37637.21     1341.50       28.06        13900433.000            1336.740      586169.750           0.000
    21.96    38413.05     1341.50       28.63        14381273.000            1336.740      608239.562           0.000
    22.54    39188.89     1341.50       29.21        14868632.000            1336.740      630759.688          -0.000
    23.12    39964.74     1341.50       29.79        15362466.000            1336.740      653730.062           0.000
    23.70    40740.59     1341.50       30.37        15862738.000            1336.740      677150.750          -0.000
    24.28    41516.43     1341.50       30.95        16369396.000            1336.740      701021.750           0.000
    24.86    42292.27     1341.50       31.53        16882406.000            1336.740      725343.000           0.000
    25.44    43068.11     1341.50       32.10        17401732.000            1336.740      750114.625          -0.000
    26.02    43843.96     1341.50       32.68        17927330.000            1336.740      775336.500           0.000
    26.60    44619.80     1341.50       33.26        18459166.000            1336.740      801008.688           0.000
    27.18    45395.65     1341.50       33.84        18997206.000            1336.740      827131.188          -0.000
    27.76    46171.49     1341.50       34.42        19541408.000            1336.740      853704.000           0.000
    28.35    46947.34     1341.50       35.00        20091742.000            1336.740      880727.062           0.000
    28.93    47723.18     1341.50       35.57        20648174.000            1336.740      908200.438          -0.000
    29.51    48499.02     1341.50       36.15        21210666.000            1336.740      936124.125           0.000
    30.09    49274.87     1341.50       36.73        21779192.000            1336.740      964498.125          -0.000
    30.67    50050.71     1341.50       37.31        22353720.000            1336.740      993322.438           0.000
    31.25    50826.56     1341.50       37.89        22934212.000            1336.740     1022597.062           0.000
    31.83    51602.40     1341.50       38.47        23520646.000            1336.740     1052322.000          -0.000
    32.41    52378.25     1341.50       39.04        24112982.000            1336.740     1082497.125           0.000
    32.99    53154.09     1341.50       39.62        24711200.000            1336.740     1113122.750           0.000
    33.57    53929.93     1341.50       40.20        25315266.000            1336.740     1144198.375          -0.000
    34.15    54705.77     1341.50       40.78        25925148.000            1336.740     1175724.375           0.000
    34.73    55481.62     1341.50       41.36        26540834.000            1336.740     1207700.875           0.000
    35.31    56257.46     1341.50       41.94        27162284.000            1336.740     1240127.500          -0.000
    35.89    57033.31     1341.50       42.51        27789474.000            1336.740     1273004.625           0.000
    36.47    57809.15     1341.50       43.09        28422374.000            1336.740     1306331.875          -0.000
    37.05    58585.00     1341.50       43.67        29060968.000            1336.740     1340109.500           0.000
    37.63    59360.84     1341.50       44.25        29705220.000            1336.740     1374337.375           0.000
    38.21    60136.68     1341.50       44.83        30355110.000            1336.740     1409015.500          -0.000
    38.79    60912.53     1341.50       45.41        31010616.000            1336.740     1444144.125           0.000
    39.37    61688.38     1341.50       45.98        31671712.000            1336.740     1479722.750           0.000
    39.95    62464.22     1341.50       46.56        32338376.000            1336.740     1515752.000          -0.000
