 Elev(m)    dbdxp(-)    dbdxc(-)      I2p     I2c
  -29.3500004       0.00000000       0.00000000       0.00000000       0.00000000    
  -28.5499992      -4.15774621E-03  -4.13299771E-03  -6.65241270E-04  -6.61281520E-04
  -27.7399998      -5.23491809E-03  -1.60853472E-03  -3.51518276E-03  -2.91902153E-03
  -26.9400005      -6.30298303E-03  -8.73098033E-04  -9.69738513E-03  -6.47593522E-03
  -26.1399994      -9.89044644E-03   1.21937820E-03  -2.03166250E-02  -1.03745135E-02
  -25.3400002      -2.05247439E-02   9.71176079E-04  -3.83932330E-02  -1.38671882E-02
  -24.5400009      -3.83428410E-02  -1.25772450E-02  -7.07551017E-02  -1.88663509E-02
  -23.7399998      -3.46593931E-02  -3.47910151E-02 -0.124216259      -3.33014429E-02
  -22.9400005      -3.50339599E-02  -3.61787900E-02 -0.200508624      -6.66706264E-02
  -22.1399994      -4.71185260E-02  -3.57972719E-02 -0.301096529     -0.122911260    
  -21.3400002      -5.94767258E-02  -4.56894115E-02 -0.431883901     -0.203705847    
  -20.5400009      -7.91052282E-02  -5.27812578E-02 -0.601899683     -0.313293636    
  -19.7399998      -8.14110339E-02  -6.12151921E-02 -0.819771647     -0.456876487    
  -18.9400005      -7.04317838E-02  -8.27175826E-02  -1.08762062     -0.641727746    
  -18.1399994      -8.69004801E-02  -8.42260495E-02  -1.40493834     -0.876319706    
  -17.3299999      -9.93908048E-02  -8.61692727E-02  -1.78151631      -1.16815186    
  -16.5300007      -9.29004103E-02  -9.16199312E-02  -2.21438646      -1.51242721    
  -15.7299995     -0.141942456      -8.37580487E-02  -2.71559906      -1.91321015    
  -14.9300003     -0.217855990      -8.62008333E-02  -3.31195331      -2.36924624    
  -14.1300001     -0.237773076     -0.118322954      -4.03877687      -2.88520002    
  -13.3299999     -0.255125374     -0.137017369      -4.91736507      -3.47473240    
  -12.5299997     -0.289557815     -0.172747776      -5.96196651      -4.15468168    
  -11.7299995     -0.401163816     -0.171673387      -7.20423317      -4.93930101    
  -10.9300003     -0.416543573     -0.160521254      -8.68784714      -5.83217764    
  -10.1300001     -0.394009441     -0.180574268      -10.4319849      -6.83278227    
  -9.32999992     -0.330436051     -0.258733571      -12.4217234      -7.95825195    
  -8.52999973     -0.275424540     -0.329048902      -14.6243105      -9.24805641    
  -7.73000002     -0.261387825     -0.337112755      -17.0097237      -10.7384911    
  -6.92000008     -0.251087636     -0.304798990      -19.5939159      -12.4581804    
  -6.11999989     -0.237679690     -0.246723816      -22.3074169      -14.3488579    
  -5.32000017     -0.212466344     -0.225910693      -25.1711426      -16.4034004    
  -4.51999998     -0.183494702     -0.246324822      -28.1702480      -18.6091213    
  -3.72000003     -0.169510305     -0.253054231      -31.2891846      -20.9703026    
  -2.92000008     -0.161031649     -0.255209237      -34.5174904      -23.4927063    
  -2.11999989     -0.153692886     -0.253761649      -37.8490410      -26.1778679    
  -1.32000005     -0.142235249     -0.239692196      -41.2782936      -29.0234165    
 -0.519999981     -0.138407618     -0.204064876      -44.7998009      -32.0189209    
  0.280000001     -0.129732296     -0.181990027      -48.4091110      -35.1471939    
   1.08000004     -0.119594559     -0.167868614      -52.1012154      -38.3932114    
   1.88000000     -0.115271717     -0.153812706      -55.8707924      -41.7466774    
   2.68000007     -0.148982942     -0.147236794      -59.7202263      -45.1997833    
   3.49000001     -0.280653298     -0.138993561      -63.7293320      -48.7906151    
   4.28999996     -0.466482103     -0.130430207      -67.8780746      -52.4265900    
   5.09000015     -0.694304347     -0.120384671      -72.3320847      -56.1458015    
   5.88999987     -0.585516334     -0.296463579      -77.1765900      -59.9718361    
   6.69000006     -0.416414499     -0.486724824      -82.3861771      -63.9898834    
   7.48999977      -8.21460858E-02 -0.808590710      -87.8358459      -68.3404846    
   8.28999996       3.74256098E-03 -0.808842242      -93.3778305      -73.1571350    
   9.09000015       6.43212646E-02 -0.566834807      -98.9214630      -78.4526749    
   9.89000034       8.94654617E-02 -0.162613153      -104.429611      -84.0850449    
   10.6899996      0.121659026       4.87784222E-02  -109.879356      -89.8523254    
   11.4899998      0.121659026       7.22073838E-02  -115.256401      -95.6184769    
   12.2900000      0.121659026       9.75458696E-02  -120.555580      -101.338104    
   13.0900002      0.121659026      0.121671095      -125.776901      -106.995491    
   13.8999996      0.121659026      0.121671095      -130.985138      -112.649155    
   14.6999998      0.121659026      0.121671095      -136.050735      -118.154663    
   15.5000000      0.121659026      0.121671095      -141.038467      -123.582306    
   16.2999992      0.121659026      0.121671095      -145.948334      -128.932083    
   17.1000004      0.121659026      0.121671095      -150.780350      -134.203995    
   17.8999996      0.121659026      0.121671095      -155.534500      -139.398010    
   18.7000008      0.121659026      0.121671095      -160.210785      -144.514191    
   19.5000000      0.121659026      0.121671095      -164.809204      -149.552475    
   20.2999992      0.121659026      0.121671095      -169.329773      -154.512894    
   21.1000004      0.121659026      0.121671095      -173.772476      -159.395462    
   21.8999996      0.121659026      0.121671095      -178.137314      -164.200150    
   22.7000008      0.121659026      0.121671095      -182.424286      -168.926971    
   23.5000000      0.121659026      0.121671095      -186.633408      -173.575912    
   24.3099995      0.121659026      0.121671095      -190.816772      -178.204605    
   25.1100006      0.121659026      0.121671095      -194.870178      -182.697815    
   25.9099998      0.121659026      0.121671095      -198.845703      -187.113159    
   26.7099991      0.121659026      0.121671095      -202.743362      -191.450623    
   27.5100002      0.121659026      0.121671095      -206.563171      -195.710220    
   28.3099995      0.121659026      0.121671095      -210.305115      -199.891953    
   29.1100006      0.121659026      0.121671095      -213.969208      -203.995819    
   29.9099998      0.121659026      0.121671095      -217.555420      -208.021805    
   30.7099991      0.121659026      0.121671095      -221.063766      -211.969910    
   31.5100002      0.121659026      0.121671095      -224.494278      -215.840164    
   32.3100014      0.121659026      0.121671095      -227.846909      -219.632553    
   33.1100006      0.121659026      0.121671095      -231.121689      -223.347061    
   33.9099998      0.121659026      0.121671095      -234.318588      -226.983704    
   34.7200012      0.121659026      0.121671095      -237.477112      -230.587448    
   35.5200005      0.121659026      0.121671095      -240.518295      -234.068344    
   36.3199997      0.121659026      0.121671095      -243.481628      -237.471375    
   37.1199989      0.121659026      0.121671095      -246.367081      -240.796539    
   37.9199982      0.121659026      0.121671095      -249.174683      -244.043823    
   38.7200012      0.121659026      0.121671095      -251.904434      -247.213272    
   39.5200005      0.121659026      0.121671095      -254.556305      -250.304825    
   40.3199997      0.121659026      0.121671095      -257.130310      -253.318497    
   41.1199989      0.121659026      0.121671095      -259.626465      -256.254303    
   41.9199982      0.121659026      0.121671095      -262.044769      -259.112244    
   42.7200012      0.121659026      0.121671095      -264.385193      -261.892334    
   43.5200005      0.121659026      0.121671095      -266.647766      -264.594543    
   44.3199997      0.121659026      0.121671095      -268.832458      -267.218872    
   45.1300011      0.121659026      0.121671095      -270.966125      -269.797668    
   45.9300003      0.121659026      0.121671095      -272.995117      -272.266266    
   46.7299995      0.121659026      0.121671095      -274.946228      -274.656982    
   47.5299988      0.121659026      0.121671095      -276.819489      -276.969849    
   48.3300018      0.121659026      0.121671095      -278.614899      -279.204834    
   49.1300011      0.121659026      0.121671095      -280.332428      -281.361969    
   49.9300003      0.121659026      0.121671095      -281.972107      -283.441193    
   50.7299995      0.121659026      0.121671095      -283.533905      -285.442596    
