   528.013245      -39.9900627    
   554.296082      -39.9900627    
 NaN NaN
   519.176575      -39.0576820    
   557.257629      -39.0576820    
 NaN NaN
   511.326599      -38.1252975    
   560.219177      -38.1252975    
 NaN NaN
   504.424805      -37.1929131    
   562.980835      -37.1929131    
 NaN NaN
   499.024597      -36.2605324    
   565.525452      -36.2605324    
 NaN NaN
   492.529114      -35.3281479    
   568.070007      -35.3281479    
 NaN NaN
   477.335144      -34.3957634    
   570.614624      -34.3957634    
 NaN NaN
   459.247528      -33.4633827    
   574.064270      -33.4633827    
 NaN NaN
   443.641785      -32.5309982    
   577.581421      -32.5309982    
 NaN NaN
   430.051758      -31.5986156    
   580.814087      -31.5986156    
 NaN NaN
   415.928894      -30.6662331    
   583.546631      -30.6662331    
 NaN NaN
   404.889465      -29.7338486    
   586.279175      -29.7338486    
 NaN NaN
   392.054443      -28.8014660    
   588.973389      -28.8014660    
 NaN NaN
   378.437073      -27.8690834    
   590.611694      -27.8690834    
 NaN NaN
   364.938995      -26.9366989    
   592.249939      -26.9366989    
 NaN NaN
   352.245178      -26.0043163    
   593.888245      -26.0043163    
 NaN NaN
   335.586853      -25.0719337    
   595.526550      -25.0719337    
 NaN NaN
   318.458649      -24.1395493    
   597.164856      -24.1395493    
 NaN NaN
   296.363159      -23.2071667    
   599.116882      -23.2071667    
 NaN NaN
   275.756744      -22.2747841    
   601.373779      -22.2747841    
 NaN NaN
   258.585327      -21.3423996    
   603.630676      -21.3423996    
 NaN NaN
   237.848587      -20.4100170    
   605.887573      -20.4100170    
 NaN NaN
   221.402023      -19.4776344    
   608.333191      -19.4776344    
 NaN NaN
   211.851105      -18.5452499    
   610.979858      -18.5452499    
 NaN NaN
   183.023483      -17.6128674    
   613.626526      -17.6128674    
 NaN NaN
   175.010269      -16.6804848    
   616.195374      -16.6804848    
 NaN NaN
   168.495193      -15.7481012    
   618.178955      -15.7481012    
 NaN NaN
   154.770645      -14.8157177    
   620.162537      -14.8157177    
 NaN NaN
   139.274307      -13.8833351    
   622.146118      -13.8833351    
 NaN NaN
   131.763336      -12.9509516    
   624.129700      -12.9509516    
 NaN NaN
   123.716187      -12.0185690    
   626.383972      -12.0185690    
 NaN NaN
   116.415535      -11.0861855    
   628.848572      -11.0861855    
 NaN NaN
   115.242348      -10.1538019    
   631.307678      -10.1538019    
 NaN NaN
   114.069168      -9.22141933    
   633.766785      -9.22141933    
 NaN NaN
   112.895981      -8.28903580    
   636.060608      -8.28903580    
 NaN NaN
   111.722794      -7.35665274    
   638.381531      -7.35665274    
 NaN NaN
   110.549606      -6.42426968    
   640.697876      -6.42426968    
 NaN NaN
   109.376419      -5.49188614    
   643.013794      -5.49188614    
 NaN NaN
   108.575089      -4.55950308    
   645.074768      -4.55950308    
 NaN NaN
   107.673653      -3.62712002    
   647.062927      -3.62712002    
 NaN NaN
   106.651062      -2.69473696    
   649.051025      -2.69473696    
 NaN NaN
   105.628471      -1.76235366    
   651.039185      -1.76235366    
 NaN NaN
   104.605881     -0.829970479    
   656.411133     -0.829970479    
 NaN NaN
   103.583290      0.102412701    
   670.762329      0.102412701    
 NaN NaN
   102.560699       1.03479588    
   674.097656       1.03479588    
 NaN NaN
   101.538116       1.96717906    
   677.433044       1.96717906    
 NaN NaN
   100.515526       2.89956236    
   685.630066       2.89956236    
 NaN NaN
   0.00000000       3.83194542    
   14.8252554       3.83194542    
 NaN NaN
   98.1205521       3.83194542    
   693.840210       3.83194542    
 NaN NaN
   0.00000000       4.76432848    
   43.6072540       4.76432848    
 NaN NaN
   55.9201927       4.76432848    
   705.676331       4.76432848    
 NaN NaN
   0.00000000       5.69671154    
   724.134705       5.69671154    
 NaN NaN
   0.00000000       6.62909508    
   724.134705       6.62909508    
 NaN NaN
   0.00000000       7.56147814    
   724.134705       7.56147814    
 NaN NaN
   0.00000000       8.49386120    
   724.134705       8.49386120    
 NaN NaN
   0.00000000       9.42624474    
   724.134705       9.42624474    
 NaN NaN
   0.00000000       10.3586273    
   724.134705       10.3586273    
 NaN NaN
   0.00000000       11.2910109    
   724.134705       11.2910109    
 NaN NaN
   0.00000000       12.2233944    
   724.134705       12.2233944    
 NaN NaN
   0.00000000       13.1557770    
   724.134705       13.1557770    
 NaN NaN
   0.00000000       14.0881605    
   724.134705       14.0881605    
 NaN NaN
   0.00000000       15.0205441    
   724.134705       15.0205441    
 NaN NaN
   0.00000000       15.9529266    
   724.134705       15.9529266    
 NaN NaN
   0.00000000       16.8853092    
   724.134705       16.8853092    
 NaN NaN
   0.00000000       17.8176937    
   724.134705       17.8176937    
 NaN NaN
   0.00000000       18.7500763    
   724.134705       18.7500763    
 NaN NaN
   0.00000000       19.6824589    
   724.134705       19.6824589    
 NaN NaN
   0.00000000       20.6148434    
   724.134705       20.6148434    
 NaN NaN
   0.00000000       21.5472260    
   724.134705       21.5472260    
 NaN NaN
   0.00000000       22.4796085    
   724.134705       22.4796085    
 NaN NaN
   0.00000000       23.4119930    
   724.134705       23.4119930    
 NaN NaN
   0.00000000       24.3443756    
   724.134705       24.3443756    
 NaN NaN
   0.00000000       25.2767582    
   724.134705       25.2767582    
 NaN NaN
   0.00000000       26.2091408    
   724.134705       26.2091408    
 NaN NaN
   0.00000000       27.1415253    
   724.134705       27.1415253    
 NaN NaN
   0.00000000       28.0739079    
   724.134705       28.0739079    
 NaN NaN
   0.00000000       29.0062904    
   724.134705       29.0062904    
 NaN NaN
   0.00000000       29.9386749    
   724.134705       29.9386749    
 NaN NaN
   0.00000000       30.8710575    
   724.134705       30.8710575    
 NaN NaN
   0.00000000       31.8034401    
   724.134705       31.8034401    
 NaN NaN
   0.00000000       32.7358246    
   724.134705       32.7358246    
 NaN NaN
   0.00000000       33.6682053    
   724.134705       33.6682053    
 NaN NaN
   0.00000000       34.6005898    
   724.134705       34.6005898    
 NaN NaN
   0.00000000       35.5329742    
   724.134705       35.5329742    
 NaN NaN
   0.00000000       36.4653549    
   724.134705       36.4653549    
 NaN NaN
   0.00000000       37.3977394    
   724.134705       37.3977394    
 NaN NaN
   0.00000000       38.3301239    
   724.134705       38.3301239    
 NaN NaN
   0.00000000       39.2625046    
   724.134705       39.2625046    
 NaN NaN
   0.00000000       40.1948891    
   724.134705       40.1948891    
 NaN NaN
   0.00000000       41.1272736    
   724.134705       41.1272736    
 NaN NaN
   0.00000000       42.0596542    
   724.134705       42.0596542    
 NaN NaN
   0.00000000       42.9920387    
   724.134705       42.9920387    
 NaN NaN
   0.00000000       43.9244232    
   724.134705       43.9244232    
 NaN NaN
   0.00000000       44.8568039    
   724.134705       44.8568039    
 NaN NaN
   0.00000000       45.7891884    
   724.134705       45.7891884    
 NaN NaN
   0.00000000       46.7215729    
   724.134705       46.7215729    
 NaN NaN
   0.00000000       47.6539536    
   724.134705       47.6539536    
 NaN NaN
   0.00000000       48.5863380    
   724.134705       48.5863380    
 NaN NaN
   0.00000000       49.5187225    
   724.134705       49.5187225    
 NaN NaN
   0.00000000       50.4511032    
   724.134705       50.4511032    
 NaN NaN
   0.00000000       51.3834877    
   724.134705       51.3834877    
 NaN NaN
   0.00000000       52.3158722    
   724.134705       52.3158722    
 NaN NaN
