 Elev(m)    dbdxp(-)    dbdxc(-)      I2p     I2c
  -30.3600006       0.00000000       0.00000000       0.00000000       0.00000000    
  -29.5900002      -8.85570794E-03   1.67064741E-03  -1.31263887E-03   2.47632008E-04
  -28.8199997      -8.77725368E-04  -6.48436951E-04  -5.38065657E-03   8.94413330E-04
  -28.0599995       4.40847827E-03  -1.44909862E-02  -1.02964975E-02  -5.61699388E-04
  -27.2900009       2.18645521E-02   1.33348731E-02  -1.08662266E-02  -4.42284392E-03
  -26.5200005       9.03271735E-02  0.118259043       9.08799656E-03   1.10501684E-02
  -25.7500000      0.102274381      0.146324709       7.42202550E-02   8.52466822E-02
  -24.9899998      0.114020444      0.150414020      0.198744595      0.241172373    
  -24.2199993      0.123399004      0.158981368      0.391737461      0.488415360    
  -23.4500008      0.131888390      0.158036441      0.657761335      0.828507841    
  -22.6800003      0.134301186      0.137586728       1.00108182       1.25940979    
  -21.9200001      0.133123457      0.102665655       1.41852605       1.76357675    
  -21.1499996      0.103695907       7.17661977E-02   1.91568327       2.33537555    
  -20.3799992       3.67323607E-02   4.88033332E-02   2.46875811       2.95090103    
  -19.6100006      -1.24940788E-02   3.27117518E-02   3.04623914       3.59637904    
  -18.8400002      -3.83860990E-02   1.39812147E-02   3.61977267       4.26086235    
  -18.0799999      -5.62251322E-02  -1.21024642E-02   4.16439009       4.92382526    
  -17.3099995      -5.80282845E-02  -2.83435471E-02   4.68539906       5.58979130    
  -16.5400009      -5.11390530E-02  -4.00560908E-02   5.17329025       6.23962212    
  -15.7700005      -4.50289845E-02  -4.53367047E-02   5.63074684       6.86665869    
  -15.0100002      -4.19880040E-02  -4.38193455E-02   6.05529451       7.45984364    
  -14.2399998      -3.98962609E-02  -3.92736234E-02   6.46056318       8.03547573    
  -13.4700003      -3.67162749E-02  -3.67509834E-02   6.84233761       8.58752251    
  -12.6999998      -3.75984684E-02  -3.59228887E-02   7.20174170       9.11752892    
  -11.9399996      -4.48219180E-02  -3.43600698E-02   7.53338909       9.61960220    
  -11.1700001      -4.98984307E-02  -3.73060666E-02   7.84330416       10.1073771    
  -10.3999996      -5.12950718E-02  -4.31125611E-02   8.12417984       10.5726109    
  -9.63000011      -5.75649664E-02  -4.56892103E-02   8.37392044       11.0127602    
  -8.86999989      -6.45237863E-02  -5.06454259E-02   8.58639431       11.4199238    
  -8.10000038      -7.42499828E-02  -5.49447201E-02   8.76323605       11.8027020    
  -7.32999992      -8.28182623E-02  -6.22775480E-02   8.89622688       12.1524534    
  -6.55999994      -8.08886364E-02  -7.27688521E-02   8.98167038       12.4648123    
  -5.80000019      -7.92989805E-02  -7.56298602E-02   9.01831055       12.7313614    
  -5.03000021      -9.34479013E-02  -7.56737143E-02   9.00639534       12.9572840    
  -4.26000023      -9.87310559E-02  -8.99629891E-02   8.94038963       13.1362267    
  -3.49000001      -9.47881564E-02  -9.63480100E-02   8.81721306       13.2630033    
  -2.73000002     -0.106397249      -9.40584317E-02   8.63750362       13.3326521    
  -1.96000004     -0.292934954     -0.102629930       8.36681080       13.3462124    
  -1.19000006     -0.184190392     -0.234309256       7.96620417       13.2806759    
 -0.419999987     -0.145027414     -0.186975881       7.44607782       13.1027508    
  0.340000004     -0.141786814     -0.166050494       6.84202862       12.8131752    
   1.11000001     -0.137522399     -0.146830559       6.14667702       12.4217730    
   1.88000000     -0.135734990     -0.141318500       5.36942148       11.9412842    
   2.65000010     -0.160775974     -0.132887527       4.50771141       11.3774395    
   3.41000009     -0.280692995      -8.85880142E-02   3.54837632       10.7479734    
   4.17999983     -0.818500280     -0.278888643       2.34891510       10.0233593    
   4.94999981     -0.824680269     -0.497080415      0.742964625       9.12925816    
   5.71999979     -0.412283242     -0.786141694      -1.28989530       7.92993212    
   6.48000002     -0.304623276     -0.563073277      -3.58358645       6.35845900    
   7.25000000     -0.298896194     -0.340573609      -6.10177898       4.43500948    
   8.02000046     -0.269286901     -0.316929102      -8.79364872       2.28015757    
   8.78999996     -0.269286901     -0.277110040      -11.6495647      -6.02017939E-02
   9.55000019     -0.269286901     -0.269283831      -14.6270170      -2.53806615    
   10.3199997     -0.269286901     -0.269283831      -17.8022537      -5.20828485    
   11.0900002     -0.269286901     -0.269283831      -21.1371536      -8.03816509    
   11.8599997     -0.269286901     -0.269283831      -24.6317101      -11.0277004    
   12.6199999     -0.269286901     -0.269283831      -28.2395096      -14.1370344    
   13.3900003     -0.269286901     -0.269283831      -32.0533905      -17.4458904    
   14.1599998     -0.269286901     -0.269283831      -36.0269279      -20.9144001    
   14.9300003     -0.269286901     -0.269283831      -40.1601295      -24.5425739    
   15.6899996     -0.269286901     -0.269283831      -44.3982735      -28.2822437    
   16.4599991     -0.269286901     -0.269283831      -48.8507919      -32.2297287    
   17.2299995     -0.269286901     -0.269283831      -53.4629745      -36.3368797    
   18.0000000     -0.269286901     -0.269283831      -58.2348175      -40.6036835    
   18.7600002     -0.269286901     -0.269283831      -63.1033134      -44.9737015    
   19.5300007     -0.269286901     -0.269283831      -68.1944733      -49.5598259    
   20.2999992     -0.269286901     -0.269283831      -73.4452896      -54.3055954    
   21.0699997     -0.269286901     -0.269283831      -78.8557739      -59.2110367    
   21.8400002     -0.269286901     -0.269283831      -84.4259186      -64.2761383    
   22.6000004     -0.269286901     -0.269283831      -90.0823517      -69.4340744    
   23.3700008     -0.269286901     -0.269283831      -95.9718170      -74.8184967    
   24.1399994     -0.269286901     -0.269283831      -102.020927      -80.3625565    
   24.9099998     -0.269286901     -0.269283831      -108.229713      -86.0662918    
   25.6700001     -0.269286901     -0.269283831      -114.516495      -91.8545685    
   26.4400005     -0.269286901     -0.269283831      -121.044601      -97.8776245    
   27.2099991     -0.269286901     -0.269283831      -127.732353      -104.060318    
   27.9799995     -0.269286901     -0.269283831      -134.579788      -110.402687    
   28.7399998     -0.269286901     -0.269283831      -141.496902      -116.821312    
   29.5100002     -0.269286901     -0.269283831      -148.663651      -123.482994    
   30.2800007     -0.269286901     -0.269283831      -155.990067      -130.304337    
   31.0499992     -0.269286901     -0.269283831      -163.476120      -137.285324    
   31.8099995     -0.269286901     -0.269283831      -171.023590      -144.334290    
   32.5800018     -0.269286901     -0.269283831      -178.828995      -151.634628    
   33.3499985     -0.269286901     -0.269283831      -186.794006      -159.094559    
   34.1199989     -0.269286901     -0.269283831      -194.918716      -166.714203    
   34.8800011     -0.269286901     -0.269283831      -203.096558      -174.393524    
   35.6500015     -0.269286901     -0.269283831      -211.540588      -182.332474    
   36.4199982     -0.269286901     -0.269283831      -220.144241      -190.431046    
   37.1899986     -0.269286901     -0.269283831      -228.907593      -198.689316    
   37.9500008     -0.269286901     -0.269283831      -237.715790      -206.998978    
   38.7200012     -0.269286901     -0.269283831      -246.798462      -215.576569    
   39.4900017     -0.269286901     -0.269283831      -256.040802      -224.313812    
   40.2599983     -0.269286901     -0.269283831      -265.442749      -233.210678    
   41.0200005     -0.269286901     -0.269283831      -274.881287      -242.150681    
   41.7900009     -0.269286901     -0.269283831      -284.602600      -251.366913    
   42.5600014     -0.269286901     -0.269283831      -294.483582      -260.742798    
   43.3300018     -0.269286901     -0.269283831      -304.524200      -270.278320    
   44.0900002     -0.269286901     -0.269283831      -314.593048      -279.848633    
   44.8600006     -0.269286901     -0.269283831      -324.953003      -289.703491    
   45.6300011     -0.269286901     -0.269283831      -335.472626      -299.717987    
   46.4000015     -0.269286901     -0.269283831      -346.151886      -309.892181    
