 Elev(m)    dbdxp(-)    dbdxc(-)      I2p     I2c
  -26.7800007       0.00000000       0.00000000       0.00000000       0.00000000    
  -26.0499992      -2.26348802E-03   1.02861896E-02  -3.01554392E-04   1.37038308E-03
  -25.3199997      -3.78095690E-04   2.96903681E-02  -1.25658803E-03   9.43704043E-03
  -24.5799999      -1.78037235E-03   4.49974649E-02  -2.86901323E-03   3.29633579E-02
  -23.8500004       5.88842714E-03   7.64265731E-02  -4.20379825E-03   8.24332684E-02
  -23.1200008      -1.32755691E-03  0.151884586      -4.38366365E-03  0.178496748    
  -22.3799992       1.54304048E-02   6.91610053E-02  -2.07118806E-03  0.336158842    
  -21.6499996       1.24331312E-02   8.06695595E-02   5.82641084E-03  0.541497946    
  -20.9200001       7.76178204E-03   9.35205743E-02   2.01266017E-02  0.790004849    
  -20.1800003       5.54265454E-03  0.104376711       3.91225033E-02   1.09180534    
  -19.4500008       5.47313830E-03  0.111900561       6.11257143E-02   1.44506204    
  -18.7199993       4.72519454E-03  0.119556017       8.59552473E-02   1.85796928    
  -17.9799995       4.30605700E-03  0.128985882      0.113705330       2.34090209    
  -17.2500000       1.92366540E-04  0.146327063      0.142899156       2.88754678    
  -16.5200005       3.54146096E-03  0.152553797      0.173189715       3.51068878    
  -15.7799997       7.94012751E-03  0.149476930      0.205929175       4.22297001    
  -15.0500002      -5.47565229E-04  0.164976418      0.240761325       5.00829935    
  -14.3199997      -3.86555423E-03  0.180557728      0.275990456       5.88155699    
  -13.5799999      -3.68858338E-03  0.185195208      0.310099751       6.86216831    
  -12.8500004      -7.55767245E-03  0.174957111      0.341229826       7.92689514    
  -12.1199999      -1.15020107E-02  0.119235374      0.368322402       9.07879829    
  -11.3800001      -1.80135667E-02   6.36603013E-02  0.389279842       10.3105774    
  -10.6499996      -1.50477141E-02   2.57809106E-02  0.401564151       11.5623226    
  -9.92000008      -8.24120548E-03   3.54652596E-03  0.406341165       12.8298903    
  -9.18000031       8.93526524E-03  -2.18801405E-02  0.408130914       14.1163397    
  -8.44999981       1.72498357E-02  -2.37028319E-02  0.413478732       15.3768578    
  -7.71999979       1.30100735E-02   7.27853505E-03  0.426346451       16.6291142    
  -6.98000002       7.94570427E-03   4.09354568E-02  0.446268886       17.9027290    
  -6.25000000      -2.20251456E-03   5.84098473E-02  0.469516784       19.1788807    
  -5.51999998      -1.27623305E-02   6.50294870E-02  0.491536140       20.4847107    
  -4.78000021      -2.17714310E-02   6.70991614E-02  0.507235348       21.8427029    
  -4.05000019      -2.61145625E-02   6.57017604E-02  0.511679828       23.2178764    
  -3.31999993      -3.00723333E-02   6.48146346E-02  0.502259135       24.6281319    
  -2.57999992      -3.23196203E-02   5.80856986E-02  0.476809174       26.0917053    
  -1.85000002      -2.71939840E-02   5.06073274E-02  0.435349911       27.5665741    
  -1.12000000      -2.67162491E-02   5.51954620E-02  0.378779739       29.0700207    
 -0.379999995      -2.44629923E-02   5.78623712E-02  0.307335675       30.6234131    
  0.349999994      -2.48485096E-02   6.12137876E-02  0.223377004       32.1869431    
   1.08000004      -2.80325729E-02   6.32599741E-02  0.125803709       33.7829208    
   1.82000005      -3.23485285E-02   6.49921298E-02   1.17078954E-02   35.4346581    
   2.54999995      -3.55099700E-02   6.47794008E-02 -0.118039526       37.0986786    
   3.27999997      -3.63314338E-02  0.206278607     -0.266398519       38.8161049    
   4.01999998      0.157308385      0.618932247     -0.410374790       40.7035980    
   4.75000000      0.284599900      0.231901035     -0.477197021       42.7903633    
   5.48000002      0.189109117      0.311342239     -0.422035903       45.0628548    
   6.21999979      0.178326070      0.265085369     -0.253193021       47.5166359    
   6.94999981      0.193885684      0.231640667       1.25694228E-02   50.0812645    
   7.67999983      0.193405271      0.219202712      0.379516810       52.7721367    
   8.42000008      0.169450656      0.241023466      0.852136314       55.6220703    
   9.14999962      0.162785932      0.227082059       1.41162574       58.5579948    
   9.88000011      0.191054776      0.197727144       2.06251884       61.6128807    
   10.6199999      0.191054776      0.197727144       2.82102036       64.8196640    
   11.3500004      0.191054776      0.197727144       3.67177415       68.0892029    
   12.0799999      0.191054776      0.197727144       4.62434006       71.4641037    
   12.8199997      0.191054776      0.197727144       5.69246531       74.9913254    
   13.5500002      0.191054776      0.197727144       6.84865904       78.5769653    
   14.2799997      0.191054776      0.197727144       8.10666466       82.2679749    
   15.0200005      0.191054776      0.197727144       9.48441601       86.1156387    
   15.7500000      0.191054776      0.197727144       10.9460478       90.0173874    
   16.4799995      0.191054776      0.197727144       12.5094929       94.0244980    
   17.2199993      0.191054776      0.197727144       14.1968660       98.1925964    
   17.9500008      0.191054776      0.197727144       15.9639425       102.410461    
   18.6800003      0.191054776      0.197727144       17.8328266       106.733681    
   19.4200001      0.191054776      0.197727144       19.8298244       111.222214    
   20.1499996      0.191054776      0.197727144       21.9023361       115.756172    
   20.8799992      0.191054776      0.197727144       24.0766602       120.395500    
   21.6200008      0.191054776      0.197727144       26.3832874       125.204491    
   22.3500004      0.191054776      0.197727144       28.7612381       130.054550    
   23.0799999      0.191054776      0.197727144       31.2410030       135.009979    
   23.8199997      0.191054776      0.197727144       33.8572464       140.139389    
   24.5499992      0.191054776      0.197727144       36.5406380       145.305573    
   25.2800007      0.191054776      0.197727144       39.3258476       150.577118    
   26.0200005      0.191054776      0.197727144       42.2517166       156.026962    
   26.7500000      0.191054776      0.197727144       45.2405472       161.509247    
   27.4899998      0.191054776      0.197727144       48.3728333       167.172714    
   28.2199993      0.191054776      0.197727144       51.5652885       172.865738    
   28.9500008      0.191054776      0.197727144       54.8595695       178.664139    
   29.6900005      0.191054776      0.197727144       58.3014755       184.648041    
   30.4200001      0.191054776      0.197727144       61.7993736       190.657166    
   31.1499996      0.191054776      0.197727144       65.3990860       196.771667    
   31.8899994      0.191054776      0.197727144       69.1506195       203.076004    
   32.6199989      0.191054776      0.197727144       72.9539490       209.401245    
   33.3499985      0.191054776      0.197727144       76.8591003       215.831833    
   34.0900002      0.191054776      0.197727144       80.9202652       222.456635    
   34.8199997      0.191054776      0.197727144       85.0290451       229.097977    
   35.5499992      0.191054776      0.197727144       89.2396317       235.844681    
   36.2900009      0.191054776      0.197727144       93.6104279       242.789917    
   37.0200005      0.191054776      0.197727144       98.0246429       249.747360    
   37.7500000      0.191054776      0.197727144       102.540672       256.810181    
   38.4900017      0.191054776      0.197727144       107.221085       264.075836    
   39.2200012      0.191054776      0.197727144       111.940742       271.349396    
   39.9500008      0.191054776      0.197727144       116.762207       278.728333    
   40.6899986      0.191054776      0.197727144       121.752228       286.314392    
   41.4199982      0.191054776      0.197727144       126.777321       293.904053    
   42.1500015      0.191054776      0.197727144       131.904251       301.599121    
   42.8899994      0.191054776      0.197727144       137.203888       309.505646    
   43.6199989      0.191054776      0.197727144       142.534424       317.411407    
   44.3499985      0.191054776      0.197727144       147.966782       325.422516    
   45.0900002      0.191054776      0.197727144       153.576065       333.649506    
   45.8199997      0.191054776      0.197727144       159.212036       341.871399    
   46.5499992      0.191054776      0.197727144       164.949829       350.198639    
