   466.953308      -17.4832077    
   550.559204      -17.4832077    
 NaN NaN
   455.556274      -16.8399582    
   576.776428      -16.8399582    
 NaN NaN
   447.713959      -16.1967068    
   586.377991      -16.1967068    
 NaN NaN
   441.401215      -15.5534573    
   633.432495      -15.5534573    
 NaN NaN
   432.853333      -14.9102077    
   642.052979      -14.9102077    
 NaN NaN
   427.133636      -14.2669573    
   651.711670      -14.2669573    
 NaN NaN
   422.972748      -13.6237078    
   665.506470      -13.6237078    
 NaN NaN
   419.242279      -12.9804573    
   676.329285      -12.9804573    
 NaN NaN
   414.934937      -12.3372078    
   684.452087      -12.3372078    
 NaN NaN
   410.280518      -11.6939583    
   694.249634      -11.6939583    
 NaN NaN
   405.486084      -11.0507078    
   711.562195      -11.0507078    
 NaN NaN
   399.896942      -10.4074583    
   739.833496      -10.4074583    
 NaN NaN
   394.307831      -9.76420784    
   753.803528      -9.76420784    
 NaN NaN
   964.106140      -9.76420784    
   1000.29199      -9.76420784    
 NaN NaN
   387.977783      -9.12095833    
   798.237305      -9.12095833    
 NaN NaN
   930.835266      -9.12095833    
   1012.63483      -9.12095833    
 NaN NaN
   381.469727      -8.47770786    
   1020.78564      -8.47770786    
 NaN NaN
   376.720062      -7.83445835    
   1027.71289      -7.83445835    
 NaN NaN
   372.279144      -7.19120836    
   1033.34802      -7.19120836    
 NaN NaN
   368.129089      -6.54795837    
   1038.67249      -6.54795837    
 NaN NaN
   364.366333      -5.90470839    
   1043.66431      -5.90470839    
 NaN NaN
   360.916290      -5.26145840    
   1048.14270      -5.26145840    
 NaN NaN
   357.573395      -4.61820889    
   1052.42920      -4.61820889    
 NaN NaN
   354.691132      -3.97495890    
   1056.52966      -3.97495890    
 NaN NaN
   351.808868      -3.33170891    
   1060.53894      -3.33170891    
 NaN NaN
   348.926605      -2.68845892    
   1064.23816      -2.68845892    
 NaN NaN
   346.044342      -2.04520893    
   1067.55481      -2.04520893    
 NaN NaN
   343.162079      -1.40195906    
   1070.75598      -1.40195906    
 NaN NaN
   340.117889     -0.758709133    
   1073.86865     -0.758709133    
 NaN NaN
   336.938660     -0.115459204    
   1077.04028     -0.115459204    
 NaN NaN
   333.780060      0.527790725    
   1080.23389      0.527790725    
 NaN NaN
   330.179169       1.17104065    
   1085.76648       1.17104065    
 NaN NaN
   326.562103       1.81429052    
   1093.45190       1.81429052    
 NaN NaN
   322.856689       2.45754051    
   1102.27466       2.45754051    
 NaN NaN
   318.752319       3.10079050    
   1111.90991       3.10079050    
 NaN NaN
   314.552399       3.74404049    
   1121.26965       3.74404049    
 NaN NaN
   310.352478       4.38729048    
   1127.97314       4.38729048    
 NaN NaN
   303.270477       5.03054047    
   1132.44617       5.03054047    
 NaN NaN
   254.159103       5.67378998    
   1137.49634       5.67378998    
 NaN NaN
   182.322891       6.31703997    
   214.281616       6.31703997    
 NaN NaN
   239.874451       6.31703997    
   1143.38037       6.31703997    
 NaN NaN
   81.3914185       6.96028996    
   99.7681961       6.96028996    
 NaN NaN
   174.184204       6.96028996    
   1163.25220       6.96028996    
 NaN NaN
   69.1889572       7.60353994    
   124.368301       7.60353994    
 NaN NaN
   167.803680       7.60353994    
   1168.28674       7.60353994    
 NaN NaN
   49.0691147       8.24678993    
   139.041962       8.24678993    
 NaN NaN
   162.677841       8.24678993    
   1175.61902       8.24678993    
 NaN NaN
   1215.22461       8.24678993    
   1302.40125       8.24678993    
 NaN NaN
   1425.14233       8.24678993    
   1459.73352       8.24678993    
 NaN NaN
   38.1507607       8.89003944    
   1318.01453       8.89003944    
 NaN NaN
   1414.12854       8.89003944    
   1466.34058       8.89003944    
 NaN NaN
   30.5242290       9.53328991    
   1394.73279       9.53328991    
 NaN NaN
   1405.40344       9.53328991    
   1472.09998       9.53328991    
 NaN NaN
   25.7862682       10.1765394    
   1476.10510       10.1765394    
 NaN NaN
   22.7845173       10.8197899    
   1481.94592       10.8197899    
 NaN NaN
   19.9402370       11.4630394    
   1503.40930       11.4630394    
 NaN NaN
   17.2074585       12.1062899    
   1525.90015       12.1062899    
 NaN NaN
   14.5420179       12.7495394    
   1533.43799       12.7495394    
 NaN NaN
   11.8806810       13.3927889    
   1539.78564       13.3927889    
 NaN NaN
   0.00000000       14.0360394    
   8.52525616       14.0360394    
 NaN NaN
   8.52525616       14.0360394    
   1539.78564       14.0360394    
 NaN NaN
   0.00000000       14.6792889    
   1539.78564       14.6792889    
 NaN NaN
   0.00000000       15.3225393    
   1539.78564       15.3225393    
 NaN NaN
   0.00000000       15.9657888    
   1539.78564       15.9657888    
 NaN NaN
   0.00000000       16.6090393    
   1539.78564       16.6090393    
 NaN NaN
   0.00000000       17.2522888    
   1539.78564       17.2522888    
 NaN NaN
   0.00000000       17.8955383    
   1539.78564       17.8955383    
 NaN NaN
   0.00000000       18.5387878    
   1539.78564       18.5387878    
 NaN NaN
   0.00000000       19.1820393    
   1539.78564       19.1820393    
 NaN NaN
   0.00000000       19.8252888    
   1539.78564       19.8252888    
 NaN NaN
   0.00000000       20.4685383    
   1539.78564       20.4685383    
 NaN NaN
   0.00000000       21.1117878    
   1539.78564       21.1117878    
 NaN NaN
   0.00000000       21.7550392    
   1539.78564       21.7550392    
 NaN NaN
   0.00000000       22.3982887    
   1539.78564       22.3982887    
 NaN NaN
   0.00000000       23.0415382    
   1539.78564       23.0415382    
 NaN NaN
   0.00000000       23.6847878    
   1539.78564       23.6847878    
 NaN NaN
   0.00000000       24.3280373    
   1539.78564       24.3280373    
 NaN NaN
   0.00000000       24.9712887    
   1539.78564       24.9712887    
 NaN NaN
   0.00000000       25.6145382    
   1539.78564       25.6145382    
 NaN NaN
   0.00000000       26.2577877    
   1539.78564       26.2577877    
 NaN NaN
   0.00000000       26.9010372    
   1539.78564       26.9010372    
 NaN NaN
   0.00000000       27.5442886    
   1539.78564       27.5442886    
 NaN NaN
   0.00000000       28.1875381    
   1539.78564       28.1875381    
 NaN NaN
   0.00000000       28.8307877    
   1539.78564       28.8307877    
 NaN NaN
   0.00000000       29.4740372    
   1539.78564       29.4740372    
 NaN NaN
   0.00000000       30.1172867    
   1539.78564       30.1172867    
 NaN NaN
   0.00000000       30.7605381    
   1539.78564       30.7605381    
 NaN NaN
   0.00000000       31.4037876    
   1539.78564       31.4037876    
 NaN NaN
   0.00000000       32.0470390    
   1539.78564       32.0470390    
 NaN NaN
   0.00000000       32.6902885    
   1539.78564       32.6902885    
 NaN NaN
   0.00000000       33.3335381    
   1539.78564       33.3335381    
 NaN NaN
   0.00000000       33.9767876    
   1539.78564       33.9767876    
 NaN NaN
   0.00000000       34.6200371    
   1539.78564       34.6200371    
 NaN NaN
   0.00000000       35.2632866    
   1539.78564       35.2632866    
 NaN NaN
   0.00000000       35.9065361    
   1539.78564       35.9065361    
 NaN NaN
   0.00000000       36.5497856    
   1539.78564       36.5497856    
 NaN NaN
   0.00000000       37.1930351    
   1539.78564       37.1930351    
 NaN NaN
   0.00000000       37.8362885    
   1539.78564       37.8362885    
 NaN NaN
   0.00000000       38.4795380    
   1539.78564       38.4795380    
 NaN NaN
   0.00000000       39.1227875    
   1539.78564       39.1227875    
 NaN NaN
   0.00000000       39.7660370    
   1539.78564       39.7660370    
 NaN NaN
   0.00000000       40.4092865    
   1539.78564       40.4092865    
 NaN NaN
   0.00000000       41.0525360    
   1539.78564       41.0525360    
 NaN NaN
   0.00000000       41.6957855    
   1539.78564       41.6957855    
 NaN NaN
   0.00000000       42.3390350    
   1539.78564       42.3390350    
 NaN NaN
   0.00000000       42.9822845    
   1539.78564       42.9822845    
 NaN NaN
   0.00000000       43.6255341    
   1539.78564       43.6255341    
 NaN NaN
   0.00000000       44.2687874    
   1539.78564       44.2687874    
 NaN NaN
   0.00000000       44.9120369    
   1539.78564       44.9120369    
 NaN NaN
   0.00000000       45.5552864    
   1539.78564       45.5552864    
 NaN NaN
   0.00000000       46.1985359    
   1539.78564       46.1985359    
 NaN NaN
