 Elev(m)    dbdxp(-)    dbdxc(-)      I2p     I2c
  -33.9799995       0.00000000       0.00000000       0.00000000       0.00000000    
  -33.1899986      -1.83185767E-02  -2.41812319E-03  -2.85816262E-03  -3.77288554E-04
  -32.4000015      -2.12118458E-02  -4.68704570E-03  -1.47422086E-02  -2.24044849E-03
  -31.6100006      -3.50509584E-02  -8.36238731E-03  -4.15724553E-02  -7.24824099E-03
  -30.8299999      -7.90468678E-02  -1.20424042E-02  -9.45325270E-02  -1.73865762E-02
  -30.0400009      -8.83341432E-02  -1.46705629E-02 -0.191861019      -3.49656083E-02
  -29.2500000      -8.99719894E-02  -1.60578601E-02 -0.343125641      -6.15069903E-02
  -28.4599991     -0.104790002      -5.23046637E-03 -0.552598357      -9.61643010E-02
  -27.6700001     -0.100627333      -8.24728888E-03 -0.824508607     -0.136245906    
  -26.8899994     -0.122526973      -8.94300267E-03  -1.15943980     -0.180578619    
  -26.1000004     -0.176106811      -8.20887461E-03  -1.57963002     -0.230803445    
  -25.3099995     -0.143536776      -3.81265581E-02  -2.09628797     -0.290934026    
  -24.5200005     -0.146375805      -5.40224463E-02  -2.70805073     -0.372671515    
  -23.7299995     -0.149774149      -5.45086451E-02  -3.41125560     -0.485720366    
  -22.9500008     -0.149178624      -6.34545460E-02  -4.19782352     -0.632462382    
  -22.1599998     -0.156102672      -7.13815689E-02  -5.08815527     -0.820293128    
  -21.3700008     -0.192265466      -7.96016082E-02  -6.08047056      -1.05271852    
  -20.5799999     -0.269642740      -8.16590786E-02  -7.19921207      -1.33386230    
  -19.7900009     -0.289181530      -9.25666839E-02  -8.47721100      -1.66734982    
  -19.0100002     -0.204058498     -0.149305016      -9.90207958      -2.06119418    
  -18.2199993     -0.194666311     -0.144639418      -11.4833994      -2.54320502    
  -17.4300003     -0.209519431     -0.122913688      -13.1899891      -3.11282253    
  -16.6399994     -0.290558577     -0.112482041      -15.0376701      -3.76091409    
  -15.8500004     -0.361773580     -0.111228034      -17.0651531      -4.48063612    
  -15.0600004     -0.382186860     -0.102914646      -19.3104954      -5.26867485    
  -14.2799997     -0.360589415     -0.108549744      -21.7579155      -6.11272192    
  -13.4899998     -0.279089659     -0.158663377      -24.4509220      -7.04185200    
  -12.6999998     -0.206371620     -0.219116181      -27.3194809      -8.07161713    
  -11.9099998     -0.496848226     -0.223370582      -30.3735027      -9.22936440    
  -11.1199999     -0.571553111     -0.203005940      -33.7039413      -10.5226765    
  -10.3400002     -0.546313226     -0.185866669      -37.3312263      -11.9259739    
  -9.55000019     -0.309184253     -0.324599326      -41.3106728      -13.4868050    
  -8.76000023      -7.60422945E-02 -0.471476823      -45.4837036      -15.2514896    
  -7.96999979      -7.83200935E-02 -0.442466766      -49.7409286      -17.2829800    
  -7.17999983      -8.04591775E-02 -0.371683091      -54.0470047      -19.5840969    
  -6.40000010      -8.47975314E-02 -0.220570430      -58.3488197      -22.0739117    
  -5.61000013      -8.90231803E-02 -0.113379247      -62.7583618      -24.7389736    
  -4.82000017      -9.19170305E-02 -0.101028420      -67.2232513      -27.4895916    
  -4.03000021      -9.59366485E-02  -9.85059142E-02  -71.7456894      -30.3047962    
  -3.24000001     -0.103606157      -9.50170010E-02  -76.3285675      -33.1813278    
  -2.46000004     -0.113012381      -9.12663862E-02  -80.9179688      -36.0803261    
  -1.66999996     -0.128078297      -9.03964341E-02  -85.6371918      -39.0735283    
 -0.879999995     -0.127519369      -8.27548876E-02  -90.4339142      -42.1220856    
  -9.00000036E-02   4.58640419E-02 -0.201806918      -95.2832489      -45.2420616    
  0.699999988      0.930528700     -0.865342975      -99.9929886      -48.5729370    
   1.48000002      0.929271102     -0.827088833      -104.202515      -52.2901077    
   2.26999998       1.56327653      -1.57261145      -107.790665      -56.6900215    
   3.05999994       1.55461943      -1.64880121      -110.503433      -61.9669724    
   3.84999990       1.94969404      -1.33120322      -112.182976      -68.2115021    
   4.63999987       2.06889439      -1.08557403      -112.688759      -75.2980652    
   5.42999983       2.08618212     -0.925215900      -111.919235      -83.0754395    
   6.21000004       2.08618212     -0.897168577      -109.868378      -91.3484650    
   7.00000000       2.08618212     -0.883004189      -106.497581      -100.286003    
   7.78999996       2.08618212     -0.880564570      -101.824799      -109.776451    
   8.57999992       2.08618212     -0.880564570      -95.8500214      -119.816833    
   9.36999989       2.08618212     -0.880564570      -88.5732651      -130.406784    
   10.1499996       2.08618212     -0.880564570      -80.0948715      -141.408768    
   10.9399996       2.08618212     -0.880564570      -70.2141342      -153.097839    
   11.7299995       2.08618212     -0.880564570      -59.0314140      -165.336472    
   12.5200005       2.08618212     -0.880564570      -46.5466881      -178.124680    
   13.3100004       2.08618212     -0.880564570      -32.7599907      -191.462433    
   14.0900002       2.08618212     -0.880564570      -17.8540649      -205.177444    
   14.8800001       2.08618212     -0.880564570      -1.46339202      -219.614319    
   15.6700001       2.08618212     -0.880564570       16.2292690      -234.600754    
   16.4599991       2.08618212     -0.880564570       35.2238960      -250.136734    
   17.2500000       2.08618212     -0.880564570       55.5205574      -266.222321    
   18.0300007       2.08618212     -0.880564570       76.8540421      -282.650360    
   18.8199997       2.08618212     -0.880564570       99.7546234      -299.835022    
   19.6100006       2.08618212     -0.880564570       123.957253      -317.569275    
   20.3999996       2.08618212     -0.880564570       149.461807      -335.853058    
   21.1900005       2.08618212     -0.880564570       176.268417      -354.686462    
   21.9799995       2.08618212     -0.880564570       204.376953      -374.069366    
   22.7600002       2.08618212     -0.880564570       233.423477      -393.753021    
   23.5499992       2.08618212     -0.880564570       264.135986      -414.235046    
   24.3400002       2.08618212     -0.880564570       296.150543      -435.266693    
   25.1299992       2.08618212     -0.880564570       329.467010      -456.847839    
   25.9200001       2.08618212     -0.880564570       364.085571      -478.978577    
   26.7000008       2.08618212     -0.880564570       399.559631      -501.375275    
   27.4899998       2.08618212     -0.880564570       436.782074      -524.605103    
   28.2800007       2.08618212     -0.880564570       475.306580      -548.384521    
   29.0699997       2.08618212     -0.880564570       515.132996      -572.713501    
   29.8600006       2.08618212     -0.880564570       556.261475      -597.592041    
   30.6399994       2.08618212     -0.880564570       598.162964      -622.701721    
   31.4300003       2.08618212     -0.880564570       641.895447      -648.679382    
   32.2200012       2.08618212     -0.880564570       686.929932      -675.206665    
   33.0099983       2.08618212     -0.880564570       733.266113      -702.283325    
   33.7999992       2.08618212     -0.880564570       780.904541      -729.909729    
   34.5800018       2.08618212     -0.880564570       829.233826      -757.732544    
   35.3699989       2.08618212     -0.880564570       879.476013      -786.457886    
   36.1599998       2.08618212     -0.880564570       931.020386      -815.732971    
   36.9500008       2.08618212     -0.880564570       983.866821      -845.557556    
   37.7400017       2.08618212     -0.880564570       1038.01514      -875.931763    
   38.5299988       2.08618212     -0.880564570       1093.46533      -906.855347    
   39.3100014       2.08618212     -0.880564570       1149.50757      -937.933777    
   40.0999985       2.08618212     -0.880564570       1207.56165      -969.956482    
   40.8899994       2.08618212     -0.880564570       1266.91809      -1002.52893    
   41.6800003       2.08618212     -0.880564570       1327.57642      -1035.65088    
   42.4700012       2.08618212     -0.880564570       1389.53662      -1069.32251    
   43.2500000       2.08618212     -0.880564570       1452.00623      -1103.11377    
   44.0400009       2.08618212     -0.880564570       1516.57056      -1137.88452    
   44.8300018       2.08618212     -0.880564570       1582.43689      -1173.20471    
