	RS=188.00* 
0	11.79271158
6.205728186	11.29283977
11.84757567	10.48816795
12.41450386	10.35100772
18.62023205	8.967216023
23.6982	8.129016023
24.82595907	7.99490386
31.03473591	7.327392279
35.54577684	6.78484807
37.23741544	6.720839767
43.44618995	6.562344209
47.3964	6.528816023
49.65191814	6.513576256
55.85764633	6.6294
59.24397451	6.763512163
62.06642549	6.879335907
65.6021027	7.043928186
68.27215367	7.16889614
71.0946	7.324344209
74.47788186	7.559039767
80.68665637	7.830312163
82.94217451	7.866887837
86.89237991	7.91870386
93.09811274	7.952232047
94.78974902	7.982712163
99.30383628	8.049767953
105.5095691	8.089392279
106.6403745	8.101583977
109.4872054	8.132064093
111.7183436	8.15644807
117.9240765	8.211312163
118.487949	8.214360233
124.1298	8.052816023
130.3385745	7.793735907
138.9948927	5.4864
139.6624054	5.312664093
147.6542618	3.438143919
148.9831946	3.19735193
156.3105892	1.648967953
158.3070255	1.118616023
164.969949	-1.304544064
167.6308471	-2.328671959
173.6262765	-5.465064093
176.9546873	-7.16889614
182.2825853	-10.00353591
186.2785274	-12.04569614
190.9389127	-14.01470386
195.602349	-15.48688842
199.5952402	-16.82191158
204.9261892	-18.88236023
208.2546	-20.193
214.2500108	-22.68931274
216.9109274	-23.67991274
223.573851	-26.08478456
225.5702873	-26.53893591
232.8976726	-28.02940772
234.2266147	-28.17875907
242.2184618	-28.79750502
242.8859745	-28.82493591
251.542302	-28.89808726
259.9639274	-28.56280772
261.0093892	-28.51404093
268.3855529	-28.03855135
270.4764765	-27.88615135
276.8041274	-27.45943088
279.9435637	-27.23387953
285.2257529	-26.85592819
289.410651	-26.57855907
293.6443274	-26.28595135
298.8807892	-25.98115135
302.0659529	-25.83484865
308.3478765	-25.60624865
310.4875598	-25.56357684
317.8149451	-25.40507953
318.9092039	-25.3746
327.282051	-25.06065637
327.3277784	-25.05760772
335.7494039	-24.5364
336.7491196	-24.47239228
344.1710294	-23.82012047
346.2162255	-23.64333591
352.5926549	-23.00020772
355.6832941	-22.70455135
361.0142804	-22.04923088
365.1504	-21.54326409
369.4328549	-21.03729498
374.6175059	-20.38197684
377.8514294	-20.07107953
384.0845745	-19.51939228
386.2730549	-19.32127181
393.5516804	-18.70252819
394.6946804	-18.5928
403.018749	-17.77288842
403.1163059	-17.76069614
411.5348804	-16.70303977
412.4858549	-16.59940772
419.9565059	-15.94713591
421.9529235	-15.78254363
428.3780941	-15.51736795
431.4200294	-15.37716023
436.7997196	-15.17903977
440.887098	-15.02054363
445.2182941	-14.82242433
450.3542039	-14.59077567
453.6399196	-14.4018
459.8212726	-14.05432819
462.0615451	-13.92021544
469.2883784	-13.51483205
470.4831706	-13.44777567
478.7554471	-12.97533591
478.9047961	-12.96923977
487.3203196	-12.49984749
488.2225529	-12.45107953
495.7419451	-12.10360772
497.6896216	-12.02436023
504.1635706	-11.76223205
507.1567274	-11.64336023
512.5851961	-11.40561544
516.6237961	-11.22578456
521.0068216	-10.98499228
526.090902	-10.71676795
529.4253961	-10.55522433
535.5610216	-10.27785637
537.8470216	-10.18641544
545.0281274	-9.906
546.2686471	-9.860279535
554.4951961	-9.552432047
554.6902726	-9.543287837
563.1088471	-9.192767953
563.962302	-9.156192279
571.5304726	-8.875776256
573.4293706	-8.802623744
579.952098	-8.53744807
582.8964765	-8.433816023
588.3737235	-8.23569614
592.3635451	-8.101583977
596.795349	-7.955280116
601.830651	-7.787639767
605.2108726	-7.69010386
611.2977196	-7.525512163
613.632498	-7.479792279
620.7648255	-7.333487837
622.0541235	-7.306055791
630.2318941	-7.129271814
630.475749	-7.126223744
638.8943607	-7.0104
639.699	-6.998207721
647.315949	-6.848855791
649.1661059	-6.812280116
655.7376117	-6.690360233
658.6332117	-6.638544209
664.1592	-6.513576256
668.1002432	-6.425183977
672.5807883	-6.342887837
677.567349	-6.25449614
680.9994	-6.187439767
687.0344549	-6.062471814
689.4209883	-6.01675193
696.5015607	-5.855207721
697.842651	-5.827776256
705.9685922	-5.63575193
706.2642393	-5.626607721
714.685902	-5.440680116
715.435698	-5.422392279
723.1013883	-5.25170386
724.9028039	-5.209032047
731.523051	-5.044439767
734.3699098	-4.971287837
739.9446393	-4.831080116
743.8369412	-4.739640058
748.366302	-4.64210386
753.3040471	-4.538472105
756.7878902	-4.428743919
762.7711529	-4.148327895
765.206502	-4.050791988
772.2382588	-3.700272105
773.6280902	-3.630167953
781.7083412	-3.2766
782.0497529	-3.258311872
790.4713412	-2.700527895
791.1754471	-2.639567953
798.8899529	-2.06044807
800.6425529	-1.938528041
807.3115412	-1.466087983
810.1096588	-1.304544064
815.7332039	-0.874775965
819.5766902	-0.624839985
824.1547922	-0.283464002
829.0437961	-0.048767999
832.5734039	0.207264002
838.5139529	0.594360015
840.9949922	0.734568026
847.9810588	1.161287983
849.4166549	1.252728041
857.4480902	1.776983977
857.8351922	1.792224035
866.2568549	2.090928041
866.9151961	2.118359942
874.6753922	2.599943919
876.382302	2.987040058
883.0970549	5.7912
885.8494078	6.498335907
892.7317412	6.7818
894.4630588	6.858
902.9516941	6.900671814
903.0736588	6.900671814
911.6873098	6.85495193
913.1716471	6.85495193
920.3009607	6.809232047
923.3916	6.833616023
928.9115607	6.86409614
933.6146039	6.842760233
937.5252117	6.803135907
943.8345568	6.790944209
946.1387883	6.797039767
954.0545098	6.815328186
954.7493883	6.821423744
963.3630393	7.095744209
964.2743883	7.120128186
971.9766902	7.266432047
974.4973922	7.287767953
980.5903412	7.339583977
984.7173451	7.363967953
989.2009412	7.400544209
994.937298	7.446264093
997.8145922	7.47064807
1005.157251	7.531607721
1006.428243	7.5438
1015.038843	7.763255791
1015.380255	7.781544209
1023.652494	8.202167953
1025.600208	8.180832047
1032.266145	8.092439767
1035.81711	8.110728186
1037.609298	8.119871814
1040.876745	8.132064093
1046.036988	8.15035193
1049.490396	8.171687837
1056.259992	8.040623744
1058.104047	8.010144209
1066.479945	7.516367953
1066.714647	7.501128186
1075.328298	7.138416023
1076.699898	7.120128186
1083.941949	7.037832047
1086.919851	7.00430386
1092.552549	6.955535907
1097.142855	7.001255791
1101.1662	7.053071814
1107.362808	7.08964807
1109.779851	7.107935907
1117.582761	7.196328186
1118.390451	7.202423744
1127.004102	7.24509614
1127.80569	7.24204807
1135.617753	7.190232047
1138.025643	7.144512163
1144.228353	7.071360233
1148.245596	7.025639767
1152.842004	6.952487837
1158.465549	6.885432047
1161.455655	6.85495193
1168.688553	6.827519884
1170.066255	6.824471814
1178.679906	6.842760233
1178.908506	6.842760233
1187.293557	6.848855791
1189.128459	6.885432047
1195.907208	6.979919884
1199.348412	7.019544209
1204.517808	7.107935907
1209.571341	7.214616023
1213.131459	7.287767953
1219.791294	7.507223744
1221.74511	7.571232047
1230.008196	7.69924807
1230.35571	7.705344209
1238.969361	7.897367953
1240.228149	7.940039767
1247.583012	8.177783977
1250.451079	8.14730386
1256.193612	8.07415193
1260.671106	7.967471814
1264.807188	7.866887837
1270.890984	7.866887837
1273.42389	7.863839767
1281.111012	7.781544209
1282.03449	7.76630386
1290.648216	7.638287837
1291.334016	7.632192279
1299.261792	7.568183977
1301.553894	7.574280116
1307.872392	7.61390386
1311.773921	7.632192279
1316.486118	7.656576256
1321.9938	7.69315193
1325.099694	7.6962
1332.216804	7.812023744
1333.710294	7.839455791
1342.32402	7.708392279
1342.436682	7.708392279
1350.937596	7.77544807
1352.65671	7.735823744
1359.548196	7.580376256
1362.876588	7.516367953
1368.161921	7.406639767
1373.099592	7.406639767
1376.775498	7.406639767
1383.31962	7.403592279
1385.386098	7.403592279
1393.539498	7.3152
1393.999823	7.31215193
1402.6134	7.15670386
1403.762502	7.147560233
1411.226977	7.077455791
1413.98238	7.025639767
1419.837577	6.78484807
1424.202408	6.214871814
1428.451302	5.55650386
1434.422286	4.986528186
1437.064879	4.861559942
1444.64529	4.858511872
1445.675479	4.87070386
1454.289204	5.11149614
1454.865318	5.135880116
1462.90278	5.532119884
1465.085196	5.666232047
1471.51338	6.077712163
1475.302098	6.263639767
1480.127106	6.48004807
1485.525102	6.979919884
1488.740682	7.482839767
1495.74498	9.44575193
1497.351282	9.906
1505.965008	11.99692819
	
