 Elev(m)    Area(m2)     Peri(m)      Radi(m)   Conv(m3/s)    topWidth(m)    newI1(m3)    dPdA(1/m)
   -18.85        0.00        0.00         NaN                 NaN               0.000           0.000             NaN
   -18.24       22.16       58.75        0.38             462.840              58.731           6.791           2.651
   -17.62       70.65      100.06        0.71            2240.654             100.022          35.230           0.852
   -17.01      140.40      126.16        1.11            6031.012             126.083          99.898           0.374
   -16.40      225.38      154.04        1.46           11619.338             153.932         211.979           0.328
   -15.78      334.37      211.44        1.58           18154.791             211.317         383.497           0.527
   -15.17      483.20      272.10        1.78           28343.578             271.960         634.014           0.408
   -14.56      669.38      348.65        1.92           41360.840             348.498         987.182           0.411
   -13.95      903.16      407.65        2.22           61396.262             407.484        1469.032           0.252
   -13.33     1170.02      454.74        2.57           87877.039             454.548        2104.287           0.176
   -12.72     1456.59      480.56        3.03          122027.148             480.345        2909.123           0.090
   -12.11     1757.89      502.47        3.50          162047.938             502.211        3894.091           0.073
   -11.49     2071.98      523.34        3.96          207417.578             523.045        5067.624           0.066
   -10.88     2401.23      550.25        4.36          256493.125             549.903        6438.286           0.082
   -10.27     2744.07      570.29        4.81          312837.594             569.879        8014.884           0.058
    -9.66     3099.71      589.12        5.26          375082.531             588.630        9805.508           0.053
    -9.04     3464.18      601.50        5.76          445216.219             600.933       11816.783           0.034
    -8.43     3836.09      613.42        6.25          520838.312             612.782       14053.698           0.032
    -7.82     4215.90      628.31        6.71          599924.000             627.609       16520.951           0.039
    -7.21     4605.77      646.00        7.13          682458.438             645.250       19224.049           0.045
    -6.59     5007.37      666.50        7.51          768319.562             665.672       22169.666           0.051
    -5.98     5420.88      686.02        7.90          860235.938             685.112       25365.043           0.047
    -5.37     5847.45      707.89        8.26          955788.312             706.880       28817.830           0.051
    -4.75     6286.55      725.94        8.66         1060422.125             724.814       32535.871           0.041
    -4.14     6734.48      736.84        9.14         1177565.000             735.577       36525.719           0.024
    -3.53     7187.82      745.12        9.65         1302879.375             743.725       40791.727           0.018
    -2.92     7645.64      751.91       10.17         1435397.625             750.370       45336.930           0.015
    -2.30     8107.41      758.14       10.69         1574098.250             756.436       50163.906           0.013
    -1.69     8572.43      763.05       11.23         1720016.500             761.168       55274.871           0.011
    -1.08     9040.34      767.89       11.77         1871402.750             765.836       60671.691           0.010
    -0.46     9511.08      772.74       12.31         2028095.000             770.504       66356.133           0.010
     0.15     9984.86      778.20       12.83         2188940.500             775.809       72329.992           0.012
     0.76    10462.08      784.15       13.34         2354093.000             781.623       78595.250           0.012
     1.37    10942.95      791.05       13.83         2522414.000             788.394       85154.078           0.014
     1.99    11428.68      800.02       14.29         2691458.000             797.263       92009.094           0.018
     2.60    11920.86      811.74       14.69         2859525.250             808.924       99163.750           0.024
     3.21    12421.70      829.35       14.98         3019056.750             826.477      106622.688           0.035
     3.83    12931.50      838.44       15.42         3204983.000             835.440      114391.305           0.018
     4.44    13445.37      844.69       15.92         3403158.250             841.517      122473.578           0.012
     5.05    13963.25      851.98       16.39         3603729.750             848.636      130872.008           0.014
     5.66    14485.48      859.50       16.85         3808770.000             855.992      139589.141           0.014
     6.28    15013.42      871.56       17.23         4005528.250             867.907      148628.062           0.023
     6.89    15558.11      927.44       16.78         4078153.500             923.615      157995.641           0.103
     7.50    16183.18     1069.72       15.13         3959613.250            1065.720      167721.672           0.228
     8.12    16846.05     1103.81       15.26         4145984.500            1099.671      177842.344           0.051
     8.73    17526.59     1119.89       15.65         4386381.500            1115.656      188374.656           0.024
     9.34    18212.89     1128.10       16.14         4653651.000            1123.771      199325.766           0.012
     9.95    18903.37     1134.13       16.67         4933812.500            1129.681      210698.766           0.009
    10.57    19597.38     1139.84       17.19         5221888.500            1135.247      222496.000           0.008
    11.18    20295.09     1147.15       17.69         5511846.500            1142.436      234719.672           0.010
    11.79    20998.37     1156.51       18.16         5802324.500            1151.736      247372.625           0.013
    12.41    21704.19     1156.51       18.77         6131009.000            1151.736      260457.344           0.000
    13.02    22410.01     1156.51       19.38         6466898.500            1151.736      273974.625          -0.000
    13.63    23115.83     1156.51       19.99         6809916.500            1151.736      287924.438           0.000
    14.24    23821.65     1156.51       20.60         7159988.500            1151.736      302306.781           0.000
    14.86    24527.46     1156.51       21.21         7517045.000            1151.736      317121.719          -0.000
    15.47    25233.29     1156.51       21.82         7881019.000            1151.736      332369.188           0.000
    16.08    25939.10     1156.51       22.43         8251842.500            1151.736      348049.188           0.000
    16.70    26644.92     1156.51       23.04         8629458.000            1151.736      364161.750          -0.000
    17.31    27350.74     1156.51       23.65         9013799.000            1151.736      380706.875           0.000
    17.92    28056.56     1156.51       24.26         9404811.000            1151.736      397684.469           0.000
    18.53    28762.38     1156.51       24.87         9802436.000            1151.736      415094.688           0.000
    19.15    29468.20     1156.51       25.48        10206622.000            1151.736      432937.438          -0.000
    19.76    30174.02     1156.51       26.09        10617312.000            1151.736      451212.750           0.000
    20.37    30879.84     1156.51       26.70        11034459.000            1151.736      469920.594           0.000
    20.99    31585.66     1156.51       27.31        11458012.000            1151.736      489061.000          -0.000
    21.60    32291.48     1156.51       27.92        11887919.000            1151.736      508633.938           0.000
    22.21    32997.30     1156.51       28.53        12324140.000            1151.736      528639.438           0.000
    22.82    33703.12     1156.51       29.14        12766627.000            1151.736      549077.500          -0.000
    23.44    34408.93     1156.51       29.75        13215332.000            1151.736      569948.000           0.000
    24.05    35114.75     1156.51       30.36        13670216.000            1151.736      591251.125           0.000
    24.66    35820.57     1156.51       30.97        14131238.000            1151.736      612986.812          -0.000
    25.27    36526.39     1156.51       31.58        14598357.000            1151.736      635155.062           0.000
    25.89    37232.21     1156.51       32.19        15071532.000            1151.736      657755.875           0.000
    26.50    37938.03     1156.51       32.80        15550726.000            1151.736      680789.188           0.000
    27.11    38643.85     1156.51       33.41        16035899.000            1151.736      704255.062          -0.000
    27.73    39349.67     1156.51       34.02        16527016.000            1151.736      728153.438           0.000
    28.34    40055.48     1156.51       34.63        17024042.000            1151.736      752484.375           0.000
    28.95    40761.30     1156.51       35.24        17526942.000            1151.736      777247.938          -0.000
    29.56    41467.12     1156.51       35.86        18035680.000            1151.736      802444.000           0.000
    30.18    42172.95     1156.51       36.47        18550228.000            1151.736      828072.625           0.000
    30.79    42878.76     1156.51       37.08        19070544.000            1151.736      854133.750          -0.000
    31.40    43584.58     1156.51       37.69        19596606.000            1151.736      880627.500           0.000
    32.02    44290.40     1156.51       38.30        20128376.000            1151.736      907553.750           0.000
    32.63    44996.22     1156.51       38.91        20665828.000            1151.736      934912.562          -0.000
    33.24    45702.04     1156.51       39.52        21208928.000            1151.736      962703.938           0.000
    33.85    46407.86     1156.51       40.13        21757646.000            1151.736      990927.812           0.000
    34.47    47113.68     1156.51       40.74        22311962.000            1151.736     1019584.250          -0.000
    35.08    47819.50     1156.51       41.35        22871836.000            1151.736     1048673.125           0.000
    35.69    48525.31     1156.51       41.96        23437246.000            1151.736     1078194.625           0.000
    36.31    49231.13     1156.51       42.57        24008170.000            1151.736     1108148.750           0.000
    36.92    49936.95     1156.51       43.18        24584580.000            1151.736     1138535.375          -0.000
    37.53    50642.77     1156.51       43.79        25166442.000            1151.736     1169354.625           0.000
    38.14    51348.59     1156.51       44.40        25753738.000            1151.736     1200606.375           0.000
    38.76    52054.41     1156.51       45.01        26346438.000            1151.736     1232290.625          -0.000
    39.37    52760.23     1156.51       45.62        26944522.000            1151.736     1264407.500           0.000
    39.98    53466.05     1156.51       46.23        27547964.000            1151.736     1296956.875           0.000
    40.60    54171.87     1156.51       46.84        28156744.000            1151.736     1329938.750          -0.000
    41.21    54877.69     1156.51       47.45        28770830.000            1151.736     1363353.250           0.000
    41.82    55583.51     1156.51       48.06        29390204.000            1151.736     1397200.250           0.000
    42.43    56289.33     1156.51       48.67        30014850.000            1151.736     1431479.875          -0.000
