 Elev(m)    Area(m2)     Peri(m)      Radi(m)   Conv(m3/s)    topWidth(m)    newI1(m3)    dPdA(1/m)
   -21.00        0.00        0.00         NaN                 NaN               0.000           0.000             NaN
   -20.32       12.86       33.96        0.38             269.285              33.925           4.370           2.641
   -19.64       42.23       51.14        0.83            1486.639              51.030          23.088           0.585
   -18.97       80.80       62.20        1.30            3848.028              61.998          64.892           0.287
   -18.29      126.49       72.52        1.74            7330.870              72.224         135.327           0.226
   -17.61      178.80       81.90        2.18           12036.321              81.489         239.062           0.179
   -16.93      237.39       91.48        2.59           17931.648              90.949         380.482           0.164
   -16.25      302.17      100.35        3.01           25204.939              99.684         563.822           0.137
   -15.57      373.01      109.96        3.39           33685.691             109.169         793.244           0.136
   -14.89      451.86      135.43        3.34           40358.379             134.508        1073.529           0.323
   -14.21      553.72      176.71        3.13           47427.406             175.676        1415.215           0.405
   -13.53      692.78      218.08        3.18           59883.219             216.918        1838.762           0.297
   -12.85      843.85      228.28        3.70           80698.062             226.978        2360.894           0.067
   -12.17     1001.15      237.82        4.21          104405.125             236.396        2987.809           0.061
   -11.49     1165.67      251.07        4.64          129763.320             249.534        3724.075           0.081
   -10.81     1346.58      287.45        4.68          150801.859             285.810        4577.714           0.201
   -10.13     1556.07      334.08        4.66          173597.484             332.344        5564.006           0.223
    -9.45     1788.61      353.92        5.05          210691.719             352.100        6700.498           0.085
    -8.77     2045.02      412.34        4.96          237894.156             410.444        8003.130           0.228
    -8.09     2331.39      435.17        5.36          285525.719             433.195        9490.192           0.080
    -7.41     2634.70      462.07        5.70          336361.125             460.032       11177.626           0.089
    -6.73     2956.73      488.93        6.05          392567.719             486.830       13077.544           0.083
    -6.05     3297.88      526.48        6.26          448260.219             524.321       15202.803           0.110
    -5.37     3668.57      567.72        6.46          509096.438             565.512       17569.938           0.111
    -4.69     4073.30      677.92        6.01          538497.188             675.669       20200.555           0.272
    -4.01     4589.37      790.04        5.81          593218.250             787.737       23144.051           0.217
    -3.33     5132.99      812.13        6.32          701872.688             809.745       26447.621           0.041
    -2.66     5689.21      829.84        6.86          821264.812             827.357       30124.906           0.032
    -1.98     6258.08      849.68        7.37          947600.438             847.103       34184.492           0.035
    -1.30     6841.59      874.64        7.82         1078376.125             871.954       38635.641           0.043
    -0.62     7440.98      897.35        8.29         1219366.125             894.560       43488.730           0.038
     0.06     8055.00      914.35        8.81         1374339.500             911.440       48754.121           0.028
     0.74     8678.36      924.67        9.39         1544532.000             921.630       54439.969           0.017
     1.42     9307.82      934.09        9.96         1724035.875             930.945       60551.508           0.015
     2.10     9943.48      943.06       10.54         1912485.500             939.804       67092.930           0.014
     2.78    10585.47      954.15       11.09         2106200.750             950.798       74068.484           0.017
     3.46    11236.43      968.47       11.60         2303466.250             965.049       81483.367           0.022
     4.14    11897.94      989.33       12.03         2498155.750             985.834       89344.219           0.032
     4.82    12578.29     1015.11       12.39         2694146.250            1011.552       97661.023           0.038
     5.50    13269.61     1026.56       12.93         2923478.500            1022.925      106443.914           0.017
     6.18    13969.00     1041.25       13.42         3154746.750            1037.538      115699.352           0.021
     6.86    14680.96     1060.45       13.84         3385765.000            1056.661      125434.352           0.027
     7.54    15417.18     1113.85       13.84         3555096.250            1109.949      135661.422           0.073
     8.22    16189.18     1173.84       13.79         3724156.750            1169.794      146400.984           0.078
     8.90    17011.87     1260.82       13.49         3856657.500            1256.576      157682.406           0.106
     9.58    17888.52     1304.82       13.71         4098732.750            1300.492      169541.250           0.050
    10.26    18776.35     1315.83       14.27         4418530.500            1311.387      181999.641           0.012
    10.94    19670.10     1323.52       14.86         4756102.500            1318.942      195063.391           0.009
    11.62    20568.82     1330.39       15.46         5106111.500            1325.673      208736.234           0.008
    12.30    21471.85     1336.77       16.06         5467690.500            1331.911      223021.281           0.007
    12.98    22381.12     1348.56       16.60         5824833.000            1343.583      237922.125           0.013
    13.65    23294.19     1348.56       17.27         6226250.500            1343.583      253442.172           0.000
    14.33    24207.27     1348.56       17.95         6638298.500            1343.583      269582.750           0.000
    15.01    25120.35     1348.56       18.63         7060841.500            1343.583      286343.844           0.000
    15.69    26033.42     1348.56       19.30         7493749.500            1343.583      303725.438          -0.000
    16.37    26946.49     1348.56       19.98         7936900.000            1343.583      321727.531           0.000
    17.05    27859.57     1348.56       20.66         8390177.000            1343.583      340350.156           0.000
    17.73    28772.64     1348.56       21.34         8853468.000            1343.583      359593.281           0.000
    18.41    29685.72     1348.56       22.01         9326667.000            1343.583      379456.906           0.000
    19.09    30598.79     1348.56       22.69         9809667.000            1343.583      399941.031           0.000
    19.77    31511.87     1348.56       23.37        10302374.000            1343.583      421045.688           0.000
    20.45    32424.94     1348.56       24.04        10804695.000            1343.583      442770.844          -0.000
    21.13    33338.02     1348.56       24.72        11316533.000            1343.583      465116.469           0.000
    21.81    34251.09     1348.56       25.40        11837805.000            1343.583      488082.656           0.000
    22.49    35164.17     1348.56       26.08        12368424.000            1343.583      511669.375           0.000
    23.17    36077.24     1348.56       26.75        12908309.000            1343.583      535876.562           0.000
    23.85    36990.32     1348.56       27.43        13457381.000            1343.583      560704.312           0.000
    24.53    37903.39     1348.56       28.11        14015563.000            1343.583      586152.438           0.000
    25.21    38816.46     1348.56       28.78        14582783.000            1343.583      612221.188           0.000
    25.89    39729.54     1348.56       29.46        15158972.000            1343.583      638910.438          -0.000
    26.57    40642.61     1348.56       30.14        15744053.000            1343.583      666220.125           0.000
    27.25    41555.69     1348.56       30.81        16337966.000            1343.583      694150.375           0.000
    27.93    42468.77     1348.56       31.49        16940642.000            1343.583      722701.188           0.000
    28.61    43381.84     1348.56       32.17        17552020.000            1343.583      751872.438           0.000
    29.29    44294.92     1348.56       32.85        18172038.000            1343.583      781664.250           0.000
    29.96    45207.99     1348.56       33.52        18800632.000            1343.583      812076.500           0.000
    30.64    46121.07     1348.56       34.20        19437754.000            1343.583      843109.312          -0.000
    31.32    47034.14     1348.56       34.88        20083334.000            1343.583      874762.625           0.000
    32.00    47947.21     1348.56       35.55        20737328.000            1343.583      907036.375           0.000
    32.68    48860.29     1348.56       36.23        21399678.000            1343.583      939930.812           0.000
    33.36    49773.36     1348.56       36.91        22070328.000            1343.583      973445.562           0.000
    34.04    50686.44     1348.56       37.59        22749232.000            1343.583     1007580.875           0.000
    34.72    51599.52     1348.56       38.26        23436344.000            1343.583     1042336.812           0.000
    35.40    52512.59     1348.56       38.94        24131606.000            1343.583     1077713.125          -0.000
    36.08    53425.67     1348.56       39.62        24834974.000            1343.583     1113710.125           0.000
    36.76    54338.74     1348.56       40.29        25546402.000            1343.583     1150327.375           0.000
    37.44    55251.81     1348.56       40.97        26265844.000            1343.583     1187565.250           0.000
    38.12    56164.89     1348.56       41.65        26993260.000            1343.583     1225423.750           0.000
    38.80    57077.96     1348.56       42.33        27728598.000            1343.583     1263902.625           0.000
    39.48    57991.04     1348.56       43.00        28471818.000            1343.583     1303001.875           0.000
    40.16    58904.11     1348.56       43.68        29222890.000            1343.583     1342722.000           0.000
    40.84    59817.19     1348.56       44.36        29981760.000            1343.583     1383062.375          -0.000
    41.52    60730.26     1348.56       45.03        30748392.000            1343.583     1424023.250           0.000
    42.20    61643.34     1348.56       45.71        31522750.000            1343.583     1465604.750           0.000
    42.88    62556.41     1348.56       46.39        32304784.000            1343.583     1507806.625           0.000
    43.56    63469.49     1348.56       47.06        33094474.000            1343.583     1550629.250           0.000
    44.24    64382.56     1348.56       47.74        33891768.000            1343.583     1594072.250           0.000
    44.92    65295.63     1348.56       48.42        34696632.000            1343.583     1638135.625           0.000
    45.60    66208.71     1348.56       49.10        35509048.000            1343.583     1682819.750          -0.000
    46.27    67121.79     1348.56       49.77        36328964.000            1343.583     1728124.125           0.000
    46.95    68034.87     1348.56       50.45        37156352.000            1343.583     1774049.375           0.000
