 Elev(m)    Area(m2)     Peri(m)      Radi(m)   Conv(m3/s)    topWidth(m)    newI1(m3)    dPdA(1/m)
   -26.98        0.00        0.00         NaN                 NaN               0.000           0.000             NaN
   -26.16       12.01       24.26        0.49             300.568              24.192           4.882           2.020
   -25.35       36.48       35.11        1.04            1496.951              34.888          24.593           0.443
   -24.54       68.76       45.36        1.52            3629.291              44.989          67.374           0.318
   -23.73      109.89       56.43        1.95            6854.691              55.901         139.997           0.269
   -22.91      159.46       66.78        2.39           11395.325              66.104         249.492           0.209
   -22.10      217.49       77.45        2.81           17315.041              76.632         402.726           0.184
   -21.29      284.06       88.08        3.23           24802.096              87.112         606.608           0.160
   -20.47      359.34      101.51        3.54           33387.051             100.320         868.156           0.178
   -19.66      445.40      112.20        3.97           44664.879             110.795        1195.292           0.124
   -18.85      542.28      128.13        4.23           56753.867             126.506        1596.795           0.164
   -18.03      649.88      142.74        4.55           71410.117             140.894        2081.421           0.136
   -17.22      768.56      151.75        5.06           90662.289             149.671        2658.033           0.076
   -16.41      893.40      160.60        5.56          112193.148             158.314        3333.637           0.071
   -15.60     1026.84      172.65        5.95          134829.703             170.193        4114.238           0.090
   -14.78     1170.81      188.05        6.23          158499.438             185.429        5007.609           0.107
   -13.97     1327.63      202.50        6.56          186022.266             199.725        6023.255           0.092
   -13.16     1501.23      228.07        6.58          210907.344             225.181        7173.219           0.147
   -12.34     1689.30      240.58        7.02          247779.062             237.577        8470.207           0.067
   -11.53     1889.59      259.64        7.28          283852.219             256.559        9925.067           0.095
   -10.72     2104.36      274.06        7.68          327611.969             270.858       11548.652           0.067
    -9.90     2329.48      286.01        8.14          377198.938             282.674       13351.058           0.053
    -9.09     2564.89      303.23        8.46          425922.062             299.790       15340.676           0.073
    -8.28     2816.95      323.21        8.72          477205.656             319.701       17528.457           0.079
    -7.47     3086.42      358.02        8.62          519054.469             354.426       19928.246           0.129
    -6.65     3403.29      436.12        7.80          535577.188             432.363       22566.393           0.246
    -5.84     3771.19      475.44        7.93          599967.375             471.449       25482.906           0.107
    -5.03     4170.03      515.58        8.09          672089.625             511.332       28711.107           0.101
    -4.21     4603.09      558.64        8.24          751138.312             554.137       32277.482           0.099
    -3.40     5072.64      616.05        8.23          827382.625             611.270       36210.781           0.122
    -2.59     5611.60      709.60        7.91          890971.500             704.544       40554.047           0.174
    -1.77     6209.02      765.55        8.11         1002573.500             760.188       45359.270           0.094
    -0.96     6843.73      806.98        8.48         1138426.125             801.351       50665.367           0.065
    -0.15     7512.36      846.00        8.88         1288566.250             840.129       56501.285           0.058
     0.66     8205.03      869.92        9.43         1465121.875             863.803       62890.590           0.035
     1.48     8913.95      885.17       10.07         1662744.500             878.639       69849.656           0.022
     2.29     9633.41      898.15       10.73         1874099.625             891.155       77389.375           0.018
     3.10    10362.71      910.38       11.38         2097495.750             902.896       85518.031           0.017
     3.92    11101.60      922.78       12.03         2331507.000             914.822       94243.523           0.017
     4.73    11856.22      947.32       12.52         2556457.750             938.963      103576.148           0.033
     5.54    12626.18      962.39       13.12         2809402.250             953.581      113528.531           0.020
     6.36    13409.41      991.07       13.53         3045595.250             981.799      124112.312           0.037
     7.17    14223.56     1027.95       13.84         3279124.500            1018.151      135345.438           0.045
     7.98    15061.70     1054.42       14.28         3546838.750            1044.060      147250.234           0.032
     8.80    15922.62     1084.04       14.69         3819926.500            1073.174      159845.719           0.034
     9.61    16827.19     1214.10       13.86         3883681.000            1202.817      173158.906           0.144
    10.42    17870.06     1341.58       13.32         4016600.000            1330.121      187263.750           0.122
    11.23    18955.11     1350.67       14.03         4411354.500            1339.053      202233.609           0.008
    12.05    20047.44     1359.87       14.74         4821261.500            1348.104      218088.609           0.008
    12.86    21147.23     1369.24       15.44         5246016.000            1357.329      234834.719           0.009
    13.67    22253.33     1374.57       16.19         5696489.500            1362.557      252477.562           0.005
    14.49    23361.12     1374.57       17.00         6176917.000            1362.557      271020.375           0.000
    15.30    24468.92     1374.57       17.80         6672779.500            1362.557      290463.844          -0.000
    16.11    25576.71     1374.57       18.61         7183838.000            1362.557      310808.000           0.000
    16.93    26684.50     1374.57       19.41         7709872.500            1362.557      332052.750           0.000
    17.74    27792.29     1374.57       20.22         8250672.000            1362.557      354198.250           0.000
    18.55    28900.08     1374.57       21.02         8806038.000            1362.557      377244.312          -0.000
    19.36    30007.87     1374.57       21.83         9375781.000            1362.557      401191.125           0.000
    20.18    31115.66     1374.57       22.64         9959722.000            1362.557      426038.531           0.000
    20.99    32223.45     1374.57       23.44        10557691.000            1362.557      451786.656          -0.000
    21.80    33331.24     1374.57       24.25        11169522.000            1362.557      478435.375           0.000
    22.62    34439.03     1374.57       25.05        11795067.000            1362.557      505984.812           0.000
    23.43    35546.82     1374.57       25.86        12434170.000            1362.557      534434.875           0.000
    24.24    36654.61     1374.57       26.67        13086694.000            1362.557      563785.625          -0.000
    25.06    37762.40     1374.57       27.47        13752497.000            1362.557      594037.000           0.000
    25.87    38870.19     1374.57       28.28        14431451.000            1362.557      625189.000           0.000
    26.68    39977.98     1374.57       29.08        15123433.000            1362.557      657241.750          -0.000
    27.49    41085.77     1374.57       29.89        15828313.000            1362.557      690195.062           0.000
    28.31    42193.57     1374.57       30.70        16545983.000            1362.557      724049.188           0.000
    29.12    43301.36     1374.57       31.50        17276324.000            1362.557      758803.812           0.000
    29.93    44409.14     1374.57       32.31        18019228.000            1362.557      794459.188          -0.000
    30.75    45516.93     1374.57       33.11        18774592.000            1362.557      831015.188           0.000
    31.56    46624.73     1374.57       33.92        19542314.000            1362.557      868471.875           0.000
    32.37    47732.52     1374.57       34.73        20322296.000            1362.557      906829.188          -0.000
    33.19    48840.30     1374.57       35.53        21114436.000            1362.557      946087.125           0.000
    34.00    49948.10     1374.57       36.34        21918650.000            1362.557      986245.938           0.000
    34.81    51055.89     1374.57       37.14        22734842.000            1362.557     1027305.188           0.000
    35.62    52163.68     1374.57       37.95        23562928.000            1362.557     1069265.125          -0.000
    36.44    53271.47     1374.57       38.76        24402816.000            1362.557     1112125.625           0.000
    37.25    54379.26     1374.57       39.56        25254438.000            1362.557     1155887.125           0.000
    38.06    55487.05     1374.57       40.37        26117702.000            1362.557     1200549.000          -0.000
    38.88    56594.84     1374.57       41.17        26992532.000            1362.557     1246111.625           0.000
    39.69    57702.63     1374.57       41.98        27878854.000            1362.557     1292574.750           0.000
    40.50    58810.42     1374.57       42.78        28776592.000            1362.557     1339938.625           0.000
    41.32    59918.21     1374.57       43.59        29685678.000            1362.557     1388203.375           0.000
    42.13    61026.00     1374.57       44.40        30606036.000            1362.557     1437368.625           0.000
    42.94    62133.79     1374.57       45.20        31537600.000            1362.557     1487434.500           0.000
    43.76    63241.58     1374.57       46.01        32480304.000            1362.557     1538401.000          -0.000
    44.57    64349.38     1374.57       46.81        33434086.000            1362.557     1590268.375           0.000
    45.38    65457.17     1374.57       47.62        34398876.000            1362.557     1643036.250           0.000
    46.19    66564.95     1374.57       48.43        35374604.000            1362.557     1696704.750          -0.000
    47.01    67672.74     1374.57       49.23        36361224.000            1362.557     1751273.875           0.000
    47.82    68780.54     1374.57       50.04        37358676.000            1362.557     1806743.875           0.000
    48.63    69888.33     1374.57       50.84        38366892.000            1362.557     1863114.375           0.000
    49.45    70996.12     1374.57       51.65        39385820.000            1362.557     1920385.500          -0.000
    50.26    72103.91     1374.57       52.46        40415396.000            1362.557     1978557.250           0.000
    51.07    73211.70     1374.57       53.26        41455584.000            1362.557     2037630.000           0.000
    51.89    74319.49     1374.57       54.07        42506316.000            1362.557     2097603.000          -0.000
    52.70    75427.28     1374.57       54.87        43567532.000            1362.557     2158476.750           0.000
    53.51    76535.07     1374.57       55.68        44639192.000            1362.557     2220251.250           0.000
    54.32    77642.86     1374.57       56.49        45721244.000            1362.557     2282926.250           0.000
