 Elev(m)    dbdxp(-)    dbdxc(-)      I2p     I2c
  -28.5799999       0.00000000       0.00000000       0.00000000       0.00000000    
  -27.7999992      -1.28005827E-02  -9.11541210E-05  -1.94697210E-03  -1.38645664E-05
  -27.0200005      -3.30975056E-02  -7.88674410E-03  -1.28220180E-02  -1.25503412E-03
  -26.2399998      -4.10201624E-02  -1.54862385E-02  -4.19515036E-02  -7.26468116E-03
  -25.4599991      -5.49715012E-02  -9.47250891E-03  -9.69546586E-02  -2.06255969E-02
  -24.6800003      -8.25005174E-02  -5.84847759E-03 -0.187467545      -4.01130281E-02
  -23.8899994     -0.106565796      -1.25280190E-02 -0.329075694      -6.50056228E-02
  -23.1100006     -0.210447043      -1.85989868E-02 -0.546229661      -9.71479192E-02
  -22.3299999     -0.329525769      -2.73424853E-02 -0.893731773     -0.141012430    
  -21.5499992     -0.335438758      -3.11249793E-02  -1.42450523     -0.200757548    
  -20.7700005     -0.292777479      -6.30121082E-02  -2.15197015     -0.283713698    
  -19.9799995     -0.273896605      -7.89837614E-02  -3.07173181     -0.403833061    
  -19.2000008     -0.299994528      -9.97685045E-02  -4.15441942     -0.571490824    
  -18.4200001     -0.286373705     -0.144510627      -5.41358519     -0.803492069    
  -17.6399994     -0.154143900     -0.276015759      -6.82894039      -1.13661039    
  -16.8600006     -0.156258807     -0.210406139      -8.35850716      -1.60767496    
  -16.0799999     -0.143240243     -0.135712489      -9.98084354      -2.20536995    
  -15.2900000     -0.123628169     -0.152722031      -11.7107067      -2.90791798    
  -14.5100002     -0.114368990     -0.162991121      -13.4959764      -3.69401884    
  -13.7299995      -4.19727080E-02 -0.227871820      -15.3412275      -4.58759117    
  -12.9499998       6.99063623E-03 -0.258930773      -17.2155762      -5.61465502    
  -12.1700001       1.09439678E-02 -0.254812360      -19.0925179      -6.79390240    
  -11.3900003       1.81888994E-02 -0.269671887      -20.9622993      -8.13106441    
  -10.6000004       3.36861284E-03 -0.256545514      -22.8482876      -9.64620399    
  -9.81999969      -1.30186509E-02 -0.236971244      -24.7085514      -11.2982817    
  -9.03999996      -3.24888453E-02 -0.225740507      -26.5772038      -13.0957994    
  -8.26000023      -5.67164645E-02 -0.207966745      -28.4663448      -15.0296621    
  -7.48000002      -7.72688612E-02 -0.187903658      -30.3894329      -17.0897045    
  -6.69999981      -9.64561179E-02 -0.164228335      -32.3593254      -19.2635193    
  -5.90999985     -0.111867718     -0.137437120      -34.4129219      -21.5653324    
  -5.13000011     -0.118551515     -0.115153216      -36.5076523      -23.9228897    
  -4.34999990     -0.123915382      -9.97544006E-02  -38.6743164      -26.3515568    
  -3.56999993     -0.130227700      -8.15109685E-02  -40.9165077      -28.8404789    
  -2.78999996     -0.133959740      -6.51587024E-02  -43.2375412      -31.3792820    
  -2.00000000     -0.138292104      -4.96825352E-02  -45.6704407      -33.9906960    
  -1.22000003     -0.142304823      -3.34194526E-02  -48.1571541      -36.5993805    
 -0.439999998     -0.145375192      -2.63548661E-02  -50.7303009      -39.2297974    
  0.340000004     -0.148396000      -2.01472435E-02  -53.3918877      -41.8763771    
   1.12000000     -0.151732102      -1.71101596E-02  -56.1438103      -44.5356979    
   1.89999998     -0.156422570      -1.62844863E-02  -58.9882469      -47.2057686    
   2.69000006     -0.162711561      -1.53167704E-02  -61.9651680      -49.9200172    
   3.47000003     -0.167490229      -1.52478563E-02  -65.0037842      -52.6094246    
   4.25000000     -0.250015438      -1.58341937E-02  -68.1561203      -55.3082123    
   5.03000021     -0.445359260      -1.63368620E-02  -71.4777298      -58.0166168    
   5.80999994     -0.552036107      -2.23560631E-02  -75.0568085      -60.7358017    
   6.59000015     -0.501754165      -9.47732851E-02  -78.9478760      -63.4786873    
   7.38000011     -0.297050506     -0.312339365      -83.1726685      -66.3367004    
   8.15999985     -0.172798887     -0.438102424      -87.5384750      -69.3353882    
   8.93999958     -0.158404157     -0.309784025      -92.0261230      -72.5619736    
   9.72000027     -0.137337685      -1.61758456E-02  -96.6091309      -75.9518890    
   10.5000000      -9.48168784E-02   5.60231209E-02  -101.272430      -79.3853226    
   11.2900000      -9.48168784E-02   8.41263011E-02  -106.060120      -82.8353119    
   12.0699997      -9.48168784E-02  0.104077175      -110.845261      -86.1914291    
   12.8500004      -9.48168784E-02  0.137023315      -115.688095      -89.4822464    
   13.6300001      -9.48168784E-02  0.141795084      -120.588608      -92.6939774    
   14.4099998      -9.48168784E-02  0.141795084      -125.546806      -95.8201675    
   15.1899996      -9.48168784E-02  0.141795084      -130.562698      -98.8600922    
   15.9799995      -9.48168784E-02  0.141795084      -135.700943      -101.852173    
   16.7600002      -9.48168784E-02  0.141795084      -140.832199      -104.719559    
   17.5400009      -9.48168784E-02  0.141795084      -146.021164      -107.500687    
   18.3199997      -9.48168784E-02  0.141795084      -151.267776      -110.195534    
   19.1000004      -9.48168784E-02  0.141795084      -156.572113      -112.804115    
   19.8799992      -9.48168784E-02  0.141795084      -161.934113      -115.326431    
   20.6700001      -9.48168784E-02  0.141795084      -167.422928      -117.794266    
   21.4500008      -9.48168784E-02  0.141795084      -172.900314      -120.144043    
   22.2299995      -9.48168784E-02  0.141795084      -178.435364      -122.407555    
   23.0100002      -9.48168784E-02  0.141795084      -184.028122      -124.584801    
   23.7900009      -9.48168784E-02  0.141795084      -189.678574      -126.675774    
   24.5699997      -9.48168784E-02  0.141795084      -195.386688      -128.680481    
   25.3600006      -9.48168784E-02  0.141795084      -201.226059      -130.624069    
   26.1399994      -9.48168784E-02  0.141795084      -207.049545      -132.456238    
   26.9200001      -9.48168784E-02  0.141795084      -212.930740      -134.202133    
   27.7000008      -9.48168784E-02  0.141795084      -218.869629      -135.861771    
   28.4799995      -9.48168784E-02  0.141795084      -224.866180      -137.435135    
   29.2700005      -9.48168784E-02  0.141795084      -230.997681      -138.941849    
   30.0499992      -9.48168784E-02  0.141795084      -237.109604      -140.342682    
   30.8299999      -9.48168784E-02  0.141795084      -243.279221      -141.657242    
   31.6100006      -9.48168784E-02  0.141795084      -249.506546      -142.885529    
   32.3899994      -9.48168784E-02  0.141795084      -255.791519      -144.027557    
   33.1699982      -9.48168784E-02  0.141795084      -262.134186      -145.083313    
   33.9599991      -9.48168784E-02  0.141795084      -268.616241      -146.065781    
   34.7400017      -9.48168784E-02  0.141795084      -275.074341      -146.949005    
   35.5200005      -9.48168784E-02  0.141795084      -281.590057      -147.745956    
   36.2999992      -9.48168784E-02  0.141795084      -288.163483      -148.456635    
   37.0800018      -9.48168784E-02  0.141795084      -294.794617      -149.081055    
   37.8600006      -9.48168784E-02  0.141795084      -301.483398      -149.619202    
   38.6500015      -9.48168784E-02  0.141795084      -308.316010      -150.077423    
   39.4300003      -9.48168784E-02  0.141795084      -315.120178      -150.443039    
   40.2099991      -9.48168784E-02  0.141795084      -321.982025      -150.722382    
   40.9900017      -9.48168784E-02  0.141795084      -328.901611      -150.915451    
   41.7700005      -9.48168784E-02  0.141795084      -335.878815      -151.022263    
   42.5600014      -9.48168784E-02  0.141795084      -343.003571      -151.043610    
   43.3400002      -9.48168784E-02  0.141795084      -350.096161      -150.977875    
   44.1199989      -9.48168784E-02  0.141795084      -357.246460      -150.825882    
   44.9000015      -9.48168784E-02  0.141795084      -364.454437      -150.587616    
   45.6800003      -9.48168784E-02  0.141795084      -371.720093      -150.263077    
   46.4599991      -9.48168784E-02  0.141795084      -379.043457      -149.852280    
   47.2500000      -9.48168784E-02  0.141795084      -386.518768      -149.349380    
   48.0299988      -9.48168784E-02  0.141795084      -393.957458      -148.766052    
   48.8100014      -9.48168784E-02  0.141795084      -401.453918      -148.096436    
   49.5900002      -9.48168784E-02  0.141795084      -409.007996      -147.340561    
