   212.019669      -28.0475750    
   246.421310      -28.0475750    
 NaN NaN
   206.926239      -27.2244930    
   260.793732      -27.2244930    
 NaN NaN
   203.358078      -26.4014111    
   277.601776      -26.4014111    
 NaN NaN
   200.083496      -25.5783291    
   302.246735      -25.5783291    
 NaN NaN
   197.900391      -24.7552471    
   312.778992      -24.7552471    
 NaN NaN
   195.798782      -23.9321651    
   321.450348      -23.9321651    
 NaN NaN
   193.697174      -23.1090832    
   329.773773      -23.1090832    
 NaN NaN
   191.607727      -22.2860012    
   337.143951      -22.2860012    
 NaN NaN
   189.735519      -21.4629192    
   344.561401      -21.4629192    
 NaN NaN
   187.845490      -20.6398373    
   353.764313      -20.6398373    
 NaN NaN
   185.935806      -19.8167553    
   362.855225      -19.8167553    
 NaN NaN
   184.026138      -18.9936733    
   372.182617      -18.9936733    
 NaN NaN
   182.105026      -18.1705914    
   379.961426      -18.1705914    
 NaN NaN
   180.165833      -17.3475094    
   388.976715      -17.3475094    
 NaN NaN
   178.182083      -16.5244274    
   404.234558      -16.5244274    
 NaN NaN
   176.150772      -15.7013464    
   421.353638      -15.7013464    
 NaN NaN
   174.119476      -14.8782644    
   436.866028      -14.8782644    
 NaN NaN
   171.991165      -14.0551825    
   452.382812      -14.0551825    
 NaN NaN
   169.857025      -13.2321005    
   471.447327      -13.2321005    
 NaN NaN
   167.883347      -12.4090185    
   491.299530      -12.4090185    
 NaN NaN
   165.933731      -11.5859365    
   508.489655      -11.5859365    
 NaN NaN
   164.195419      -10.7628546    
   526.284180      -10.7628546    
 NaN NaN
   162.598282      -9.93977261    
   544.536499      -9.93977261    
 NaN NaN
   161.001144      -9.11669159    
   563.362732      -9.11669159    
 NaN NaN
   159.377945      -8.29360962    
   586.464478      -8.29360962    
 NaN NaN
   157.709717      -7.47052717    
   614.646545      -7.47052717    
 NaN NaN
   156.029022      -6.64744520    
   637.947021      -6.64744520    
 NaN NaN
   154.280884      -5.82436371    
   663.730103      -5.82436371    
 NaN NaN
   152.532730      -5.00128174    
   692.623047      -5.00128174    
 NaN NaN
   150.784592      -4.17819977    
   725.667419      -4.17819977    
 NaN NaN
   149.106506      -3.35511780    
   748.680969      -3.35511780    
 NaN NaN
   147.447617      -2.53203583    
   767.038513      -2.53203583    
 NaN NaN
   145.095032      -1.70895386    
   777.273315      -1.70895386    
 NaN NaN
   142.742447     -0.885872006    
   785.765686     -0.885872006    
 NaN NaN
   140.420624      -6.27900958E-02
   792.597961      -6.27900958E-02
 NaN NaN
   138.104248      0.760291815    
   801.262573      0.760291815    
 NaN NaN
   135.099930       1.58337379    
   811.346680       1.58337379    
 NaN NaN
   132.095612       2.40645552    
   826.931824       2.40645552    
 NaN NaN
   128.847183       3.22953749    
   831.337769       3.22953749    
 NaN NaN
   125.195442       4.05261946    
   833.419128       4.05261946    
 NaN NaN
   121.558136       4.87570143    
   835.500488       4.87570143    
 NaN NaN
   1409.07678       4.87570143    
   1413.58813       4.87570143    
 NaN NaN
   118.742241       5.69878340    
   837.581848       5.69878340    
 NaN NaN
   1399.89868       5.69878340    
   1439.06396       5.69878340    
 NaN NaN
   115.994850       6.52186537    
   844.435425       6.52186537    
 NaN NaN
   862.357910       6.52186537    
   930.523010       6.52186537    
 NaN NaN
   1116.97314       6.52186537    
   1171.34802       6.52186537    
 NaN NaN
   1394.24841       6.52186537    
   1450.31152       6.52186537    
 NaN NaN
   33.4084511       7.34494686    
   73.4095001       7.34494686    
 NaN NaN
   113.247459       7.34494686    
   968.684631       7.34494686    
 NaN NaN
   1043.70337       7.34494686    
   1211.18591       7.34494686    
 NaN NaN
   1258.93616       7.34494686    
   1269.98804       7.34494686    
 NaN NaN
   1334.71191       7.34494686    
   1458.57458       7.34494686    
 NaN NaN
   25.8327961       8.16802883    
   1002.80688       8.16802883    
 NaN NaN
   1019.59894       8.16802883    
   1463.42810       8.16802883    
 NaN NaN
   21.0971584       8.99111080    
   1467.57239       8.99111080    
 NaN NaN
   17.8425694       9.81419277    
   1470.79919       9.81419277    
 NaN NaN
   14.7122498       10.6372747    
   1474.02612       10.6372747    
 NaN NaN
   11.2606144       11.4603567    
   1478.74194       11.4603567    
 NaN NaN
   0.00000000       12.2834387    
   1483.78162       12.2834387    
 NaN NaN
   0.00000000       13.1065207    
   1483.78162       13.1065207    
 NaN NaN
   0.00000000       13.9296026    
   1483.78162       13.9296026    
 NaN NaN
   0.00000000       14.7526846    
   1483.78162       14.7526846    
 NaN NaN
   0.00000000       15.5757666    
   1483.78162       15.5757666    
 NaN NaN
   0.00000000       16.3988476    
   1483.78162       16.3988476    
 NaN NaN
   0.00000000       17.2219296    
   1483.78162       17.2219296    
 NaN NaN
   0.00000000       18.0450115    
   1483.78162       18.0450115    
 NaN NaN
   0.00000000       18.8680935    
   1483.78162       18.8680935    
 NaN NaN
   0.00000000       19.6911755    
   1483.78162       19.6911755    
 NaN NaN
   0.00000000       20.5142574    
   1483.78162       20.5142574    
 NaN NaN
   0.00000000       21.3373394    
   1483.78162       21.3373394    
 NaN NaN
   0.00000000       22.1604214    
   1483.78162       22.1604214    
 NaN NaN
   0.00000000       22.9835033    
   1483.78162       22.9835033    
 NaN NaN
   0.00000000       23.8065853    
   1483.78162       23.8065853    
 NaN NaN
   0.00000000       24.6296673    
   1483.78162       24.6296673    
 NaN NaN
   0.00000000       25.4527493    
   1483.78162       25.4527493    
 NaN NaN
   0.00000000       26.2758312    
   1483.78162       26.2758312    
 NaN NaN
   0.00000000       27.0989132    
   1483.78162       27.0989132    
 NaN NaN
   0.00000000       27.9219952    
   1483.78162       27.9219952    
 NaN NaN
   0.00000000       28.7450771    
   1483.78162       28.7450771    
 NaN NaN
   0.00000000       29.5681591    
   1483.78162       29.5681591    
 NaN NaN
   0.00000000       30.3912411    
   1483.78162       30.3912411    
 NaN NaN
   0.00000000       31.2143230    
   1483.78162       31.2143230    
 NaN NaN
   0.00000000       32.0374031    
   1483.78162       32.0374031    
 NaN NaN
   0.00000000       32.8604851    
   1483.78162       32.8604851    
 NaN NaN
   0.00000000       33.6835670    
   1483.78162       33.6835670    
 NaN NaN
   0.00000000       34.5066490    
   1483.78162       34.5066490    
 NaN NaN
   0.00000000       35.3297310    
   1483.78162       35.3297310    
 NaN NaN
   0.00000000       36.1528130    
   1483.78162       36.1528130    
 NaN NaN
   0.00000000       36.9758949    
   1483.78162       36.9758949    
 NaN NaN
   0.00000000       37.7989769    
   1483.78162       37.7989769    
 NaN NaN
   0.00000000       38.6220589    
   1483.78162       38.6220589    
 NaN NaN
   0.00000000       39.4451408    
   1483.78162       39.4451408    
 NaN NaN
   0.00000000       40.2682228    
   1483.78162       40.2682228    
 NaN NaN
   0.00000000       41.0913048    
   1483.78162       41.0913048    
 NaN NaN
   0.00000000       41.9143867    
   1483.78162       41.9143867    
 NaN NaN
   0.00000000       42.7374687    
   1483.78162       42.7374687    
 NaN NaN
   0.00000000       43.5605507    
   1483.78162       43.5605507    
 NaN NaN
   0.00000000       44.3836327    
   1483.78162       44.3836327    
 NaN NaN
   0.00000000       45.2067146    
   1483.78162       45.2067146    
 NaN NaN
   0.00000000       46.0297966    
   1483.78162       46.0297966    
 NaN NaN
   0.00000000       46.8528786    
   1483.78162       46.8528786    
 NaN NaN
   0.00000000       47.6759605    
   1483.78162       47.6759605    
 NaN NaN
   0.00000000       48.4990425    
   1483.78162       48.4990425    
 NaN NaN
   0.00000000       49.3221245    
   1483.78162       49.3221245    
 NaN NaN
   0.00000000       50.1452065    
   1483.78162       50.1452065    
 NaN NaN
   0.00000000       50.9682884    
   1483.78162       50.9682884    
 NaN NaN
   0.00000000       51.7913704    
   1483.78162       51.7913704    
 NaN NaN
   0.00000000       52.6144524    
   1483.78162       52.6144524    
 NaN NaN
   0.00000000       53.4375343    
   1483.78162       53.4375343    
 NaN NaN
