 Elev(m)    dbdxp(-)    dbdxc(-)      I2p     I2c
  -20.1800003       0.00000000       0.00000000       0.00000000       0.00000000    
  -19.5699997       1.63683877E-03   6.10269904E-02   1.52267225E-04   5.67704719E-03
  -18.9599991      -9.39209759E-03  -1.27703790E-02  -2.64632690E-04   2.15202216E-02
  -18.3500004      -1.43423332E-02  -5.45491949E-02  -3.61086335E-03   3.55899967E-02
  -17.7399998      -1.55662596E-02  -4.09323499E-02  -1.19472500E-02   3.45152318E-02
  -17.1299992      -5.15002571E-02  -2.07223911E-02  -2.93047633E-02   1.88228339E-02
  -16.5200005      -5.45414500E-02  -2.61491183E-02  -6.27656281E-02  -6.96517155E-03
  -15.9099998     -0.187684372      -4.43116128E-02 -0.128624216      -4.36680987E-02
  -15.3000002     -0.364916980      -6.64885715E-02 -0.268421620      -9.72327888E-02
  -14.6899996     -0.110005096     -0.334001631     -0.503804684     -0.198360428    
  -14.0799999     -0.172820374     -0.166140914     -0.809677005     -0.383269370    
  -13.4700003     -0.110027954     -0.148722857      -1.16817105     -0.643994272    
  -12.8599997      -2.31775688E-03  -1.04888659E-02  -1.56342864     -0.948820531    
  -12.2500000      -2.17054132E-03   1.63468830E-02  -1.96955419      -1.26791203    
  -11.6400003       1.79028150E-03   2.00007744E-02  -2.37613249      -1.58307731    
  -11.0299997       5.03349910E-03   2.45941188E-02  -2.78211212      -1.89071345    
  -10.4200001       9.17941425E-03   2.44719069E-02  -3.18613410      -2.18963623    
  -9.81000042       1.09932050E-02   2.34046411E-02  -3.58695745      -2.47954106    
  -9.19999981       1.17300283E-02   2.28506718E-02  -3.98379111      -2.76068950    
  -8.59000015       1.18727656E-02   2.23097615E-02  -4.37631464      -3.03333378    
  -7.98999977       1.30758649E-02   1.98529996E-02  -4.75792313      -3.29345417    
  -7.38000011       1.35378493E-02   1.91546120E-02  -5.14113331      -3.55042434    
  -6.76999998       1.30788507E-02   2.04616394E-02  -5.51939249      -3.80008054    
  -6.15999985       1.26157468E-02   2.14953180E-02  -5.89278507      -4.04214859    
  -5.55000019       1.18013043E-02   2.20061876E-02  -6.26151562      -4.27626610    
  -4.94000006       1.09825693E-02   2.26398297E-02  -6.62585592      -4.50218439    
  -4.32999992       1.03823263E-02   2.35192049E-02  -6.98608875      -4.71965551    
  -3.72000003       1.04369959E-02   2.64946725E-02  -7.34239769      -4.92817974    
  -3.10999990       1.08655812E-02   2.81612482E-02  -7.69478846      -5.12696743    
  -2.50000000       1.36671523E-02   2.75628716E-02  -8.04291534      -5.31548691    
  -1.88999999       1.60634611E-02   2.85512116E-02  -8.38599396      -5.49360275    
  -1.27999997       1.96014829E-02   2.96281781E-02  -8.72298908      -5.66108608    
 -0.670000017       2.29049679E-02   3.13040838E-02  -9.05271244      -5.81748915    
  -5.99999987E-02   3.02217044E-02   2.85696834E-02  -9.37353992      -5.96265459    
  0.550000012       3.82586606E-02   2.46939417E-02  -9.68305492      -6.09729528    
   1.15999997       4.49995957E-02   2.22659148E-02  -9.97845364      -6.22261238    
   1.76999998       4.87659983E-02   2.04343982E-02  -10.2573853      -6.33958912    
   2.38000011       5.30902892E-02   1.73348505E-02  -10.5181189      -6.44907999    
   2.99000001       6.19750842E-02   8.15170445E-03  -10.7586737      -6.55268621    
   3.59999990       6.62635490E-02  -6.00299379E-03  -10.9765949      -6.65372229    
   4.21000004       1.14841098E-02  -1.64435338E-02  -11.1753540      -6.75664616    
   4.82000017      -3.67381796E-02   1.33352177E-02  -11.3692303      -6.86194754    
   5.42999983      -1.48064392E-02  -8.79616849E-03  -11.5702505      -6.96711540    
   6.03999996       1.83077040E-03  -2.14423295E-02  -11.7772732      -7.07467413    
   6.65000010      -2.17774343E-02  -3.30587253E-02  -11.9873581      -7.19011593    
   7.26000023      -3.65534611E-02  -4.44889143E-02  -12.2047253      -7.31784153    
   7.86999989      -3.57916355E-02  -3.66506726E-02  -12.4342480      -7.46032906    
   8.47999954      -3.57209183E-02  -3.56528163E-02  -12.6771526      -7.61709023    
   9.09000015      -3.67124304E-02  -3.54819037E-02  -12.9334488      -7.78719568    
   9.69999981      -3.54091376E-02  -3.61019261E-02  -13.2031918      -7.97057676    
   10.3100004      -3.51923257E-02  -3.76709178E-02  -13.4862118      -8.16747952    
   10.9200001      -3.51923257E-02  -3.51921394E-02  -13.7823467      -8.37802410    
   11.5299997      -3.51923257E-02  -3.51921394E-02  -14.0915775      -8.60189342    
   12.1400003      -3.51923257E-02  -3.51921394E-02  -14.4139032      -8.83885765    
   12.7500000      -3.51923257E-02  -3.51921394E-02  -14.7493229      -9.08891678    
   13.3599997      -3.51923257E-02  -3.51921394E-02  -15.0978384      -9.35207176    
   13.9700003      -3.51923257E-02  -3.51921394E-02  -15.4594488      -9.62832165    
   14.5799999      -3.51923257E-02  -3.51921394E-02  -15.8341541      -9.91766548    
   15.1899996      -3.51923257E-02  -3.51921394E-02  -16.2219543      -10.2201052    
   15.8000002      -3.51923257E-02  -3.51921394E-02  -16.6228504      -10.5356398    
   16.4099998      -3.51923257E-02  -3.51921394E-02  -17.0368423      -10.8642693    
   17.0200005      -3.51923257E-02  -3.51921394E-02  -17.4639282      -11.2059946    
   17.6299992      -3.51923257E-02  -3.51921394E-02  -17.9041080      -11.5608130    
   18.2399998      -3.51923257E-02  -3.51921394E-02  -18.3573856      -11.9287281    
   18.8500004      -3.51923257E-02  -3.51921394E-02  -18.8237572      -12.3097382    
   19.4599991      -3.51923257E-02  -3.51921394E-02  -19.3032207      -12.7038422    
   20.0599995      -3.51923257E-02  -3.51921394E-02  -19.7878151      -13.1044741    
   20.6700001      -3.51923257E-02  -3.51921394E-02  -20.2934723      -13.5247688    
   21.2800007      -3.51923257E-02  -3.51921394E-02  -20.8122253      -13.9581585    
   21.8899994      -3.51923257E-02  -3.51921394E-02  -21.3440704      -14.4046431    
   22.5000000      -3.51923257E-02  -3.51921394E-02  -21.8890114      -14.8642225    
   23.1100006      -3.51923257E-02  -3.51921394E-02  -22.4470501      -15.3368979    
   23.7199993      -3.51923257E-02  -3.51921394E-02  -23.0181808      -15.8226662    
   24.3299999      -3.51923257E-02  -3.51921394E-02  -23.6024075      -16.3215313    
   24.9400005      -3.51923257E-02  -3.51921394E-02  -24.1997299      -16.8334923    
   25.5499992      -3.51923257E-02  -3.51921394E-02  -24.8101463      -17.3585453    
   26.1599998      -3.51923257E-02  -3.51921394E-02  -25.4336586      -17.8966961    
   26.7700005      -3.51923257E-02  -3.51921394E-02  -26.0702667      -18.4479408    
   27.3799992      -3.51923257E-02  -3.51921394E-02  -26.7199669      -19.0122795    
   27.9899998      -3.51923257E-02  -3.51921394E-02  -27.3827648      -19.5897141    
   28.6000004      -3.51923257E-02  -3.51921394E-02  -28.0586586      -20.1802444    
   29.2099991      -3.51923257E-02  -3.51921394E-02  -28.7476444      -20.7838688    
   29.8199997      -3.51923257E-02  -3.51921394E-02  -29.4497280      -21.4005890    
   30.4300003      -3.51923257E-02  -3.51921394E-02  -30.1649055      -22.0304050    
   31.0400009      -3.51923257E-02  -3.51921394E-02  -30.8931789      -22.6733150    
   31.6499996      -3.51923257E-02  -3.51921394E-02  -31.6345463      -23.3293190    
   32.2599983      -3.51923257E-02  -3.51921394E-02  -32.3890076      -23.9984169    
   32.8699989      -3.51923257E-02  -3.51921394E-02  -33.1565666      -24.6806126    
   33.4799995      -3.51923257E-02  -3.51921394E-02  -33.9372177      -25.3759022    
   34.0900002      -3.51923257E-02  -3.51921394E-02  -34.7309685      -26.0842876    
   34.7000008      -3.51923257E-02  -3.51921394E-02  -35.5378113      -26.8057690    
   35.3100014      -3.51923257E-02  -3.51921394E-02  -36.3577499      -27.5403442    
   35.9199982      -3.51923257E-02  -3.51921394E-02  -37.1907806      -28.2880096    
   36.5299988      -3.51923257E-02  -3.51921394E-02  -38.0369110      -29.0487766    
   37.1399994      -3.51923257E-02  -3.51921394E-02  -38.8961334      -29.8226357    
   37.7500000      -3.51923257E-02  -3.51921394E-02  -39.7684517      -30.6095924    
   38.3600006      -3.51923257E-02  -3.51921394E-02  -40.6538696      -31.4096432    
   38.9700012      -3.51923257E-02  -3.51921394E-02  -41.5523758      -32.2227898    
   39.5800018      -3.51923257E-02  -3.51921394E-02  -42.4639816      -33.0490303    
   40.1899986      -3.51923257E-02  -3.51921394E-02  -43.3886757      -33.8883591    
   40.7999992      -3.51923257E-02  -3.51921394E-02  -44.3264694      -34.7407913    
