 Elev(m)    Area(m2)     Peri(m)      Radi(m)   Conv(m3/s)    topWidth(m)    newI1(m3)    dPdA(1/m)
   -30.80        0.00        0.00         NaN                 NaN               0.000           0.000             NaN
   -30.03       21.00       51.87        0.40             459.673              51.839           8.093           2.470
   -29.26       78.24       92.47        0.85            2799.451              92.407          46.340           0.709
   -28.49      160.45      120.47        1.33            7768.973             120.363         138.335           0.341
   -27.72      267.09      162.63        1.64           14871.734             162.481         303.118           0.395
   -26.95      407.91      205.55        1.98           25767.104             205.319         563.280           0.305
   -26.18      578.40      238.89        2.42           41716.711             238.570         943.423           0.196
   -25.40      773.65      267.57        2.89           62807.527             267.170        1464.527           0.147
   -24.63      989.28      290.53        3.41           89563.461             290.053        2143.995           0.107
   -23.86     1219.23      306.74        3.97          122372.547             306.147        2995.198           0.070
   -23.09     1460.88      321.74        4.54          160228.938             321.027        4028.162           0.062
   -22.32     1714.75      338.34        5.07          202374.531             337.509        5252.109           0.065
   -21.55     1980.71      352.97        5.61          250192.406             352.034        6676.415           0.055
   -20.78     2257.70      368.67        6.12          302282.312             367.656        8309.984           0.057
   -20.01     2548.51      387.97        6.57          357552.938             386.889       10162.389           0.066
   -19.24     2853.35      404.92        7.05          419506.156             403.768       12244.371           0.056
   -18.47     3170.43      420.33        7.54          487752.469             419.072       14566.056           0.049
   -17.70     3498.20      432.70        8.08          563653.938             431.316       17136.279           0.038
   -16.92     3835.68      445.94        8.60          644089.375             444.436       19962.902           0.039
   -16.15     4185.65      465.75        8.99          723710.625             464.113       23054.477           0.057
   -15.38     4551.22      485.94        9.37          808884.375             484.165       26421.842           0.055
   -14.61     4931.94      503.94        9.79          902615.812             502.027       30076.840           0.047
   -13.84     5324.01      517.29       10.29         1007629.812             515.221       34029.680           0.034
   -13.07     5726.44      531.87       10.77         1116850.875             529.655       38288.738           0.036
   -12.30     6139.83      544.80       11.27         1234506.875             542.438       42862.234           0.031
   -11.53     6563.02      558.23       11.76         1357347.125             555.719       47758.164           0.032
   -10.76     6995.96      569.93       12.28         1489108.375             567.283       52984.059           0.027
    -9.99     7437.98      583.05       12.76         1624361.875             580.283       58547.180           0.030
    -9.22     7890.28      595.72       13.24         1766787.750             592.837       64454.996           0.028
    -8.45     8351.70      606.59       13.77         1919052.250             603.589       70714.977           0.024
    -7.67     8820.60      616.03       14.32         2080451.625             612.891       77333.516           0.020
    -6.90     9296.91      626.22       14.85         2246324.250             622.952       84316.359           0.021
    -6.13     9780.27      634.56       15.41         2422867.500             631.123       91669.078           0.017
    -5.36    10270.03      643.37       15.96         2604391.750             639.764       99396.852           0.018
    -4.59    10766.78      653.11       16.49         2789630.000             649.348      107504.852           0.020
    -3.82    11271.20      663.33       16.99         2979838.250             659.390      115998.727           0.020
    -3.05    11783.22      672.75       17.51         3178796.250             668.538      124884.352           0.018
    -2.28    12301.49      680.62       18.07         3388853.750             676.117      134167.078           0.015
    -1.51    12825.24      687.51       18.65         3608397.250             682.714      143851.406           0.013
    -0.74    13354.07      694.85       19.22         3832542.750             689.761      153941.422           0.014
     0.03    13889.47      704.85       19.71         4053249.250             699.484      164441.625           0.019
     0.80    14431.79      712.88       20.24         4287965.500             707.221      175357.188           0.015
     1.58    14979.59      720.05       20.80         4532277.000             714.110      186692.906           0.013
     2.35    15532.46      726.60       21.38         4785553.000             720.355      198452.859           0.012
     3.12    16090.58      734.21       21.92         5040416.000             727.780      210641.000           0.014
     3.89    16658.76      793.28       21.00         5072015.500             786.656      223263.234           0.104
     4.66    17320.87      901.25       19.22         4971015.500             894.398      236359.656           0.163
     5.43    18018.59      922.71       19.53         5226575.500             915.599      249980.172           0.031
     6.20    18773.20     1028.33       18.26         5206384.500            1021.037      264160.438           0.140
     6.97    19590.43     1084.04       18.07         5396393.500            1076.623      278946.562           0.068
     7.74    20430.20     1114.01       18.34         5683137.500            1106.491      294371.281           0.036
     8.51    21283.13     1114.01       19.10         6084050.000            1106.491      310448.406           0.000
     9.28    22136.05     1114.01       19.87         6495821.500            1106.491      327183.031           0.000
    10.05    22988.98     1114.01       20.64         6918309.000            1106.491      344575.094          -0.000
    10.83    23841.91     1114.01       21.40         7351378.000            1106.491      362624.656           0.000
    11.60    24694.83     1114.01       22.17         7794900.500            1106.491      381331.656           0.000
    12.37    25547.76     1114.01       22.93         8248757.500            1106.491      400696.125          -0.000
    13.14    26400.69     1114.01       23.70         8712828.000            1106.491      420718.094           0.000
    13.91    27253.62     1114.01       24.46         9187004.000            1106.491      441397.500           0.000
    14.68    28106.54     1114.01       25.23         9671179.000            1106.491      462734.375           0.000
    15.45    28959.47     1114.01       26.00        10165250.000            1106.491      484728.750          -0.000
    16.22    29812.39     1114.01       26.76        10669118.000            1106.491      507380.594           0.000
    16.99    30665.32     1114.01       27.53        11182689.000            1106.491      530689.875           0.000
    17.76    31518.25     1114.01       28.29        11705875.000            1106.491      554656.625          -0.000
    18.53    32371.18     1114.01       29.06        12238585.000            1106.491      579280.875           0.000
    19.30    33224.10     1114.01       29.82        12780734.000            1106.491      604562.625           0.000
    20.08    34077.03     1114.01       30.59        13332246.000            1106.491      630501.812           0.000
    20.85    34929.95     1114.01       31.36        13893033.000            1106.491      657098.375          -0.000
    21.62    35782.88     1114.01       32.12        14463029.000            1106.491      684352.500           0.000
    22.39    36635.81     1114.01       32.89        15042155.000            1106.491      712264.125           0.000
    23.16    37488.73     1114.01       33.65        15630338.000            1106.491      740833.125          -0.000
    23.93    38341.66     1114.01       34.42        16227512.000            1106.491      770059.688           0.000
    24.70    39194.59     1114.01       35.18        16833612.000            1106.491      799943.688           0.000
    25.47    40047.52     1114.01       35.95        17448564.000            1106.491      830485.125           0.000
    26.24    40900.44     1114.01       36.71        18072314.000            1106.491      861684.125          -0.000
    27.01    41753.37     1114.01       37.48        18704792.000            1106.491      893540.438           0.000
    27.78    42606.30     1114.01       38.25        19345950.000            1106.491      926054.312           0.000
    28.55    43459.22     1114.01       39.01        19995718.000            1106.491      959225.688          -0.000
    29.33    44312.15     1114.01       39.78        20654044.000            1106.491      993054.438           0.000
    30.10    45165.07     1114.01       40.54        21320872.000            1106.491     1027540.750           0.000
    30.87    46018.00     1114.01       41.31        21996152.000            1106.491     1062684.500           0.000
    31.64    46870.93     1114.01       42.07        22679824.000            1106.491     1098485.750          -0.000
    32.41    47723.86     1114.01       42.84        23371842.000            1106.491     1134944.500           0.000
    33.18    48576.79     1114.01       43.61        24072158.000            1106.491     1172060.625           0.000
    33.95    49429.71     1114.01       44.37        24780716.000            1106.491     1209834.250           0.000
    34.72    50282.63     1114.01       45.14        25497470.000            1106.491     1248265.250          -0.000
    35.49    51135.56     1114.01       45.90        26222382.000            1106.491     1287353.750           0.000
    36.26    51988.49     1114.01       46.67        26955396.000            1106.491     1327099.875           0.000
    37.03    52841.42     1114.01       47.43        27696478.000            1106.491     1367503.375          -0.000
    37.80    53694.34     1114.01       48.20        28445568.000            1106.491     1408564.375           0.000
    38.58    54547.27     1114.01       48.96        29202640.000            1106.491     1450282.875           0.000
    39.35    55400.20     1114.01       49.73        29967644.000            1106.491     1492658.750           0.000
    40.12    56253.12     1114.01       50.50        30740540.000            1106.491     1535692.000          -0.000
    40.89    57106.05     1114.01       51.26        31521286.000            1106.491     1579382.875           0.000
    41.66    57958.98     1114.01       52.03        32309848.000            1106.491     1623731.125           0.000
    42.43    58811.90     1114.01       52.79        33106184.000            1106.491     1668737.000          -0.000
    43.20    59664.83     1114.01       53.56        33910256.000            1106.491     1714400.250           0.000
    43.97    60517.76     1114.01       54.32        34722032.000            1106.491     1760721.000           0.000
    44.74    61370.68     1114.01       55.09        35541468.000            1106.491     1807699.250           0.000
    45.51    62223.61     1114.01       55.86        36368536.000            1106.491     1855335.000          -0.000
    46.28    63076.54     1114.01       56.62        37203188.000            1106.491     1903628.125           0.000
