   609.677429      -33.8586464    
   662.486084      -33.8586464    
 NaN NaN
   586.870422      -32.9914322    
   673.711182      -32.9914322    
 NaN NaN
   470.038147      -32.1242142    
   512.996460      -32.1242142    
 NaN NaN
   560.962708      -32.1242142    
   684.007507      -32.1242142    
 NaN NaN
   447.811371      -31.2569962    
   694.215637      -31.2569962    
 NaN NaN
   438.416687      -30.3897800    
   703.360474      -30.3897800    
 NaN NaN
   430.163208      -29.5225620    
   713.170959      -29.5225620    
 NaN NaN
   422.000854      -28.6553459    
   724.927307      -28.6553459    
 NaN NaN
   415.267487      -27.7881279    
   730.502808      -27.7881279    
 NaN NaN
   404.777924      -26.9209118    
   736.991394      -26.9209118    
 NaN NaN
   389.706726      -26.0536957    
   742.860901      -26.0536957    
 NaN NaN
   374.058044      -25.1864777    
   748.362061      -25.1864777    
 NaN NaN
   353.675049      -24.3192616    
   753.047729      -24.3192616    
 NaN NaN
   304.582855      -23.4520435    
   757.048157      -23.4520435    
 NaN NaN
   281.634216      -22.5848274    
   760.513000      -22.5848274    
 NaN NaN
   272.296783      -21.7176094    
   763.906555      -21.7176094    
 NaN NaN
   266.527130      -20.8503933    
   766.865967      -20.8503933    
 NaN NaN
   262.033173      -19.9831772    
   769.825439      -19.9831772    
 NaN NaN
   258.265930      -19.1159592    
   773.043945      -19.1159592    
 NaN NaN
   254.677719      -18.2487431    
   777.358154      -18.2487431    
 NaN NaN
   251.562866      -17.3815250    
   782.131775      -17.3815250    
 NaN NaN
   248.610458      -16.5143089    
   788.275513      -16.5143089    
 NaN NaN
   245.745499      -15.6470919    
   796.109375      -15.6470919    
 NaN NaN
   243.049286      -14.7798748    
   802.987183      -14.7798748    
 NaN NaN
   240.374405      -13.9126577    
   808.073853      -13.9126577    
 NaN NaN
   237.705673      -13.0454407    
   811.506958      -13.0454407    
 NaN NaN
   234.784775      -12.1782236    
   815.344421      -12.1782236    
 NaN NaN
   231.980835      -11.3110065    
   820.683167      -11.3110065    
 NaN NaN
   229.548996      -10.4437904    
   826.029724      -10.4437904    
 NaN NaN
   227.161728      -9.57657337    
   831.305725      -9.57657337    
 NaN NaN
   224.790848      -8.70935631    
   836.734924      -8.70935631    
 NaN NaN
   222.444092      -7.84213924    
   842.057251      -7.84213924    
 NaN NaN
   220.161118      -6.97492218    
   847.580261      -6.97492218    
 NaN NaN
   217.829407      -6.10770512    
   853.386230      -6.10770512    
 NaN NaN
   215.494324      -5.24048805    
   859.046082      -5.24048805    
 NaN NaN
   213.203613      -4.37327147    
   864.602417      -4.37327147    
 NaN NaN
   211.112137      -3.50605440    
   869.236694      -3.50605440    
 NaN NaN
   208.724197      -2.63883734    
   873.847168      -2.63883734    
 NaN NaN
   206.336258      -1.77162051    
   878.937744      -1.77162051    
 NaN NaN
   203.997742     -0.904403567    
   884.790710     -0.904403567    
 NaN NaN
   202.473770      -3.71866226E-02
   891.891968      -3.71866226E-02
 NaN NaN
   200.681641      0.830030322    
   900.037964      0.830030322    
 NaN NaN
   198.844101       1.69724727    
   910.903381       1.69724727    
 NaN NaN
   197.006561       2.56446409    
   932.172607       2.56446409    
 NaN NaN
   195.169037       3.43168116    
   951.844421       3.43168116    
 NaN NaN
   967.749268       3.43168116    
   999.405884       3.43168116    
 NaN NaN
   189.535599       4.29889822    
   1010.11945       4.29889822    
 NaN NaN
   1295.58276       4.29889822    
   1342.08374       4.29889822    
 NaN NaN
   62.5842209       5.16611481    
   99.2126465       5.16611481    
 NaN NaN
   181.743210       5.16611481    
   1019.84949       5.16611481    
 NaN NaN
   1281.29163       5.16611481    
   1353.38721       5.16611481    
 NaN NaN
   21.3111420       6.03333187    
   120.217834       6.03333187    
 NaN NaN
   172.315079       6.03333187    
   1039.86194       6.03333187    
 NaN NaN
   1188.83716       6.03333187    
   1227.64734       6.03333187    
 NaN NaN
   1242.91895       6.03333187    
   1359.89526       6.03333187    
 NaN NaN
   1426.95801       6.03333187    
   1463.49719       6.03333187    
 NaN NaN
   13.0063238       6.90054893    
   1463.49719       6.90054893    
 NaN NaN
   9.37133884       7.76776600    
   1463.49719       7.76776600    
 NaN NaN
   0.00000000       8.63498306    
   4.53540087       8.63498306    
 NaN NaN
   4.53542948       8.63498306    
   1463.49719       8.63498306    
 NaN NaN
   0.00000000       9.50220013    
   1463.49719       9.50220013    
 NaN NaN
   0.00000000       10.3694172    
   1463.49719       10.3694172    
 NaN NaN
   0.00000000       11.2366333    
   1463.49719       11.2366333    
 NaN NaN
   0.00000000       12.1038504    
   1463.49719       12.1038504    
 NaN NaN
   0.00000000       12.9710674    
   1463.49719       12.9710674    
 NaN NaN
   0.00000000       13.8382845    
   1463.49719       13.8382845    
 NaN NaN
   0.00000000       14.7055016    
   1463.49719       14.7055016    
 NaN NaN
   0.00000000       15.5727186    
   1463.49719       15.5727186    
 NaN NaN
   0.00000000       16.4399357    
   1463.49719       16.4399357    
 NaN NaN
   0.00000000       17.3071518    
   1463.49719       17.3071518    
 NaN NaN
   0.00000000       18.1743698    
   1463.49719       18.1743698    
 NaN NaN
   0.00000000       19.0415859    
   1463.49719       19.0415859    
 NaN NaN
   0.00000000       19.9088039    
   1463.49719       19.9088039    
 NaN NaN
   0.00000000       20.7760201    
   1463.49719       20.7760201    
 NaN NaN
   0.00000000       21.6432362    
   1463.49719       21.6432362    
 NaN NaN
   0.00000000       22.5104542    
   1463.49719       22.5104542    
 NaN NaN
   0.00000000       23.3776703    
   1463.49719       23.3776703    
 NaN NaN
   0.00000000       24.2448883    
   1463.49719       24.2448883    
 NaN NaN
   0.00000000       25.1121044    
   1463.49719       25.1121044    
 NaN NaN
   0.00000000       25.9793224    
   1463.49719       25.9793224    
 NaN NaN
   0.00000000       26.8465385    
   1463.49719       26.8465385    
 NaN NaN
   0.00000000       27.7137566    
   1463.49719       27.7137566    
 NaN NaN
   0.00000000       28.5809727    
   1463.49719       28.5809727    
 NaN NaN
   0.00000000       29.4481888    
   1463.49719       29.4481888    
 NaN NaN
   0.00000000       30.3154068    
   1463.49719       30.3154068    
 NaN NaN
   0.00000000       31.1826229    
   1463.49719       31.1826229    
 NaN NaN
   0.00000000       32.0498390    
   1463.49719       32.0498390    
 NaN NaN
   0.00000000       32.9170570    
   1463.49719       32.9170570    
 NaN NaN
   0.00000000       33.7842751    
   1463.49719       33.7842751    
 NaN NaN
   0.00000000       34.6514893    
   1463.49719       34.6514893    
 NaN NaN
   0.00000000       35.5187073    
   1463.49719       35.5187073    
 NaN NaN
   0.00000000       36.3859253    
   1463.49719       36.3859253    
 NaN NaN
   0.00000000       37.2531433    
   1463.49719       37.2531433    
 NaN NaN
   0.00000000       38.1203575    
   1463.49719       38.1203575    
 NaN NaN
   0.00000000       38.9875755    
   1463.49719       38.9875755    
 NaN NaN
   0.00000000       39.8547935    
   1463.49719       39.8547935    
 NaN NaN
   0.00000000       40.7220116    
   1463.49719       40.7220116    
 NaN NaN
   0.00000000       41.5892258    
   1463.49719       41.5892258    
 NaN NaN
   0.00000000       42.4564438    
   1463.49719       42.4564438    
 NaN NaN
   0.00000000       43.3236618    
   1463.49719       43.3236618    
 NaN NaN
   0.00000000       44.1908760    
   1463.49719       44.1908760    
 NaN NaN
   0.00000000       45.0580940    
   1463.49719       45.0580940    
 NaN NaN
   0.00000000       45.9253120    
   1463.49719       45.9253120    
 NaN NaN
   0.00000000       46.7925301    
   1463.49719       46.7925301    
 NaN NaN
   0.00000000       47.6597443    
   1463.49719       47.6597443    
 NaN NaN
   0.00000000       48.5269623    
   1463.49719       48.5269623    
 NaN NaN
   0.00000000       49.3941803    
   1463.49719       49.3941803    
 NaN NaN
   0.00000000       50.2613945    
   1463.49719       50.2613945    
 NaN NaN
   0.00000000       51.1286125    
   1463.49719       51.1286125    
 NaN NaN
   0.00000000       51.9958305    
   1463.49719       51.9958305    
 NaN NaN
