 Elev(m)    Area(m2)     Peri(m)      Radi(m)   Conv(m3/s)    topWidth(m)    newI1(m3)    dPdA(1/m)
   -34.25        0.00        0.00         NaN                 NaN               0.000           0.000             NaN
   -33.46       18.29       39.75        0.46             435.930              39.715           7.267           2.174
   -32.66       59.20       62.64        0.95            2280.308              62.552          38.057           0.560
   -31.87      118.77       86.57        1.37            5865.762              86.413         108.775           0.402
   -31.07      198.61      117.53        1.69           11271.429             117.325         234.892           0.388
   -30.28      302.90      145.60        2.08           19744.830             145.343         434.176           0.269
   -29.48      428.89      169.41        2.53           31867.324             169.086         724.965           0.189
   -28.69      573.37      199.08        2.88           46427.199             198.674        1123.233           0.205
   -27.89      740.02      220.99        3.35           66255.570             220.467        1645.133           0.131
   -27.10      921.95      236.62        3.90           91313.266             235.949        2305.546           0.086
   -26.30     1114.07      247.72        4.50          121414.695             246.883        3114.595           0.058
   -25.51     1314.25      258.26        5.09          155530.172             257.254        4079.532           0.053
   -24.71     1523.47      271.44        5.61          192455.781             270.277        5207.154           0.063
   -23.92     1744.84      288.34        6.05          231765.719             287.028        6505.876           0.076
   -23.12     1979.02      303.50        6.52          276291.688             302.041        7985.618           0.065
   -22.33     2225.92      322.66        6.90          322662.156             321.051        9656.526           0.078
   -21.53     2490.96      349.44        7.13          369054.656             347.773       11530.862           0.101
   -20.74     2811.79      445.26        6.31          384256.094             443.493       13638.004           0.299
   -19.95     3187.07      501.07        6.36          437638.000             499.191       16021.760           0.149
   -19.15     3592.18      522.40        6.88          519580.750             520.303       18715.613           0.053
   -18.36     4010.44      534.61        7.50          614740.062             532.268       21736.648           0.029
   -17.56     4440.94      555.88        7.99          709899.312             553.320       25094.961           0.049
   -16.77     4890.05      581.14        8.41          809208.500             578.362       28802.793           0.056
   -15.97     5361.71      610.99        8.78          912448.188             607.993       32876.508           0.063
   -15.18     5853.44      632.57        9.25         1031980.312             629.353       37333.047           0.044
   -14.38     6363.32      659.11        9.65         1154054.750             655.443       42187.598           0.052
   -13.59     6895.02      687.95       10.02         1282081.250             683.805       47456.031           0.054
   -12.79     7443.21      700.95       10.62         1438360.375             696.321       53153.590           0.024
   -12.00     8003.22      718.65       11.14         1596448.625             713.539       59291.508           0.032
   -11.20     8577.55      736.80       11.64         1762385.125             731.196       65880.164           0.032
   -10.41     9160.79      742.70       12.33         1956169.125             736.574       72928.812           0.010
    -9.61     9748.24      747.88       13.03         2159644.500             741.203       80442.648           0.009
    -8.82    10338.18      750.74       13.77         2375787.000             743.430       88424.352           0.005
    -8.02    10929.90      753.60       14.50         2600119.500             745.657       96875.602           0.005
    -7.23    11523.38      756.46       15.23         2832499.500             747.884      105797.812           0.005
    -6.43    12118.64      759.32       15.96         3072796.500             750.112      115192.391           0.005
    -5.64    12715.67      762.18       16.68         3320895.250             752.336      125060.742           0.005
    -4.85    13314.45      765.01       17.40         3576736.750             754.536      135404.266           0.005
    -4.05    13914.98      767.85       18.12         3840150.500             756.736      146224.375           0.005
    -3.26    14517.26      770.68       18.84         4111036.250             758.936      157522.422           0.005
    -2.46    15121.29      773.52       19.55         4389299.000             761.136      169299.828           0.005
    -1.67    15727.06      776.35       20.26         4674855.000             763.334      181557.969           0.005
    -0.87    16335.11      780.59       20.93         4961910.000             767.011      194298.438           0.007
    -0.08    16946.21      784.98       21.59         5255427.000             770.850      207523.375           0.007
     0.72    17560.38      789.62       22.24         5554827.500             774.940      221235.172           0.008
     1.51    18222.62      880.18       20.70         5495782.000             865.281      235454.188           0.137
     2.31    18916.02      894.71       21.14         5785241.000             879.712      250211.891           0.021
     3.10    19621.54      911.39       21.53         6074045.500             896.312      265525.469           0.024
     3.90    20346.21      941.17       21.62         6315703.000             926.003      281407.375           0.041
     4.69    21086.44      952.53       22.14         6649874.000             937.252      297871.375           0.015
     5.49    21835.79      962.49       22.69         6999678.000             947.132      314927.281           0.013
     6.28    22588.51      962.49       23.47         7406434.000             947.132      332580.062           0.000
     7.08    23341.23      962.49       24.25         7822329.000             947.132      350831.062           0.000
     7.87    24093.95      962.49       25.03         8247262.500             947.132      369680.281           0.000
     8.67    24846.67      962.49       25.82         8681141.000             947.132      389127.719           0.000
     9.46    25599.39      962.49       26.60         9123872.000             947.132      409173.344          -0.000
    10.25    26352.11      962.49       27.38         9575369.000             947.132      429817.219           0.000
    11.05    27104.83      962.49       28.16        10035546.000             947.132      451059.281           0.000
    11.84    27857.55      962.49       28.94        10504322.000             947.132      472899.562           0.000
    12.64    28610.27      962.49       29.73        10981621.000             947.132      495338.062           0.000
    13.43    29362.99      962.49       30.51        11467366.000             947.132      518374.781           0.000
    14.23    30115.71      962.49       31.29        11961482.000             947.132      542009.688           0.000
    15.02    30868.43      962.49       32.07        12463904.000             947.132      566242.812           0.000
    15.82    31621.15      962.49       32.85        12974557.000             947.132      591074.125           0.000
    16.61    32373.87      962.49       33.64        13493382.000             947.132      616503.750           0.000
    17.41    33126.59      962.49       34.42        14020310.000             947.132      642531.500           0.000
    18.20    33879.31      962.49       35.20        14555285.000             947.132      669157.500           0.000
    19.00    34632.03      962.49       35.98        15098241.000             947.132      696381.688           0.000
    19.79    35384.75      962.49       36.76        15649122.000             947.132      724204.062           0.000
    20.59    36137.47      962.49       37.55        16207874.000             947.132      752624.750           0.000
    21.38    36890.19      962.49       38.33        16774436.000             947.132      781643.562           0.000
    22.18    37642.91      962.49       39.11        17348758.000             947.132      811260.625           0.000
    22.97    38395.63      962.49       39.89        17930788.000             947.132      841475.875           0.000
    23.77    39148.35      962.49       40.67        18520480.000             947.132      872289.375           0.000
    24.56    39901.07      962.49       41.46        19117774.000             947.132      903701.062          -0.000
    25.35    40653.79      962.49       42.24        19722630.000             947.132      935710.938           0.000
    26.15    41406.51      962.49       43.02        20335000.000             947.132      968319.125           0.000
    26.94    42159.23      962.49       43.80        20954834.000             947.132     1001525.438           0.000
    27.74    42911.95      962.49       44.58        21582090.000             947.132     1035329.938           0.000
    28.53    43664.67      962.49       45.37        22216728.000             947.132     1069732.750           0.000
    29.33    44417.39      962.49       46.15        22858698.000             947.132     1104733.750           0.000
    30.12    45170.11      962.49       46.93        23507962.000             947.132     1140332.875           0.000
    30.92    45922.83      962.49       47.71        24164480.000             947.132     1176530.250           0.000
    31.71    46675.55      962.49       48.49        24828214.000             947.132     1213325.875           0.000
    32.51    47428.27      962.49       49.28        25499120.000             947.132     1250719.750           0.000
    33.30    48180.99      962.49       50.06        26177162.000             947.132     1288711.750           0.000
    34.10    48933.71      962.49       50.84        26862304.000             947.132     1327301.875           0.000
    34.89    49686.43      962.49       51.62        27554512.000             947.132     1366490.500           0.000
    35.69    50439.15      962.49       52.40        28253742.000             947.132     1406277.250           0.000
    36.48    51191.87      962.49       53.19        28959966.000             947.132     1446662.000           0.000
    37.28    51944.59      962.49       53.97        29673144.000             947.132     1487645.125           0.000
    38.07    52697.31      962.49       54.75        30393250.000             947.132     1529226.375           0.000
    38.87    53450.03      962.49       55.53        31120242.000             947.132     1571405.875           0.000
    39.66    54202.75      962.49       56.32        31854096.000             947.132     1614183.875           0.000
    40.45    54955.47      962.49       57.10        32594772.000             947.132     1657559.750          -0.000
    41.25    55708.19      962.49       57.88        33342244.000             947.132     1701533.875           0.000
    42.04    56460.91      962.49       58.66        34096476.000             947.132     1746106.250           0.000
    42.84    57213.62      962.49       59.44        34857444.000             947.132     1791276.750           0.000
    43.63    57966.34      962.49       60.23        35625116.000             947.132     1837045.625           0.000
    44.43    58719.06      962.49       61.01        36399460.000             947.132     1883412.500           0.000
    45.22    59471.79      962.49       61.79        37180460.000             947.132     1930378.000           0.000
