 Elev(m)    dbdxp(-)    dbdxc(-)      I2p     I2c
  -21.5100002       0.00000000       0.00000000       0.00000000       0.00000000    
  -20.8199997      -5.70449233E-03  -4.76538250E-03  -6.78978278E-04  -5.67200535E-04
  -20.1299992      -1.12591172E-02  -9.36355535E-03  -4.05603135E-03  -3.38330097E-03
  -19.4300003      -1.26628214E-02  -1.25578484E-02  -1.23776868E-02  -1.05554750E-02
  -18.7399998      -1.01767620E-02  -9.40873753E-03  -2.61869486E-02  -2.28862502E-02
  -18.0499992      -1.18632736E-02  -1.16626397E-02  -4.53380160E-02  -4.03396264E-02
  -17.3500004      -1.59422997E-02  -1.50071308E-02  -7.07374811E-02  -6.37646466E-02
  -16.6599998      -1.62362251E-02  -1.72441807E-02 -0.102961048      -9.39135179E-02
  -15.9700003      -1.03823300E-02  -1.69239435E-02 -0.142182902     -0.131967917    
  -15.2700005      -6.26861909E-03  -1.01127522E-02 -0.187169269     -0.177917704    
  -14.5799999      -6.35772338E-03  -1.46222217E-02 -0.235026062     -0.229419202    
  -13.8900003      -9.44831409E-03  -1.56376958E-02 -0.286266953     -0.287466407    
  -13.1899996      -1.30721638E-02  -7.17700552E-03 -0.342839658     -0.352724373    
  -12.5000000      -5.38299978E-03   6.39565475E-03 -0.403519481     -0.419897318    
  -11.8100004       3.78740728E-02  -3.80133255E-03 -0.462528706     -0.486854434    
  -11.1099997      -8.54035467E-03  -4.17124806E-03 -0.514978468     -0.555417776    
  -10.4200001      -1.27831083E-02   9.54262970E-04 -0.565675557     -0.624346912    
  -9.72999954       8.89429450E-03   7.63621405E-02 -0.619373620     -0.684456408    
  -9.02999973      -2.50925031E-02  -2.01311894E-02 -0.676247418     -0.729408145    
  -8.34000015      -2.60790586E-02  -1.65775213E-02 -0.740354955     -0.771298468    
  -7.65000010      -2.65228711E-02  -3.04555967E-02 -0.816814184     -0.823156238    
  -6.94999981      -3.52093130E-02  -3.07147950E-02 -0.908080935     -0.888725638    
  -6.26000023      -9.24306586E-02  -3.75778824E-02  -1.02068877     -0.968871593    
  -5.57000017      -7.63019100E-02 -0.177624822      -1.16857243      -1.08276069    
  -4.86999989      -7.74724856E-02 -0.120923311      -1.35727692      -1.25982094    
  -4.17999983      -7.15416968E-02  -9.17259455E-02  -1.57958651      -1.49570453    
  -3.49000001      -6.08348176E-02  -8.66896212E-02  -1.83538854      -1.77813470    
  -2.78999996      -5.09347469E-02  -7.96567798E-02  -2.12418580      -2.10600114    
  -2.09999990      -4.61128578E-02  -6.74729720E-02  -2.43390179      -2.46677828    
  -1.40999997      -4.42547351E-02  -5.95243089E-02  -2.76592493      -2.86018324    
 -0.709999979      -4.69167605E-02  -5.54388314E-02  -3.12452364      -3.28830814    
  -1.99999996E-02  -5.08204401E-02  -5.45894802E-02  -3.50063944      -3.73729229    
  0.670000017      -5.30160144E-02  -5.47121577E-02  -3.90074754      -4.21238184    
   1.37000000      -5.48213385E-02  -5.88357374E-02  -4.33202791      -4.72107029    
   2.05999994      -5.25165834E-02  -6.97872937E-02  -4.78294182      -5.25150919    
   2.75000000      -4.94224504E-02  -8.05358663E-02  -5.25876474      -5.81514978    
   3.45000005      -4.04139347E-02  -9.68278721E-02  -5.76448584      -6.42622137    
   4.13999987      -3.91440876E-02 -0.105849035      -6.28329706      -7.07409906    
   4.82999992      -4.37076353E-02 -0.110060431      -6.82143927      -7.77179909    
   5.53000021      -5.92290610E-02 -0.112975508      -7.38963699      -8.53222942    
   6.21999979     -0.131926805     -0.120120265      -7.98489666      -9.33646488    
   6.90999985     -0.268244952     -0.131066173      -8.65053940      -10.1983442    
   7.61000013     -0.276106119     -0.217208698      -9.43894196      -11.1444979    
   8.30000019     -0.154258102     -0.241627917      -10.3330221      -12.1737938    
   9.00000000      -1.12495385E-03 -0.161984295      -11.3105211      -13.3214512    
   9.68999958       5.03433943E-02  -1.59957372E-02  -12.2869558      -14.5226240    
   10.3800001       5.72574846E-02   8.21834803E-02  -13.2447262      -15.7371035    
   11.0799999       6.54209182E-02   7.43252113E-02  -14.1887817      -16.9425640    
   11.7700005       6.69665337E-02   6.72136024E-02  -15.0887842      -18.0950623    
   12.4600000       5.89336380E-02   5.93966767E-02  -15.9580421      -19.2156410    
   13.1599998       7.56927878E-02   5.39451614E-02  -16.8086720      -20.3236847    
   13.8500004       7.56927878E-02   7.56931305E-02  -17.6128807      -21.3867855    
   14.5400000       7.56927878E-02   7.56931305E-02  -18.3810501      -22.4164352    
   15.2399998       7.56927878E-02   7.56931305E-02  -19.1240540      -23.4247093    
   15.9300003       7.56927878E-02   7.56931305E-02  -19.8201485      -24.3822861    
   16.6200008       7.56927878E-02   7.56931305E-02  -20.4802074      -25.3038254    
   17.3199997       7.56927878E-02   7.56931305E-02  -21.1135311      -26.2024193    
   18.0100002       7.56927878E-02   7.56931305E-02  -21.7015133      -27.0518837    
   18.7000008       7.56927878E-02   7.56931305E-02  -22.2534599      -27.8653107    
   19.3999996       7.56927878E-02   7.56931305E-02  -22.7771053      -28.6542244    
   20.0900002       7.56927878E-02   7.56931305E-02  -23.2569771      -29.3955765    
   20.7800007       7.56927878E-02   7.56931305E-02  -23.7008095      -30.1008911    
   21.4799995       7.56927878E-02   7.56931305E-02  -24.1147766      -30.7801247    
   22.1700001       7.56927878E-02   7.56931305E-02  -24.4865360      -31.4133644    
   22.8600006       7.56927878E-02   7.56931305E-02  -24.8222580      -32.0105667    
   23.5599995       7.56927878E-02   7.56931305E-02  -25.1265450      -32.5801201    
   24.2500000       7.56927878E-02   7.56931305E-02  -25.3901920      -33.1052475    
   24.9400005       7.56927878E-02   7.56931305E-02  -25.6178017      -33.5943375    
   25.6399994       7.56927878E-02   7.56931305E-02  -25.8124104      -34.0542145    
   26.3299999       7.56927878E-02   7.56931305E-02  -25.9679451      -34.4712257    
   27.0200005       7.56927878E-02   7.56931305E-02  -26.0874424      -34.8522034    
   27.7199993       7.56927878E-02   7.56931305E-02  -26.1723728      -35.2024002    
   28.4099998       7.56927878E-02   7.56931305E-02  -26.2197952      -35.5112991    
   29.1000004       7.56927878E-02   7.56931305E-02  -26.2311802      -35.7841644    
   29.7999992       7.56927878E-02   7.56931305E-02  -26.2064304      -36.0246811    
   30.4899998       7.56927878E-02   7.56931305E-02  -26.1457405      -36.2254715    
   31.1800003       7.56927878E-02   7.56931305E-02  -26.0490150      -36.3902206    
   31.8799992       7.56927878E-02   7.56931305E-02  -25.9145870      -36.5210609    
   32.5699997       7.56927878E-02   7.56931305E-02  -25.7457848      -36.6137352    
   33.2599983       7.56927878E-02   7.56931305E-02  -25.5409470      -36.6703720    
   33.9599991       7.56927878E-02   7.56931305E-02  -25.2968388      -36.6915321    
   34.6500015       7.56927878E-02   7.56931305E-02  -25.0199242      -36.6760941    
   35.3400002       7.56927878E-02   7.56931305E-02  -24.7069740      -36.6246223    
   36.0400009       7.56927878E-02   7.56931305E-02  -24.3531876      -36.5361023    
   36.7299995       7.56927878E-02   7.56931305E-02  -23.9681625      -36.4125519    
   37.4199982       7.56927878E-02   7.56931305E-02  -23.5471001      -36.2529640    
   38.1199989       7.56927878E-02   7.56931305E-02  -23.0836353      -36.0547638    
   38.8100014       7.56927878E-02   7.56931305E-02  -22.5904961      -35.8231010    
   39.5000000       7.56927878E-02   7.56931305E-02  -22.0613213      -35.5554008    
   40.2000008       7.56927878E-02   7.56931305E-02  -21.4881783      -35.2475243    
   40.8899994       7.56927878E-02   7.56931305E-02  -20.8869286      -34.9077492    
   41.5800018       7.56927878E-02   7.56931305E-02  -20.2496395      -34.5319366    
   42.2799988       7.56927878E-02   7.56931305E-02  -19.5668201      -34.1143799    
   42.9700012       7.56927878E-02   7.56931305E-02  -18.8574543      -33.6664925    
   43.6599998       7.56927878E-02   7.56931305E-02  -18.1120567      -33.1825676    
   44.3600006       7.56927878E-02   7.56931305E-02  -17.3195553      -32.6553307    
   45.0499992       7.56927878E-02   7.56931305E-02  -16.5020828      -32.0993309    
   45.7400017       7.56927878E-02   7.56931305E-02  -15.6485672      -31.5072899    
   46.4399986       7.56927878E-02   7.56931305E-02  -14.7463913      -30.8703766    
   47.1300011       7.56927878E-02   7.56931305E-02  -13.8208017      -30.2062607    
   47.8199997       7.56927878E-02   7.56931305E-02  -12.8591795      -29.5061111    
