 Elev(m)    Area(m2)     Peri(m)      Radi(m)   Conv(m3/s)    topWidth(m)    newI1(m3)    dPdA(1/m)
   -24.60        0.00        0.00         NaN                 NaN               0.000           0.000             NaN
   -23.94       17.52       52.64        0.33             336.641              52.617           5.727           3.004
   -23.29       66.08       91.16        0.72            2133.075              91.120          33.055           0.793
   -22.64      135.76      120.00        1.13            5896.010             119.928          99.032           0.414
   -21.98      222.35      146.63        1.52           11739.141             146.512         216.086           0.307
   -21.33      326.68      168.78        1.94           20294.355             168.616         395.544           0.212
   -20.67      441.36      182.48        2.42           31809.953             182.241         646.590           0.119
   -20.02      564.63      195.59        2.89           45789.820             195.279         975.414           0.106
   -19.37      696.61      208.46        3.34           62283.039             208.076        1387.675           0.097
   -18.71      836.60      221.06        3.78           81266.367             220.611        1888.832           0.090
   -18.06      991.93      264.44        3.75           95788.258             263.931        2486.518           0.279
   -17.41     1171.54      288.31        4.06          119327.727             287.753        3193.686           0.133
   -16.75     1376.30      328.70        4.19          143012.984             328.092        4026.488           0.197
   -16.10     1597.86      352.44        4.53          175080.641             351.769        4998.646           0.107
   -15.45     1863.10      432.82        4.30          197203.500             432.081        6129.921           0.303
   -14.79     2197.21      546.17        4.02          222312.078             545.360        7457.105           0.339
   -14.14     2557.52      557.01        4.59          282606.469             556.122        9011.272           0.030
   -13.48     2924.03      565.26        5.17          349836.188             564.257       10803.012           0.022
   -12.83     3295.00      571.87        5.76          423599.875             570.735       12835.810           0.018
   -12.18     3670.24      578.36        6.35          503211.719             577.098       15112.521           0.017
   -11.52     4049.43      584.33        6.93          588770.312             582.916       17635.828           0.016
   -10.87     4432.25      589.77        7.52          680210.125             588.204       20408.211           0.014
   -10.22     4819.09      597.46        8.07          775289.750             595.760       23432.174           0.020
    -9.56     5211.31      606.10        8.60          874865.000             604.295       26710.785           0.022
    -8.91     5609.22      615.21        9.12          979228.125             613.294       30247.664           0.023
    -8.25     6013.35      625.03        9.62         1088060.375             623.013       34046.707           0.024
    -7.60     6423.90      635.95       10.10         1200718.500             633.833       38112.039           0.027
    -6.95     6843.56      652.79       10.48         1311233.125             650.587       42448.738           0.040
    -6.29     7274.70      668.99       10.87         1428257.125             666.702       47063.539           0.038
    -5.64     7714.02      679.47       11.35         1558643.500             677.090       51962.867           0.024
    -4.99     8159.76      688.83       11.85         1696088.125             686.342       57151.488           0.021
    -4.33     8611.09      696.77       12.36         1841176.500             694.175       62633.336           0.018
    -3.68     9067.46      704.56       12.87         1991848.750             701.850       68411.875           0.017
    -3.02     9528.69      712.03       13.38         2148398.000             709.206       74490.352           0.016
    -2.37     9994.87      720.07       13.88         2309068.250             717.138       80871.969           0.017
    -1.72    10466.51      729.15       14.35         2472790.250             726.113       87560.133           0.019
    -1.06    10946.43      746.15       14.67         2623985.500             743.043       94559.328           0.035
    -0.41    11434.23      752.72       15.19         2805312.750             749.439      101874.836           0.013
     0.24    11926.11      758.70       15.72         2993484.750             755.240      109510.570           0.012
     0.90    12421.98      766.11       16.21         3183092.250             762.484      117469.172           0.015
     1.55    12922.84      772.54       16.73         3380988.500             768.723      125753.570           0.013
     2.21    13426.93      777.46       17.27         3588406.000             773.452      134366.453           0.010
     2.86    13934.07      782.15       17.82         3801851.750             777.941      143309.875           0.009
     3.51    14444.02      786.60       18.36         4021348.000             782.176      152585.750           0.009
     4.17    14961.98      811.01       18.45         4178534.500             806.284      162197.625           0.047
     4.82    15495.73      831.27       18.64         4357664.500             826.185      172153.266           0.038
     5.47    16042.25      850.95       18.85         4545350.500             845.590      182462.000           0.036
     6.13    16613.80      905.42       18.35         4623177.000             899.981      193136.203           0.095
     6.78    17205.19      914.24       18.82         4869125.000             908.689      204190.531           0.015
     7.44    17801.77      921.99       19.31         5124858.500             916.313      215633.172           0.013
     8.09    18405.44      935.79       19.67         5364368.500             929.978      227468.125           0.023
     8.74    19013.40      935.79       20.32         5662929.500             929.978      239699.141           0.000
     9.40    19621.36      935.79       20.97         5967926.000             929.978      252327.578           0.000
    10.05    20229.31      935.79       21.62         6279286.500             929.978      265353.469           0.000
    10.70    20837.28      935.79       22.27         6596950.500             929.978      278776.781           0.000
    11.36    21445.23      935.79       22.92         6920853.000             929.978      292597.562           0.000
    12.01    22053.19      935.79       23.57         7250937.000             929.978      306815.812           0.000
    12.67    22661.15      935.79       24.22         7587145.500             929.978      321431.469           0.000
    13.32    23269.11      935.79       24.87         7929419.000             929.978      336444.594           0.000
    13.97    23877.07      935.79       25.52         8277708.500             929.978      351855.156           0.000
    14.63    24485.03      935.79       26.17         8631961.000             929.978      367663.125          -0.000
    15.28    25092.99      935.79       26.81         8992125.000             929.978      383868.562           0.000
    15.93    25700.95      935.79       27.46         9358157.000             929.978      400471.469           0.000
    16.59    26308.91      935.79       28.11         9730006.000             929.978      417471.844           0.000
    17.24    26916.87      935.79       28.76        10107628.000             929.978      434869.594           0.000
    17.90    27524.83      935.79       29.41        10490979.000             929.978      452664.781          -0.000
    18.55    28132.79      935.79       30.06        10880019.000             929.978      470857.500           0.000
    19.20    28740.75      935.79       30.71        11274704.000             929.978      489447.562           0.000
    19.86    29348.71      935.79       31.36        11674992.000             929.978      508435.156           0.000
    20.51    29956.67      935.79       32.01        12080850.000             929.978      527820.125           0.000
    21.16    30564.63      935.79       32.66        12492236.000             929.978      547602.625          -0.000
    21.82    31172.59      935.79       33.31        12909113.000             929.978      567782.500           0.000
    22.47    31780.54      935.79       33.96        13331445.000             929.978      588359.875           0.000
    23.13    32388.50      935.79       34.61        13759200.000             929.978      609334.625           0.000
    23.78    32996.46      935.79       35.26        14192340.000             929.978      630706.812           0.000
    24.43    33604.42      935.79       35.91        14630833.000             929.978      652476.500          -0.000
    25.09    34212.38      935.79       36.56        15074648.000             929.978      674643.562           0.000
    25.74    34820.34      935.79       37.21        15523754.000             929.978      697208.188           0.000
    26.39    35428.30      935.79       37.86        15978116.000             929.978      720170.125           0.000
    27.05    36036.26      935.79       38.51        16437707.000             929.978      743529.625           0.000
    27.70    36644.22      935.79       39.16        16902496.000             929.978      767286.500          -0.000
    28.36    37252.18      935.79       39.81        17372454.000             929.978      791440.812           0.000
    29.01    37860.14      935.79       40.46        17847554.000             929.978      815992.625           0.000
    29.66    38468.10      935.79       41.11        18327766.000             929.978      840941.812           0.000
    30.32    39076.06      935.79       41.76        18813066.000             929.978      866288.500           0.000
    30.97    39684.02      935.79       42.41        19303424.000             929.978      892032.562           0.000
    31.62    40291.98      935.79       43.06        19798820.000             929.978      918174.188           0.000
    32.28    40899.94      935.79       43.71        20299222.000             929.978      944713.188           0.000
    32.93    41507.89      935.79       44.36        20804606.000             929.978      971649.562           0.000
    33.59    42115.86      935.79       45.01        21314954.000             929.978      998983.500           0.000
    34.24    42723.82      935.79       45.66        21830236.000             929.978     1026714.875           0.000
    34.89    43331.77      935.79       46.31        22350426.000             929.978     1054843.500           0.000
    35.55    43939.73      935.79       46.95        22875508.000             929.978     1083369.750           0.000
    36.20    44547.69      935.79       47.60        23405450.000             929.978     1112293.500           0.000
    36.85    45155.65      935.79       48.25        23940242.000             929.978     1141614.625           0.000
    37.51    45763.61      935.79       48.90        24479852.000             929.978     1171333.125           0.000
    38.16    46371.57      935.79       49.55        25024266.000             929.978     1201449.125           0.000
    38.81    46979.53      935.79       50.20        25573460.000             929.978     1231962.625           0.000
    39.47    47587.49      935.79       50.85        26127408.000             929.978     1262873.375           0.000
    40.12    48195.45      935.79       51.50        26686098.000             929.978     1294181.750          -0.000
    40.78    48803.41      935.79       52.15        27249506.000             929.978     1325887.625           0.000
