   721.906433      -16.0836868    
   773.612061      -16.0836868    
 NaN NaN
   698.085571      -15.5100527    
   780.760132      -15.5100527    
 NaN NaN
   648.459839      -14.9364195    
   786.887268      -14.9364195    
 NaN NaN
   618.508179      -14.3627853    
   793.411804      -14.3627853    
 NaN NaN
   519.922241      -13.7891521    
   803.186829      -13.7891521    
 NaN NaN
   466.331085      -13.2155180    
   816.618225      -13.2155180    
 NaN NaN
   449.140839      -12.6418848    
   824.685059      -12.6418848    
 NaN NaN
   378.052795      -12.0682507    
   405.137299      -12.0682507    
 NaN NaN
   434.811066      -12.0682507    
   832.710938      -12.0682507    
 NaN NaN
   336.358978      -11.4946175    
   839.738403      -11.4946175    
 NaN NaN
   310.487732      -10.9209843    
   845.572510      -10.9209843    
 NaN NaN
   290.250336      -10.3473501    
   851.272095      -10.3473501    
 NaN NaN
   272.552948      -9.77371693    
   857.184692      -9.77371693    
 NaN NaN
   257.078430      -9.20008278    
   861.824768      -9.20008278    
 NaN NaN
   243.653625      -8.62644958    
   866.527710      -8.62644958    
 NaN NaN
   232.218018      -8.05281544    
   871.214172      -8.05281544    
 NaN NaN
   217.405426      -7.47918224    
   874.866760      -7.47918224    
 NaN NaN
   197.773422      -6.90554857    
   878.395996      -6.90554857    
 NaN NaN
   185.656418      -6.33191490    
   884.096008      -6.33191490    
 NaN NaN
   180.923691      -5.75828123    
   890.976929      -5.75828123    
 NaN NaN
   176.495804      -5.18464756    
   895.750732      -5.18464756    
 NaN NaN
   172.957520      -4.61101437    
   900.967896      -4.61101437    
 NaN NaN
   169.221390      -4.03738070    
   904.327393      -4.03738070    
 NaN NaN
   165.916656      -3.46374702    
   907.380554      -3.46374702    
 NaN NaN
   162.985306      -2.89011335    
   910.495789      -2.89011335    
 NaN NaN
   160.095795      -2.31647968    
   913.903992      -2.31647968    
 NaN NaN
   157.144638      -1.74284613    
   917.640564      -1.74284613    
 NaN NaN
   154.104401      -1.16921258    
   921.414551      -1.16921258    
 NaN NaN
   151.012878     -0.595578909    
   924.393066     -0.595578909    
 NaN NaN
   147.020508      -2.19452977E-02
   927.050293      -2.19452977E-02
 NaN NaN
   141.866592      0.551688313    
   929.707520      0.551688313    
 NaN NaN
   137.195908       1.12532187    
   932.388916       1.12532187    
 NaN NaN
   133.081299       1.69895554    
   935.573669       1.69895554    
 NaN NaN
   128.181290       2.27258921    
   938.890747       2.27258921    
 NaN NaN
   122.593666       2.84622288    
   942.217468       2.84622288    
 NaN NaN
   115.576057       3.41985631    
   946.723755       3.41985631    
 NaN NaN
   95.6646576       3.99348998    
   98.7137222       3.99348998    
 NaN NaN
   110.151848       3.99348998    
   951.727966       3.99348998    
 NaN NaN
   87.9476852       4.56712341    
   954.282654       4.56712341    
 NaN NaN
   84.4026718       5.14075708    
   956.164185       5.14075708    
 NaN NaN
   80.9984436       5.71439075    
   958.045654       5.71439075    
 NaN NaN
   77.2932053       6.28802443    
   960.014832       6.28802443    
 NaN NaN
   1035.96606       6.28802443    
   1076.50061       6.28802443    
 NaN NaN
   73.2149658       6.86165810    
   962.062988       6.86165810    
 NaN NaN
   1026.79919       6.86165810    
   1090.60986       6.86165810    
 NaN NaN
   67.7435608       7.43529177    
   964.111145       7.43529177    
 NaN NaN
   1020.95569       7.43529177    
   1106.11011       7.43529177    
 NaN NaN
   34.4846535       8.00892544    
   1001.64227       8.00892544    
 NaN NaN
   1014.45398       8.00892544    
   1112.31262       8.00892544    
 NaN NaN
   24.3535900       8.58255863    
   1114.81616       8.58255863    
 NaN NaN
   20.0196781       9.15619278    
   1117.31970       9.15619278    
 NaN NaN
   16.1354542       9.72982597    
   1119.82764       9.72982597    
 NaN NaN
   13.9642839       10.3034601    
   1122.48901       10.3034601    
 NaN NaN
   11.7554169       10.8770933    
   1125.15100       10.8770933    
 NaN NaN
   9.54654980       11.4507265    
   1127.81299       11.4507265    
 NaN NaN
   0.00000000       12.0243607    
   1128.89075       12.0243607    
 NaN NaN
   0.00000000       12.5979939    
   1128.89075       12.5979939    
 NaN NaN
   0.00000000       13.1716280    
   1128.89075       13.1716280    
 NaN NaN
   0.00000000       13.7452612    
   1128.89075       13.7452612    
 NaN NaN
   0.00000000       14.3188953    
   1128.89075       14.3188953    
 NaN NaN
   0.00000000       14.8925285    
   1128.89075       14.8925285    
 NaN NaN
   0.00000000       15.4661617    
   1128.89075       15.4661617    
 NaN NaN
   0.00000000       16.0397949    
   1128.89075       16.0397949    
 NaN NaN
   0.00000000       16.6134300    
   1128.89075       16.6134300    
 NaN NaN
   0.00000000       17.1870632    
   1128.89075       17.1870632    
 NaN NaN
   0.00000000       17.7606964    
   1128.89075       17.7606964    
 NaN NaN
   0.00000000       18.3343296    
   1128.89075       18.3343296    
 NaN NaN
   0.00000000       18.9079647    
   1128.89075       18.9079647    
 NaN NaN
   0.00000000       19.4815979    
   1128.89075       19.4815979    
 NaN NaN
   0.00000000       20.0552311    
   1128.89075       20.0552311    
 NaN NaN
   0.00000000       20.6288643    
   1128.89075       20.6288643    
 NaN NaN
   0.00000000       21.2024975    
   1128.89075       21.2024975    
 NaN NaN
   0.00000000       21.7761326    
   1128.89075       21.7761326    
 NaN NaN
   0.00000000       22.3497658    
   1128.89075       22.3497658    
 NaN NaN
   0.00000000       22.9233990    
   1128.89075       22.9233990    
 NaN NaN
   0.00000000       23.4970322    
   1128.89075       23.4970322    
 NaN NaN
   0.00000000       24.0706673    
   1128.89075       24.0706673    
 NaN NaN
   0.00000000       24.6443005    
   1128.89075       24.6443005    
 NaN NaN
   0.00000000       25.2179337    
   1128.89075       25.2179337    
 NaN NaN
   0.00000000       25.7915668    
   1128.89075       25.7915668    
 NaN NaN
   0.00000000       26.3652000    
   1128.89075       26.3652000    
 NaN NaN
   0.00000000       26.9388351    
   1128.89075       26.9388351    
 NaN NaN
   0.00000000       27.5124683    
   1128.89075       27.5124683    
 NaN NaN
   0.00000000       28.0861015    
   1128.89075       28.0861015    
 NaN NaN
   0.00000000       28.6597347    
   1128.89075       28.6597347    
 NaN NaN
   0.00000000       29.2333679    
   1128.89075       29.2333679    
 NaN NaN
   0.00000000       29.8070030    
   1128.89075       29.8070030    
 NaN NaN
   0.00000000       30.3806362    
   1128.89075       30.3806362    
 NaN NaN
   0.00000000       30.9542694    
   1128.89075       30.9542694    
 NaN NaN
   0.00000000       31.5279026    
   1128.89075       31.5279026    
 NaN NaN
   0.00000000       32.1015358    
   1128.89075       32.1015358    
 NaN NaN
   0.00000000       32.6751709    
   1128.89075       32.6751709    
 NaN NaN
   0.00000000       33.2488060    
   1128.89075       33.2488060    
 NaN NaN
   0.00000000       33.8224373    
   1128.89075       33.8224373    
 NaN NaN
   0.00000000       34.3960724    
   1128.89075       34.3960724    
 NaN NaN
   0.00000000       34.9697037    
   1128.89075       34.9697037    
 NaN NaN
   0.00000000       35.5433388    
   1128.89075       35.5433388    
 NaN NaN
   0.00000000       36.1169739    
   1128.89075       36.1169739    
 NaN NaN
   0.00000000       36.6906052    
   1128.89075       36.6906052    
 NaN NaN
   0.00000000       37.2642403    
   1128.89075       37.2642403    
 NaN NaN
   0.00000000       37.8378716    
   1128.89075       37.8378716    
 NaN NaN
   0.00000000       38.4115067    
   1128.89075       38.4115067    
 NaN NaN
   0.00000000       38.9851418    
   1128.89075       38.9851418    
 NaN NaN
   0.00000000       39.5587730    
   1128.89075       39.5587730    
 NaN NaN
   0.00000000       40.1324081    
   1128.89075       40.1324081    
 NaN NaN
   0.00000000       40.7060394    
   1128.89075       40.7060394    
 NaN NaN
