   688.753967      -29.1981945    
   710.582458      -29.1981945    
 NaN NaN
   680.896790      -28.4406433    
   715.740356      -28.4406433    
 NaN NaN
   648.077209      -27.6830940    
   721.488892      -27.6830940    
 NaN NaN
   632.779358      -26.9255447    
   727.382935      -26.9255447    
 NaN NaN
   605.823547      -26.1679935    
   733.822327      -26.1679935    
 NaN NaN
   584.141785      -25.4104443    
   740.759949      -25.4104443    
 NaN NaN
   527.200317      -24.6528950    
   745.587769      -24.6528950    
 NaN NaN
   517.050171      -23.8953438    
   750.531433      -23.8953438    
 NaN NaN
   510.517639      -23.1377945    
   757.240295      -23.1377945    
 NaN NaN
   505.529572      -22.3802452    
   762.427734      -22.3802452    
 NaN NaN
   500.353149      -21.6226940    
   765.862244      -21.6226940    
 NaN NaN
   494.508850      -20.8651447    
   769.400269      -20.8651447    
 NaN NaN
   486.802765      -20.1075954    
   773.181274      -20.1075954    
 NaN NaN
   477.621582      -19.3500443    
   777.599365      -19.3500443    
 NaN NaN
   463.608093      -18.5924950    
   782.038635      -18.5924950    
 NaN NaN
   443.734802      -17.8349457    
   786.030457      -17.8349457    
 NaN NaN
   433.282898      -17.0773945    
   789.988159      -17.0773945    
 NaN NaN
   423.839935      -16.3198452    
   793.033936      -16.3198452    
 NaN NaN
   412.480408      -15.5622950    
   794.510315      -15.5622950    
 NaN NaN
   401.913391      -14.8047447    
   795.135132      -14.8047447    
 NaN NaN
   393.602112      -14.0471954    
   795.760010      -14.0471954    
 NaN NaN
   385.333832      -13.2896452    
   796.384827      -13.2896452    
 NaN NaN
   376.512939      -12.5320950    
   797.034119      -12.5320950    
 NaN NaN
   329.540863      -11.7745457    
   347.432343      -11.7745457    
 NaN NaN
   362.326416      -11.7745457    
   797.706726      -11.7745457    
 NaN NaN
   311.283478      -11.0169954    
   798.379272      -11.0169954    
 NaN NaN
   260.248535      -10.2594452    
   799.051880      -10.2594452    
 NaN NaN
   252.706314      -9.50189495    
   799.724426      -9.50189495    
 NaN NaN
   250.742233      -8.74434566    
   800.396973      -8.74434566    
 NaN NaN
   249.341721      -7.98679543    
   801.069580      -7.98679543    
 NaN NaN
   247.987259      -7.22924566    
   801.742126      -7.22924566    
 NaN NaN
   246.640945      -6.47169542    
   802.415161      -6.47169542    
 NaN NaN
   245.294617      -5.71414566    
   803.042786      -5.71414566    
 NaN NaN
   243.948303      -4.95659590    
   803.668518      -4.95659590    
 NaN NaN
   242.594543      -4.19904566    
   804.294250      -4.19904566    
 NaN NaN
   241.185349      -3.44149590    
   804.919983      -3.44149590    
 NaN NaN
   239.754074      -2.68394589    
   805.545776      -2.68394589    
 NaN NaN
   238.292343      -1.92639589    
   806.171509      -1.92639589    
 NaN NaN
   236.830612      -1.16884601    
   806.797241      -1.16884601    
 NaN NaN
   235.368881     -0.411296070    
   808.088440     -0.411296070    
 NaN NaN
   233.907150      0.346253872    
   809.853821      0.346253872    
 NaN NaN
   223.709793       1.10380387    
   811.643250       1.10380387    
 NaN NaN
   212.045929       1.86135375    
   813.432678       1.86135375    
 NaN NaN
   204.794281       2.61890364    
   815.381592       2.61890364    
 NaN NaN
   81.7970276       3.37645364    
   95.1296921       3.37645364    
 NaN NaN
   116.486183       3.37645364    
   187.724731       3.37645364    
 NaN NaN
   193.929901       3.37645364    
   817.392151       3.37645364    
 NaN NaN
   66.4234619       4.13400364    
   819.402710       4.13400364    
 NaN NaN
   855.410034       4.13400364    
   905.864624       4.13400364    
 NaN NaN
   44.7132339       4.89155340    
   921.235474       4.89155340    
 NaN NaN
   31.7908669       5.64910364    
   926.610962       5.64910364    
 NaN NaN
   21.9026775       6.40665340    
   931.263550       6.40665340    
 NaN NaN
   0.00000000       7.16420317    
   1.26167560       7.16420317    
 NaN NaN
   16.3509808       7.16420317    
   935.164734       7.16420317    
 NaN NaN
   0.00000000       7.92175341    
   937.653198       7.92175341    
 NaN NaN
   0.00000000       8.67930317    
   937.653198       8.67930317    
 NaN NaN
   0.00000000       9.43685341    
   937.653198       9.43685341    
 NaN NaN
   0.00000000       10.1944027    
   937.653198       10.1944027    
 NaN NaN
   0.00000000       10.9519529    
   937.653198       10.9519529    
 NaN NaN
   0.00000000       11.7095032    
   937.653198       11.7095032    
 NaN NaN
   0.00000000       12.4670525    
   937.653198       12.4670525    
 NaN NaN
   0.00000000       13.2246027    
   937.653198       13.2246027    
 NaN NaN
   0.00000000       13.9821529    
   937.653198       13.9821529    
 NaN NaN
   0.00000000       14.7397032    
   937.653198       14.7397032    
 NaN NaN
   0.00000000       15.4972525    
   937.653198       15.4972525    
 NaN NaN
   0.00000000       16.2548027    
   937.653198       16.2548027    
 NaN NaN
   0.00000000       17.0123520    
   937.653198       17.0123520    
 NaN NaN
   0.00000000       17.7699032    
   937.653198       17.7699032    
 NaN NaN
   0.00000000       18.5274525    
   937.653198       18.5274525    
 NaN NaN
   0.00000000       19.2850018    
   937.653198       19.2850018    
 NaN NaN
   0.00000000       20.0425529    
   937.653198       20.0425529    
 NaN NaN
   0.00000000       20.8001022    
   937.653198       20.8001022    
 NaN NaN
   0.00000000       21.5576515    
   937.653198       21.5576515    
 NaN NaN
   0.00000000       22.3152027    
   937.653198       22.3152027    
 NaN NaN
   0.00000000       23.0727520    
   937.653198       23.0727520    
 NaN NaN
   0.00000000       23.8303013    
   937.653198       23.8303013    
 NaN NaN
   0.00000000       24.5878525    
   937.653198       24.5878525    
 NaN NaN
   0.00000000       25.3454018    
   937.653198       25.3454018    
 NaN NaN
   0.00000000       26.1029510    
   937.653198       26.1029510    
 NaN NaN
   0.00000000       26.8605022    
   937.653198       26.8605022    
 NaN NaN
   0.00000000       27.6180515    
   937.653198       27.6180515    
 NaN NaN
   0.00000000       28.3756008    
   937.653198       28.3756008    
 NaN NaN
   0.00000000       29.1331520    
   937.653198       29.1331520    
 NaN NaN
   0.00000000       29.8907013    
   937.653198       29.8907013    
 NaN NaN
   0.00000000       30.6482506    
   937.653198       30.6482506    
 NaN NaN
   0.00000000       31.4058018    
   937.653198       31.4058018    
 NaN NaN
   0.00000000       32.1633530    
   937.653198       32.1633530    
 NaN NaN
   0.00000000       32.9209023    
   937.653198       32.9209023    
 NaN NaN
   0.00000000       33.6784515    
   937.653198       33.6784515    
 NaN NaN
   0.00000000       34.4360008    
   937.653198       34.4360008    
 NaN NaN
   0.00000000       35.1935501    
   937.653198       35.1935501    
 NaN NaN
   0.00000000       35.9510994    
   937.653198       35.9510994    
 NaN NaN
   0.00000000       36.7086525    
   937.653198       36.7086525    
 NaN NaN
   0.00000000       37.4662018    
   937.653198       37.4662018    
 NaN NaN
   0.00000000       38.2237511    
   937.653198       38.2237511    
 NaN NaN
   0.00000000       38.9813004    
   937.653198       38.9813004    
 NaN NaN
   0.00000000       39.7388496    
   937.653198       39.7388496    
 NaN NaN
   0.00000000       40.4963989    
   937.653198       40.4963989    
 NaN NaN
   0.00000000       41.2539520    
   937.653198       41.2539520    
 NaN NaN
   0.00000000       42.0115013    
   937.653198       42.0115013    
 NaN NaN
   0.00000000       42.7690506    
   937.653198       42.7690506    
 NaN NaN
   0.00000000       43.5265999    
   937.653198       43.5265999    
 NaN NaN
   0.00000000       44.2841492    
   937.653198       44.2841492    
 NaN NaN
   0.00000000       45.0417023    
   937.653198       45.0417023    
 NaN NaN
   0.00000000       45.7992516    
   937.653198       45.7992516    
 NaN NaN
