   0.00000000       48.8840828    
   0.00000000       9.68044853    
   6.46176004       9.63777637    
   12.6766319       9.03122330    
   12.9235201       8.97940731    
   19.3852787       8.09243965    
   25.3502159       7.55599213    
   25.8470402       7.51636791    
   26.1823196       7.48893595    
   32.3087997       6.99820757    
   38.0298958       6.50138378    
   38.7705574       6.46480751    
   41.0809441       6.31240749    
   45.2323189       6.04418421    
   50.7065277       5.98627186    
   51.1850624       5.98627186    
   57.1408577       5.86130381    
   63.0936012       5.79729605    
   63.3801117       5.79120016    
   69.0432968       5.70585585    
   74.9990845       5.51383209    
   76.0567474       5.48335171    
   81.8662338       5.28218412    
   88.7333755       4.98347998    
   96.9782181       3.50215197    
   98.5296478       3.11200809    
   105.226105      0.856487989    
   108.322876     -0.195071995    
   113.473991      -1.75869596    
   118.119141      -3.08762407    
   121.718834      -3.91058397    
   127.912369      -5.00786400    
   129.966721      -5.41629601    
   137.711685      -6.72388792    
   138.214600      -6.78789616    
   146.459457      -7.64133596    
   147.504913      -7.68400764    
   154.707336      -7.84555197    
   157.301193      -7.86688805    
   162.952179      -7.86079216    
   164.378632      -7.87908030    
   171.197006      -7.98880768    
   171.456100      -7.99795198    
   178.536606      -8.20826435    
   179.444901      -8.23874378    
   187.692780      -8.36371231    
   187.985397      -8.36980820    
   195.937637      -8.75690365    
   197.437256      -8.81786442    
   204.185532      -8.84834385    
   206.889099      -8.86968040    
   212.433411      -8.89711189    
   213.798920      -8.89711189    
   220.678253      -8.84834385    
   220.708725      -8.84834385    
   227.621582      -8.77824020    
   228.926132      -8.77519226    
   236.189529      -8.84834385    
   237.170975      -8.85748768    
   244.751343      -8.90320778    
   245.415817      -8.91844845    
   253.316238      -9.10437584    
   253.663696      -9.11961555    
   261.881104      -9.50366402    
   261.911591      -9.50366402    
   270.156433      -9.99134350    
   271.604248      -10.0858316    
   278.404327      -10.5338888    
   281.327362      -10.7563925    
   286.652222      -11.2562637    
   291.050476      -11.6951761    
   294.897064      -12.1157999    
   300.773590      -12.6583433    
   303.144928      -12.8534155    
   310.499756      -13.4051037    
   311.389771      -13.4934959    
   319.634644      -14.3255997    
   320.222870      -14.3835115    
   327.882507      -15.2156153    
   329.946014      -15.4198322    
   336.130402      -15.7673035    
   339.986084      -15.9623756    
   344.375214      -16.1208725    
   350.029266      -16.3342323    
   352.623138      -16.5049210    
   360.072418      -16.9804077    
   360.871002      -17.0291748    
   369.115845      -17.5412407    
   370.115601      -17.6113434    
   377.363708      -17.9009037    
   380.155701      -18.0441608    
   385.608582      -18.3245754    
   390.198883      -18.6141357    
   393.853424      -18.9097919    
   400.238983      -19.3913765    
   402.101288      -19.5559692    
   410.282104      -20.1564236    
   410.346161      -20.1594715    
   418.594025      -20.6593437    
   420.325287      -20.7660236    
   426.841919      -21.1165428    
   430.368439      -21.2811356    
   435.086731      -21.4579201    
   440.408569      -21.7017593    
   443.334656      -21.9364567    
   450.451721      -22.4546146    
   451.582520      -22.5094795    
   459.827362      -22.9636307    
   460.491852      -22.9941120    
   468.072235      -23.2806225    
   470.535004      -23.3659687    
   476.320099      -23.4756947    
   480.575104      -23.5701847    
   484.564941      -23.6524792    
   490.621338      -23.8292637    
   492.812836      -23.8902225    
   500.661407      -24.1553993    
   501.060730      -24.1706409    
   509.305542      -24.3931427    
   510.704590      -24.4510555    
   517.553467      -24.7406158    
   520.744690      -24.8381519    
   525.801331      -24.9966488    
   530.787903      -25.0911350    
   534.043152      -25.1703854    
   540.828003      -25.3989849    
   542.291016      -25.4538479    
   550.538879      -25.7921772    
   550.874146      -25.8074150    
   558.783752      -26.2097511    
   560.914307      -26.3194790    
   567.031616      -26.6151352    
   570.957458      -26.7827778    
   575.279541      -26.9260311    
   580.997559      -27.0510006    
   583.524353      -27.0875759    
   591.040710      -27.0967197    
   591.772278      -27.1028156    
   600.020142      -27.0753841    
   601.080872      -27.0601444    
   608.261902      -27.0296650    
   611.127075      -27.0022316    
   616.509827      -26.8681202    
   621.167175      -26.8894558    
   624.757690      -26.9534645    
   631.210266      -27.3984718    
   633.002563      -27.5234413    
   641.250488      -28.0233135    
   648.120605      -27.8587208    
   651.842285      -27.7489929    
   654.990784      -27.5904942    
   661.861023      -27.2430229    
   662.427979      -27.1912079    
   668.731201      -26.5115051    
   673.019775      -25.9049511    
   675.601379      -25.5239506    
   682.471619      -24.3657131    
   683.608521      -24.2651291    
   689.341797      -23.8597431    
   694.197266      -23.7225838    
   697.135498      -23.5732307    
   704.786011      -23.2562408    
   704.932312      -23.2470951    
   712.726074      -22.3448868    
   715.374756      -21.7535763    
   720.519714      -20.5618076    
   725.963501      -19.0743847    
   728.316528      -18.4464970    
   736.110291      -16.5140648    
   736.555298      -16.3829994    
   743.903992      -14.3743677    
   747.140991      -13.5605526    
   751.697754      -12.3809757    
   757.732788      -11.1434889    
   759.494568      -10.7563925    
   767.288330      -8.99769592    
   768.321533      -8.76604843    
   775.081970      -7.22376013    
   778.910278      -6.49833584    
   782.878784      -5.81253576    
   789.499023      -4.77011967    
   790.672546      -4.53237581    
   797.536682      -3.13639188    
   800.090820      -2.63347220    
   804.400757      -1.68554401    
   810.676575       3.96239981E-02
   811.264771      0.207264006    
   818.128906       1.97815192    
   821.268372       2.77368021    
   824.996033       3.61188006    
   831.860168       5.16026402    
   839.135742       6.05637646    
   841.702148       6.28497648    
   845.938843       6.31240749    
   851.550232       6.30326414    
   852.748108       6.28192806    
   859.554321       6.08685589    
   861.398376       6.03199244    
   866.360413       5.91616774    
   871.240295       5.80339241    
   873.166626       5.77596045    
   881.088379       5.89178419    
   881.213440       5.89483213    
   889.257080       6.08380795    
   890.936523       6.05028009    
   897.300720       5.88873577    
   900.781555       5.90397644    
   901.659363       5.91311979    
   905.347473       5.95883989    
   909.852417       5.85216045    
   910.626587       5.83387184    
   913.391113       5.84301615    
   920.474670       5.86130381    
   921.437866       5.86435175    
   929.481506       6.08076000    
   930.319702       6.08685589    
   937.525208       6.12952805    
   940.167786       6.20268011    
   945.571899       6.30631208    
   950.009827       6.56234407    
   953.618591       6.90371990    
   959.857849       8.04062366    
   961.662292       8.41248035    
   969.705933       9.93038464    
   969.705933       48.8840828    
