 Elev(m)    Area(m2)     Peri(m)      Radi(m)   Conv(m3/s)    topWidth(m)    newI1(m3)    dPdA(1/m)
   -27.09        0.00        0.00         NaN                 NaN               0.000           0.000             NaN
   -26.39       16.85       45.48        0.37             347.697              45.448           5.916           2.699
   -25.69       60.11       73.94        0.81            2094.282              73.857          32.934           0.658
   -24.99      120.76      106.43        1.13            5254.925             106.297          96.431           0.536
   -24.29      220.11      161.43        1.36           10826.228             161.260         216.101           0.554
   -23.58      339.59      179.46        1.89           20781.748             179.219         412.595           0.151
   -22.88      471.59      195.50        2.41           33928.895             195.181         697.377           0.122
   -22.18      614.45      213.88        2.87           49670.277             213.470        1078.653           0.129
   -21.48      773.29      240.76        3.21           67334.102             240.275        1565.845           0.169
   -20.77      951.02      265.69        3.58           89014.852             265.072        2171.195           0.140
   -20.07     1146.18      293.20        3.91          113771.719             292.463        2907.458           0.141
   -19.37     1360.83      317.05        4.29          143762.250             316.184        3787.590           0.111
   -18.67     1589.03      334.41        4.75          179651.250             333.403        4823.192           0.076
   -17.97     1828.81      350.73        5.21          219968.406             349.619        6023.089           0.068
   -17.26     2079.84      366.09        5.68          264881.188             364.882        7395.296           0.061
   -16.56     2340.49      379.33        6.17          314939.312             378.017        8947.136           0.051
   -15.86     2612.35      399.42        6.54          365447.781             398.041       10685.925           0.074
   -15.16     2901.07      424.01        6.84          418224.406             422.572       12621.514           0.085
   -14.46     3203.48      439.82        7.28          481482.438             438.311       14764.634           0.052
   -13.75     3515.66      452.55        7.77          551605.125             450.954       17123.514           0.041
   -13.05     3837.36      467.35        8.21          624725.062             465.675       19704.930           0.046
   -12.35     4171.33      489.22        8.53          696382.375             487.499       22516.535           0.065
   -11.65     4519.52      507.09        8.91          777128.875             505.277       25567.619           0.051
   -10.94     4882.73      531.55        9.19          856647.625             529.657       28868.451           0.067
   -10.24     5261.78      551.75        9.54          946492.875             549.766       32429.873           0.053
    -9.54     5654.85      572.39        9.88         1041440.500             570.308       36262.359           0.052
    -8.84     6061.56      590.64       10.26         1145029.625             588.470       40375.621           0.045
    -8.14     6480.73      606.51       10.69         1257597.625             604.223       44778.824           0.038
    -7.43     6909.36      618.97       11.16         1380410.875             616.559       49479.672           0.029
    -6.73     7346.60      631.58       11.63         1508638.000             629.038       54484.492           0.029
    -6.03     7792.47      643.34       12.11         1643963.250             640.659       59799.348           0.026
    -5.33     8245.66      652.85       12.63         1788791.250             649.974       65429.832           0.021
    -4.63     8705.15      661.87       13.15         1940155.000             658.790       71380.734           0.020
    -3.92     9170.79      670.96       13.67         2097031.750             667.674       77656.414           0.020
    -3.22     9642.83      680.51       14.17         2258628.000             677.015       84261.281           0.020
    -2.52    10121.57      690.35       14.66         2425261.750             686.656       91199.945           0.021
    -1.82    10606.83      699.42       15.17         2599416.000             695.520       98477.031           0.019
    -1.11    11098.04      707.68       15.68         2781285.000             703.583      106096.930           0.017
    -0.41    11594.76      715.14       16.21         2971006.000             710.851      114063.664           0.015
     0.29    12095.82      720.89       16.78         3171078.500             716.397      122380.688           0.011
     0.99    12600.78      726.56       17.34         3377068.250             721.864      131050.891           0.011
     1.69    13109.31      731.62       17.92         3590613.000             726.701      140076.891           0.010
     2.40    13621.27      736.73       18.49         3809631.500             731.593      149461.156           0.010
     3.10    14136.95      744.28       18.99         4025566.000             738.972      159206.203           0.015
     3.80    14660.87      756.25       19.39         4232025.000             750.804      169316.219           0.023
     4.50    15190.54      763.53       19.90         4461333.000             757.927      179796.109           0.014
     5.20    15728.12      791.59       19.87         4615151.000             785.861      190650.688           0.052
     5.91    16291.57      822.44       19.81         4770828.500             816.649      201891.781           0.055
     6.61    16868.92      833.34       20.24         5011764.500             827.436      213533.391           0.019
     7.31    17452.65      841.32       20.74         5270522.000             835.291      225582.625           0.014
     8.01    18046.44      863.78       20.89         5475766.500             857.674      238045.250           0.038
     8.72    18648.65      863.78       21.59         5783682.000             857.674      250927.734           0.000
     9.42    19250.85      863.78       22.29         6098300.000             857.674      264233.062           0.000
    10.12    19853.06      863.78       22.98         6419549.000             857.674      277961.219           0.000
    10.82    20455.26      863.78       23.68         6747361.000             857.674      292112.219           0.000
    11.52    21057.46      863.78       24.38         7081670.500             857.674      306686.031          -0.000
    12.23    21659.67      863.78       25.08         7422416.000             857.674      321682.688           0.000
    12.93    22261.88      863.78       25.77         7769537.500             857.674      337102.156           0.000
    13.63    22864.08      863.78       26.47         8122975.000             857.674      352944.469           0.000
    14.33    23466.28      863.78       27.17         8482673.000             857.674      369209.594           0.000
    15.03    24068.49      863.78       27.86         8848579.000             857.674      385897.562           0.000
    15.74    24670.69      863.78       28.56         9220641.000             857.674      403008.344          -0.000
    16.44    25272.90      863.78       29.26         9598809.000             857.674      420542.000           0.000
    17.14    25875.10      863.78       29.96         9983030.000             857.674      438498.469           0.000
    17.84    26477.31      863.78       30.65        10373259.000             857.674      456877.750           0.000
    18.55    27079.51      863.78       31.35        10769452.000             857.674      475679.844           0.000
    19.25    27681.72      863.78       32.05        11171563.000             857.674      494904.781          -0.000
    19.95    28283.92      863.78       32.74        11579546.000             857.674      514552.562           0.000
    20.65    28886.13      863.78       33.44        11993367.000             857.674      534623.250           0.000
    21.35    29488.33      863.78       34.14        12412975.000             857.674      555116.625           0.000
    22.06    30090.54      863.78       34.84        12838336.000             857.674      576032.938           0.000
    22.76    30692.74      863.78       35.53        13269410.000             857.674      597372.000           0.000
    23.46    31294.94      863.78       36.23        13706162.000             857.674      619133.938          -0.000
    24.16    31897.15      863.78       36.93        14148553.000             857.674      641318.688           0.000
    24.86    32499.36      863.78       37.62        14596548.000             857.674      663926.312           0.000
    25.57    33101.56      863.78       38.32        15050108.000             857.674      686956.750           0.000
    26.27    33703.76      863.78       39.02        15509203.000             857.674      710410.000           0.000
    26.97    34305.97      863.78       39.72        15973804.000             857.674      734286.062          -0.000
    27.67    34908.17      863.78       40.41        16443871.000             857.674      758584.938           0.000
    28.38    35510.38      863.78       41.11        16919374.000             857.674      783306.688           0.000
    29.08    36112.58      863.78       41.81        17400288.000             857.674      808451.312           0.000
    29.78    36714.79      863.78       42.50        17886578.000             857.674      834018.750           0.000
    30.48    37316.99      863.78       43.20        18378212.000             857.674      860008.938           0.000
    31.18    37919.20      863.78       43.90        18875166.000             857.674      886422.000          -0.000
    31.89    38521.40      863.78       44.60        19377406.000             857.674      913257.875           0.000
    32.59    39123.61      863.78       45.29        19884912.000             857.674      940516.625           0.000
    33.29    39725.81      863.78       45.99        20397648.000             857.674      968198.125           0.000
    33.99    40328.01      863.78       46.69        20915594.000             857.674      996302.500           0.000
    34.69    40930.22      863.78       47.39        21438728.000             857.674     1024829.750          -0.000
    35.40    41532.42      863.78       48.08        21967012.000             857.674     1053779.750           0.000
    36.10    42134.63      863.78       48.78        22500430.000             857.674     1083152.750           0.000
    36.80    42736.84      863.78       49.48        23038958.000             857.674     1112948.500           0.000
    37.50    43339.04      863.78       50.17        23582562.000             857.674     1143167.000           0.000
    38.21    43941.24      863.78       50.87        24131228.000             857.674     1173808.375           0.000
    38.91    44543.45      863.78       51.57        24684934.000             857.674     1204872.625          -0.000
    39.61    45145.65      863.78       52.27        25243648.000             857.674     1236359.625           0.000
    40.31    45747.86      863.78       52.96        25807352.000             857.674     1268269.375           0.000
    41.01    46350.06      863.78       53.66        26376030.000             857.674     1300602.125           0.000
    41.72    46952.27      863.78       54.36        26949650.000             857.674     1333357.625           0.000
    42.42    47554.47      863.78       55.05        27528198.000             857.674     1366536.000          -0.000
    43.12    48156.68      863.78       55.75        28111654.000             857.674     1400137.125           0.000
