 Elev(m)    dbdxp(-)    dbdxc(-)      I2p     I2c
  -35.5499992       0.00000000       0.00000000       0.00000000       0.00000000    
  -34.6599998      -9.82369948E-03  -1.07501270E-02  -1.94533542E-03  -2.12879106E-03
  -33.7700005      -2.31895857E-02  -1.57655980E-02  -1.23734530E-02  -1.16371419E-02
  -32.8800011     -0.167682156      -2.47858763E-02  -6.71363398E-02  -3.44264582E-02
  -31.9799995      -3.54894474E-02 -0.252875954     -0.200969785     -0.120576240    
  -31.0900002      -1.94611978E-02  -4.87016067E-02 -0.384877592     -0.321083367    
  -30.2000008      -1.21905990E-02  -2.88016889E-02 -0.585934818     -0.596657932    
  -29.3099995      -2.83719823E-02  -2.96869390E-02 -0.801292717     -0.899162829    
  -28.4200001      -3.51453014E-02  -3.29563431E-02  -1.03726053      -1.22565424    
  -27.5300007      -4.98148650E-02  -3.95359546E-02  -1.30263066      -1.57890582    
  -26.6399994      -6.42211884E-02  -4.84637506E-02  -1.60740745      -1.96393955    
  -25.7500000      -7.15263709E-02  -6.19973764E-02  -1.96164703      -2.38827276    
  -24.8600006     -0.105810031      -7.17576221E-02  -2.37788486      -2.86096668    
  -23.9699993     -0.162891582      -8.41716751E-02  -2.88245034      -3.39102626    
  -23.0699997      -6.43087476E-02 -0.132441625      -3.49148297      -4.00116062    
  -22.1800003      -5.31760082E-02  -7.62797073E-02  -4.16250467      -4.68921852    
  -21.2900009      -4.61777523E-02  -5.46751916E-02  -4.87646532      -5.44454098    
  -20.3999996      -4.03665528E-02  -4.53890748E-02  -5.62724018      -6.24561214    
  -19.5100002      -3.57926041E-02  -3.86609286E-02  -6.41023302      -7.08314133    
  -18.6200008      -3.41719352E-02  -3.28119919E-02  -7.22216177      -7.95146751    
  -17.7299995      -3.34422812E-02  -1.71268657E-02  -8.06133652      -8.84383869    
  -16.8400002      -3.46697718E-02  -4.54745907E-03  -8.92738628      -9.75038815    
  -15.9499998      -2.77967192E-02  -1.47324875E-02  -9.81929493      -10.6650496    
  -15.0500002      -2.85338070E-02  -1.55562060E-02  -10.7448874      -11.5998459    
  -14.1599998      -2.28107236E-02  -1.87925193E-02  -11.6816435      -12.5371227    
  -13.2700005      -1.85225941E-02  -2.20187958E-02  -12.6367502      -13.4892817    
  -12.3800001      -1.86869297E-02  -2.65850294E-02  -13.6074123      -14.4591484    
  -11.4899998      -1.94364730E-02  -3.01130190E-02  -14.5929918      -15.4498672    
  -10.6000004      -2.21515261E-02  -2.96904705E-02  -15.5943546      -16.4636555    
  -9.71000004      -2.45830845E-02  -3.03881504E-02  -16.6132088      -17.5011845    
  -8.81999969      -2.45780647E-02  -3.35982516E-02  -17.6510544      -18.5632820    
  -7.92999983      -2.50509921E-02  -3.72126848E-02  -18.7084599      -19.6520710    
  -7.03999996      -2.82893516E-02  -3.98929752E-02  -19.7862568      -20.7701511    
  -6.13999987      -3.28115262E-02  -4.21248749E-02  -20.8989449      -21.9324780    
  -5.25000000      -3.62287201E-02  -4.68574911E-02  -22.0251751      -23.1159306    
  -4.36000013      -3.67514677E-02  -5.26975058E-02  -23.1795292      -24.3367195    
  -3.47000003      -3.68888490E-02  -5.90368435E-02  -24.3629189      -25.5993481    
  -2.57999992      -4.01985906E-02  -6.14351258E-02  -25.5761547      -26.9079609    
  -1.69000006      -4.45318967E-02  -6.14451617E-02  -26.8214359      -28.2647629    
 -0.800000012      -4.83892970E-02  -5.79000711E-02  -28.1018963      -29.6695309    
   9.00000036E-02  -4.16268520E-02  -7.31952712E-02  -29.4185810      -31.1238918    
  0.980000019      -4.80221473E-02  -9.38659310E-02  -30.7708454      -32.6372948    
   1.88000000     -0.110328205     -0.103669308      -32.1876144      -34.2402763    
   2.76999998     -0.258924633     -0.116655461      -33.6934662      -35.9086266    
   3.66000009     -0.341186762     -0.152636945      -35.3912773      -37.6739311    
   4.55000019     -0.573234499     -0.227467194      -37.3890038      -39.5678368    
   5.44000006     -0.792021334     -0.409922510      -39.8381615      -41.6632271    
   6.32999992     -0.977400661     -0.557203114      -42.9080658      -44.0763550    
   7.21999979     -0.480689198     -0.813389480      -46.6170959      -46.9524040    
   8.10999966     -0.483545721     -0.560727596      -50.8058052      -50.3719788    
   9.00000000     -0.448939890     -0.492375553      -55.3701172      -54.2722015    
   9.89000034     -0.448939890     -0.459690422      -60.2968826      -58.5695000    
   10.7900000     -0.448939890     -0.448949188      -65.6366119      -63.2856636    
   11.6800003     -0.448939890     -0.448949188      -71.2745895      -68.3091660    
   12.5699997     -0.448939890     -0.448949188      -77.2681656      -73.6882782    
   13.4600000     -0.448939890     -0.448949188      -83.6173553      -79.4230042    
   14.3500004     -0.448939890     -0.448949188      -90.3221512      -85.5133438    
   15.2399998     -0.448939890     -0.448949188      -97.3825378      -91.9592972    
   16.1299992     -0.448939890     -0.448949188      -104.798538      -98.7608566    
   17.0200005     -0.448939890     -0.448949188      -112.570160      -105.918037    
   17.9099998     -0.448939890     -0.448949188      -120.697365      -113.430824    
   18.8099995     -0.448939890     -0.448949188      -129.273499      -121.385635    
   19.7000008     -0.448939890     -0.448949188      -138.111923      -129.609665    
   20.5900002     -0.448939890     -0.448949188      -147.305954      -138.189270    
   21.4799995     -0.448939890     -0.448949188      -156.855576      -147.124512    
   22.3700008     -0.448939890     -0.448949188      -166.760818      -156.415375    
   23.2600002     -0.448939890     -0.448949188      -177.021667      -166.061829    
   24.1499996     -0.448939890     -0.448949188      -187.638107      -176.063904    
   25.0400009     -0.448939890     -0.448949188      -198.610168      -186.421600    
   25.9300003     -0.448939890     -0.448949188      -209.937820      -197.134888    
   26.8199997     -0.448939890     -0.448949188      -221.621078      -208.203796    
   27.7199993     -0.448939890     -0.448949188      -233.793213      -219.754684    
   28.6100006     -0.448939890     -0.448949188      -246.187698      -231.534836    
   29.5000000     -0.448939890     -0.448949188      -258.937775      -243.670578    
   30.3899994     -0.448939890     -0.448949188      -272.043427      -256.161926    
   31.2800007     -0.448939890     -0.448949188      -285.504761      -269.008942    
   32.1699982     -0.448939890     -0.448949188      -299.321594      -282.211487    
   33.0600014     -0.448939890     -0.448949188      -313.494141      -295.769714    
   33.9500008     -0.448939890     -0.448949188      -328.022247      -309.683533    
   34.8400002     -0.448939890     -0.448949188      -342.905945      -323.952942    
   35.7400017     -0.448939890     -0.448949188      -358.314514      -338.740326    
   36.6300011     -0.448939890     -0.448949188      -373.909424      -353.720978    
   37.5200005     -0.448939890     -0.448949188      -389.859924      -369.057220    
   38.4099998     -0.448939890     -0.448949188      -406.166046      -384.749084    
   39.2999992     -0.448939890     -0.448949188      -422.827759      -400.796570    
   40.1899986     -0.448939890     -0.448949188      -439.845093      -417.199646    
   41.0800018     -0.448939890     -0.448949188      -457.218109      -433.958435    
   41.9700012     -0.448939890     -0.448949188      -474.946625      -451.072723    
   42.8600006     -0.448939890     -0.448949188      -493.030792      -468.542664    
   43.7500000     -0.448939890     -0.448949188      -511.470520      -486.368195    
   44.6500015     -0.448939890     -0.448949188      -530.475098      -504.751678    
   45.5400009     -0.448939890     -0.448949188      -549.626038      -523.288452    
   46.4300003     -0.448939890     -0.448949188      -569.132629      -542.180786    
   47.3199997     -0.448939890     -0.448949188      -588.994812      -561.428772    
   48.2099991     -0.448939890     -0.448949188      -609.212585      -581.032410    
   49.0999985     -0.448939890     -0.448949188      -629.785950      -600.991577    
   49.9900017     -0.448939890     -0.448949188      -650.715027      -621.306519    
   50.8800011     -0.448939890     -0.448949188      -671.999573      -641.976929    
   51.7700005     -0.448939890     -0.448949188      -693.639771      -663.002991    
   52.6699982     -0.448939890     -0.448949188      -715.880676      -684.622864    
   53.5600014     -0.448939890     -0.448949188      -738.232178      -706.360229    
