   1284.02942      -26.4323177    
   1313.97595      -26.4323177    
 NaN NaN
   1273.78735      -25.6459961    
   1317.24585      -25.6459961    
 NaN NaN
   1266.74646      -24.8596725    
   1320.51587      -24.8596725    
 NaN NaN
   1257.99512      -24.0733490    
   1322.76172      -24.0733490    
 NaN NaN
   1246.75928      -23.2870255    
   1324.30396      -23.2870255    
 NaN NaN
   1236.19568      -22.5007019    
   1325.84619      -22.5007019    
 NaN NaN
   1227.09961      -21.7143803    
   1327.38843      -21.7143803    
 NaN NaN
   1216.06006      -20.9280567    
   1328.93066      -20.9280567    
 NaN NaN
   1204.46936      -20.1417332    
   1330.47278      -20.1417332    
 NaN NaN
   1195.27258      -19.3554115    
   1331.16931      -19.3554115    
 NaN NaN
   1185.88196      -18.5690880    
   1331.47034      -18.5690880    
 NaN NaN
   1171.53821      -17.7827644    
   1331.77148      -17.7827644    
 NaN NaN
   1158.90942      -16.9964409    
   1332.07263      -16.9964409    
 NaN NaN
   1147.02734      -16.2101173    
   1332.37366      -16.2101173    
 NaN NaN
   1135.84753      -15.4237957    
   1332.67480      -15.4237957    
 NaN NaN
   1125.89429      -14.6374722    
   1332.97583      -14.6374722    
 NaN NaN
   1115.23169      -13.8511486    
   1333.27698      -13.8511486    
 NaN NaN
   1103.47119      -13.0648260    
   1333.57800      -13.0648260    
 NaN NaN
   1091.93188      -12.2785034    
   1333.87915      -12.2785034    
 NaN NaN
   1085.48828      -11.4921799    
   1334.18030      -11.4921799    
 NaN NaN
   1076.83191      -10.7058563    
   1334.48132      -10.7058563    
 NaN NaN
   1062.66516      -9.91953373    
   1334.78247      -9.91953373    
 NaN NaN
   1050.98962      -9.13321114    
   1335.08350      -9.13321114    
 NaN NaN
   1032.72815      -8.34688759    
   1335.38464      -8.34688759    
 NaN NaN
   1019.13416      -7.56056452    
   1335.68579      -7.56056452    
 NaN NaN
   999.307251      -6.77424145    
   1335.98682      -6.77424145    
 NaN NaN
   953.694336      -5.98791838    
   961.484680      -5.98791838    
 NaN NaN
   970.665283      -5.98791838    
   1336.28796      -5.98791838    
 NaN NaN
   923.554199      -5.20159531    
   1336.58899      -5.20159531    
 NaN NaN
   885.076904      -4.41527224    
   1336.89014      -4.41527224    
 NaN NaN
   859.039612      -3.62894917    
   1337.19116      -3.62894917    
 NaN NaN
   831.839722      -2.84262609    
   1337.49231      -2.84262609    
 NaN NaN
   803.400269      -2.05630302    
   1337.79346      -2.05630302    
 NaN NaN
   779.731812      -1.26997995    
   1338.09448      -1.26997995    
 NaN NaN
   762.316895     -0.483656883    
   1338.39563     -0.483656883    
 NaN NaN
   752.731628      0.302666187    
   1338.69666      0.302666187    
 NaN NaN
   745.395874       1.08898926    
   1338.99780       1.08898926    
 NaN NaN
   740.784363       1.87531233    
   1339.29895       1.87531233    
 NaN NaN
   736.312744       2.66163540    
   1339.59998       2.66163540    
 NaN NaN
   680.011353       3.44795847    
   689.229675       3.44795847    
 NaN NaN
   731.989380       3.44795847    
   1339.90112       3.44795847    
 NaN NaN
   665.258423       4.23428154    
   704.627991       4.23428154    
 NaN NaN
   721.848511       4.23428154    
   1341.84631       4.23428154    
 NaN NaN
   653.935303       5.02060461    
   1346.21777       5.02060461    
 NaN NaN
   54.5919800       5.80692768    
   54.7727737       5.80692768    
 NaN NaN
   643.279602       5.80692768    
   1350.73669       5.80692768    
 NaN NaN
   46.0706291       6.59325075    
   61.0112152       6.59325075    
 NaN NaN
   144.550949       6.59325075    
   312.188202       6.59325075    
 NaN NaN
   634.136902       6.59325075    
   1355.57092       6.59325075    
 NaN NaN
   1385.01245       6.59325075    
   1495.33167       6.59325075    
 NaN NaN
   38.6122437       7.37957382    
   67.8745193       7.37957382    
 NaN NaN
   139.370575       7.37957382    
   344.627228       7.37957382    
 NaN NaN
   366.446442       7.37957382    
   394.214935       7.37957382    
 NaN NaN
   621.009399       7.37957382    
   1361.56909       7.37957382    
 NaN NaN
   1379.64465       7.37957382    
   1499.73608       7.37957382    
 NaN NaN
   29.3631001       8.16589737    
   87.0508041       8.16589737    
 NaN NaN
   118.056496       8.16589737    
   398.899963       8.16589737    
 NaN NaN
   600.225647       8.16589737    
   1504.14038       8.16589737    
 NaN NaN
   23.6874371       8.95221996    
   403.985474       8.95221996    
 NaN NaN
   577.080444       8.95221996    
   1507.13550       8.95221996    
 NaN NaN
   19.1028519       9.73854256    
   409.429657       9.73854256    
 NaN NaN
   553.491516       9.73854256    
   1510.12012       9.73854256    
 NaN NaN
   15.1643295       10.5248661    
   438.673401       10.5248661    
 NaN NaN
   525.126892       10.5248661    
   1513.10461       10.5248661    
 NaN NaN
   11.3770628       11.3111897    
   1517.70215       11.3111897    
 NaN NaN
   0.00000000       12.0975122    
   1522.40588       12.0975122    
 NaN NaN
   0.00000000       12.8838348    
   1522.40588       12.8838348    
 NaN NaN
   0.00000000       13.6701584    
   1522.40588       13.6701584    
 NaN NaN
   0.00000000       14.4564819    
   1522.40588       14.4564819    
 NaN NaN
   0.00000000       15.2428045    
   1522.40588       15.2428045    
 NaN NaN
   0.00000000       16.0291271    
   1522.40588       16.0291271    
 NaN NaN
   0.00000000       16.8154507    
   1522.40588       16.8154507    
 NaN NaN
   0.00000000       17.6017742    
   1522.40588       17.6017742    
 NaN NaN
   0.00000000       18.3880959    
   1522.40588       18.3880959    
 NaN NaN
   0.00000000       19.1744194    
   1522.40588       19.1744194    
 NaN NaN
   0.00000000       19.9607430    
   1522.40588       19.9607430    
 NaN NaN
   0.00000000       20.7470665    
   1522.40588       20.7470665    
 NaN NaN
   0.00000000       21.5333900    
   1522.40588       21.5333900    
 NaN NaN
   0.00000000       22.3197117    
   1522.40588       22.3197117    
 NaN NaN
   0.00000000       23.1060352    
   1522.40588       23.1060352    
 NaN NaN
   0.00000000       23.8923588    
   1522.40588       23.8923588    
 NaN NaN
   0.00000000       24.6786804    
   1522.40588       24.6786804    
 NaN NaN
   0.00000000       25.4650040    
   1522.40588       25.4650040    
 NaN NaN
   0.00000000       26.2513275    
   1522.40588       26.2513275    
 NaN NaN
   0.00000000       27.0376511    
   1522.40588       27.0376511    
 NaN NaN
   0.00000000       27.8239746    
   1522.40588       27.8239746    
 NaN NaN
   0.00000000       28.6102962    
   1522.40588       28.6102962    
 NaN NaN
   0.00000000       29.3966198    
   1522.40588       29.3966198    
 NaN NaN
   0.00000000       30.1829433    
   1522.40588       30.1829433    
 NaN NaN
   0.00000000       30.9692650    
   1522.40588       30.9692650    
 NaN NaN
   0.00000000       31.7555885    
   1522.40588       31.7555885    
 NaN NaN
   0.00000000       32.5419121    
   1522.40588       32.5419121    
 NaN NaN
   0.00000000       33.3282356    
   1522.40588       33.3282356    
 NaN NaN
   0.00000000       34.1145592    
   1522.40588       34.1145592    
 NaN NaN
   0.00000000       34.9008827    
   1522.40588       34.9008827    
 NaN NaN
   0.00000000       35.6872025    
   1522.40588       35.6872025    
 NaN NaN
   0.00000000       36.4735260    
   1522.40588       36.4735260    
 NaN NaN
   0.00000000       37.2598495    
   1522.40588       37.2598495    
 NaN NaN
   0.00000000       38.0461731    
   1522.40588       38.0461731    
 NaN NaN
   0.00000000       38.8324966    
   1522.40588       38.8324966    
 NaN NaN
   0.00000000       39.6188202    
   1522.40588       39.6188202    
 NaN NaN
   0.00000000       40.4051437    
   1522.40588       40.4051437    
 NaN NaN
   0.00000000       41.1914673    
   1522.40588       41.1914673    
 NaN NaN
   0.00000000       41.9777908    
   1522.40588       41.9777908    
 NaN NaN
   0.00000000       42.7641106    
   1522.40588       42.7641106    
 NaN NaN
   0.00000000       43.5504341    
   1522.40588       43.5504341    
 NaN NaN
   0.00000000       44.3367577    
   1522.40588       44.3367577    
 NaN NaN
   0.00000000       45.1230812    
   1522.40588       45.1230812    
 NaN NaN
   0.00000000       45.9094048    
   1522.40588       45.9094048    
 NaN NaN
   0.00000000       46.6957283    
   1522.40588       46.6957283    
 NaN NaN
   0.00000000       47.4820518    
   1522.40588       47.4820518    
 NaN NaN
   0.00000000       48.2683716    
   1522.40588       48.2683716    
 NaN NaN
   0.00000000       49.0546951    
   1522.40588       49.0546951    
 NaN NaN
   0.00000000       49.8410187    
   1522.40588       49.8410187    
 NaN NaN
   0.00000000       50.6273422    
   1522.40588       50.6273422    
 NaN NaN
   0.00000000       51.4136658    
   1522.40588       51.4136658    
 NaN NaN
