 Elev(m)    dbdxp(-)    dbdxc(-)      I2p     I2c
  -26.4599991       0.00000000       0.00000000       0.00000000       0.00000000    
  -25.7500000      -3.72434524E-03  -4.31472814E-04  -4.69359395E-04  -5.43762217E-05
  -25.0400009      -2.99837952E-03  -2.77202157E-03  -2.25530751E-03  -5.66848030E-04
  -24.3299999       2.63556256E-03   2.69334810E-03  -4.93421545E-03  -1.49295642E-03
  -23.6200008       4.60602390E-03   3.28697544E-03  -6.74622180E-03  -1.67530880E-03
  -22.9099998       7.20674917E-03   7.10491417E-03  -6.15691114E-03   2.05643213E-04
  -22.2000008       7.56426156E-03   7.20907003E-03  -2.21738545E-03   5.20014344E-03
  -21.4899998       7.50055537E-03   8.15282110E-03   5.48220612E-03   1.39345545E-02
  -20.7800007       6.75370172E-03   7.60471122E-03   1.68767087E-02   2.65907627E-02
  -20.0699997       6.91033807E-03   7.95635022E-03   3.17896418E-02   4.31939252E-02
  -19.3600006       5.93783706E-03   7.37191178E-03   5.00437319E-02   6.36898652E-02
  -18.6499996       1.77824870E-02   1.38606057E-02   7.29064122E-02   8.87934268E-02
  -17.9400005       1.30189266E-02   1.41366022E-02  0.102640115      0.120101087    
  -17.2299995       1.16114710E-02   1.13655515E-02  0.139359698      0.158151075    
  -16.5200005       8.85226205E-03   9.29919910E-03  0.181762144      0.202019155    
  -15.8100004       5.81369316E-03   6.84492709E-03  0.228591874      0.250526100    
  -15.1000004       6.65376103E-03   6.71675708E-03  0.278841078      0.302776754    
  -14.3900003       6.61350088E-03   6.57172501E-03  0.332333505      0.358411163    
  -13.6800003       7.04215560E-03   7.65752327E-03  0.389218897      0.417513490    
  -12.9700003       9.27523244E-03   9.27087478E-03  0.449881613      0.480542451    
  -12.2600002       1.03910612E-02   1.14156641E-02  0.515079200      0.548311830    
  -11.5500002       1.30185951E-02   1.44250561E-02  0.585705400      0.621944845    
  -10.8400002       1.30621707E-02   1.31801106E-02  0.662568629      0.702313304    
  -10.1300001       1.12602115E-02   1.12121832E-02  0.745783865      0.789234757    
  -9.42000008       1.12590743E-02   1.27210468E-02  0.834902346      0.882246435    
  -8.71000004       1.28165353E-02   1.86781622E-02  0.929892957      0.982231379    
  -8.00000000       2.32692659E-02   2.48661339E-02   1.03246546       1.09166110    
  -7.28999996       6.50105579E-03   1.47042256E-02   1.14333737       1.21156526    
  -6.57999992      -8.71840790E-02   1.83932129E-02   1.24779308       1.34062743    
  -5.86999989     -0.183036178       3.55049153E-04   1.30802619       1.47622335    
  -5.15999985     -0.332509398      -4.18101624E-02   1.26923347       1.60895777    
  -4.44999981     -0.327560514     -0.320953429       1.08228397       1.69075060    
  -3.74000001      -1.80307757E-02 -0.470521599      0.768596172       1.62708068    
  -3.02999997      -2.18675425E-03 -0.131072059      0.408807248       1.38784957    
  -2.31999993       1.40541866E-02  -3.51492986E-02   4.79660183E-02   1.05185461    
  -1.61000001       2.29429193E-02  -1.63184311E-02 -0.306717008      0.688425422    
 -0.899999976       2.31102128E-02   4.52431897E-03 -0.650933743      0.317023635    
 -0.189999998       2.41088606E-02   1.84464511E-02 -0.983395815      -5.29696122E-02
  0.519999981       2.81455070E-02   2.28464846E-02  -1.30332172     -0.414864033    
   1.23000002       2.96143964E-02   2.61963364E-02  -1.60938323     -0.765373945    
   1.94000006       3.11009027E-02   2.85066199E-02  -1.90051377      -1.10280931    
   2.65000010       3.25726345E-02   3.05145234E-02  -2.17596841      -1.42591262    
   3.35999990       3.22588868E-02   3.29881199E-02  -2.43522787      -1.73357475    
   4.07000017       1.37698064E-02   3.19231637E-02  -2.68051672      -2.02505374    
   4.78000021      -5.82627319E-02   6.16156161E-02  -2.92561150      -2.29656410    
   5.48999977      -1.48393111E-02   5.42387785E-03  -3.18552637      -2.54783726    
   6.19999981       7.46344030E-02  0.109515801      -3.44711828      -2.77617693    
   6.90999985      0.150600523      0.181026563      -3.67278934      -2.95341563    
   7.61999989      0.169932887      0.275872052      -3.82967997      -3.03645825    
   8.32999992      0.253722221      0.224985972      -3.89278460      -2.99879980    
   9.03999996      0.241708517      0.231003612      -3.84006143      -2.84055471    
   9.75000000      0.241708517      0.241711929      -3.66397905      -2.56526971    
   10.4600000      0.241708517      0.241711929      -3.36605167      -2.16948748    
   11.1700001      0.241708517      0.241711929      -2.94627929      -1.65185833    
   11.8800001      0.241708517      0.241711929      -2.40466166      -1.01238227    
   12.5900002      0.241708517      0.241711929      -1.74119890     -0.251059532    
   13.3000002      0.241708517      0.241711929     -0.955891073      0.632110119    
   14.0100002      0.241708517      0.241711929      -4.87381071E-02   1.63712656    
   14.7200003      0.241708517      0.241711929      0.980259955       2.76398993    
   15.4300003      0.241708517      0.241711929       2.13110304       4.01270008    
   16.1399994      0.241708517      0.241711929       3.40378976       5.38325500    
   16.8500004      0.241708517      0.241711929       4.79832506       6.87566090    
   17.5599995      0.241708517      0.241711929       6.31470156       8.48990917    
   18.2700005      0.241708517      0.241711929       7.95292711       10.2260094    
   18.9799995      0.241708517      0.241711929       9.71299362       12.0839510    
   19.6900005      0.241708517      0.241711929       11.5949097       14.0637445    
   20.3999996      0.241708517      0.241711929       13.5986662       16.1653805    
   21.1100006      0.241708517      0.241711929       15.7242737       18.3888683    
   21.8199997      0.241708517      0.241711929       17.9717197       20.7341957    
   22.5300007      0.241708517      0.241711929       20.3410168       23.2013779    
   23.2399998      0.241708517      0.241711929       22.8321533       25.7903996    
   23.9500008      0.241708517      0.241711929       25.4451408       28.5012760    
   24.6599998      0.241708517      0.241711929       28.1799679       31.3339901    
   25.3700008      0.241708517      0.241711929       31.0366459       34.2885590    
   26.0799999      0.241708517      0.241711929       34.0151634       37.3649673    
   26.7900009      0.241708517      0.241711929       37.1155319       40.5632324    
   27.5000000      0.241708517      0.241711929       40.3377380       43.8833351    
   28.2099991      0.241708517      0.241711929       43.6817856       47.3252831    
   28.9200001      0.241708517      0.241711929       47.1476936       50.8890877    
   29.6299992      0.241708517      0.241711929       50.7354317       54.5747299    
   30.3400002      0.241708517      0.241711929       54.4450302       58.3822289    
   31.0499992      0.241708517      0.241711929       58.2764587       62.3115654    
   31.7600002      0.241708517      0.241711929       62.2297440       66.3627548    
   32.4700012      0.241708517      0.241711929       66.3048782       70.5357971    
   33.1800003      0.241708517      0.241711929       70.5018387       74.8306732    
   33.8899994      0.241708517      0.241711929       74.8206558       79.2473907    
   34.5999985      0.241708517      0.241711929       79.2613068       83.7859650    
   35.3100014      0.241708517      0.241711929       83.8238297       88.4464035    
   36.0200005      0.241708517      0.241711929       88.5081787       93.2286606    
   36.7299995      0.241708517      0.241711929       93.3143692       98.1327744    
   37.4399986      0.241708517      0.241711929       98.2424011       103.158730    
   38.1500015      0.241708517      0.241711929       103.292313       108.306557    
   38.8600006      0.241708517      0.241711929       108.464035       113.576202    
   39.5699997      0.241708517      0.241711929       113.757607       118.967697    
   40.2799988      0.241708517      0.241711929       119.173019       124.481041    
   40.9900017      0.241708517      0.241711929       124.710312       130.116257    
   41.7000008      0.241708517      0.241711929       130.369415       135.873291    
   42.4099998      0.241708517      0.241711929       136.150360       141.752182    
   43.1199989      0.241708517      0.241711929       142.053162       147.752914    
   43.8300018      0.241708517      0.241711929       148.077835       153.875519    
   44.5400009      0.241708517      0.241711929       154.224319       160.119934    
