 Elev(m)    dbdxp(-)    dbdxc(-)      I2p     I2c
  -25.6900005       0.00000000       0.00000000       0.00000000       0.00000000    
  -24.9200001       1.14819594E-02   1.18062040E-02   1.70191540E-03   1.74997665E-03
  -24.1499996       1.48682343E-02   1.36238495E-02   9.01150890E-03   9.01930407E-03
  -23.3700008       1.41909877E-02   1.33134546E-02   2.46798005E-02   2.41941288E-02
  -22.6000004       1.42500438E-02   1.42398486E-02   4.87254485E-02   4.73024957E-02
  -21.8199997       1.61870997E-02   1.78325102E-02   8.18653628E-02   7.96020478E-02
  -21.0499992       2.41284296E-02   2.61204448E-02  0.125125572      0.122817300    
  -20.2700005       3.09802480E-02   4.01248857E-02  0.183169365      0.183012456    
  -19.5000000       4.01267372E-02   4.75267023E-02  0.259282172      0.265373290    
  -18.7299995       4.61304598E-02   4.07610647E-02  0.358720332      0.373812735    
  -17.9500008       4.28678244E-02   4.12258469E-02  0.485592961      0.509069204    
  -17.1800003       3.91084775E-02   5.24926148E-02  0.636351109      0.668791592    
  -16.3999996       4.44340110E-02   7.19800889E-02  0.813759089      0.863110185    
  -15.6300001       6.11746274E-02  0.100702129       1.01708806       1.09921956    
  -14.8500004       7.52023011E-02  0.122385234       1.25912929       1.39739084    
  -14.0799999       9.66471136E-02  0.109608829       1.54401374       1.75961804    
  -13.3000002       9.93068591E-02  0.115783028       1.88744617       2.19479179    
  -12.5299997      0.107866004      0.126308322       2.28660178       2.69410801    
  -11.7600002      0.122943513      0.109367147       2.75067711       3.26424050    
  -10.9799995      0.102548756      0.108366773       3.28885961       3.90943861    
  -10.2100000       9.40552279E-02  0.122657880       3.88313532       4.61329508    
  -9.43000031      0.103956841      0.136490718       4.54399967       5.39939308    
  -8.65999985      0.126286745      0.146054655       5.26024628       6.25619888    
  -7.88000011      0.135737672      0.160232753       6.05920362       7.21195507    
  -7.11000013      0.132984906      0.163245961       6.92708683       8.24938774    
  -6.34000015      0.147752777      0.170379668       7.87641335       9.38421917    
  -5.55999994      0.168205842      0.197661787       8.92705441       10.6384363    
  -4.78999996      0.179559588      0.195083588       10.0632076       11.9900398    
  -4.01000023      0.206392065      0.191362873       11.3235397       13.4754486    
  -3.24000001      0.190429434      0.195950896       12.6844740       15.0572395    
  -2.46000004      0.184516028      0.184321195       14.1782417       16.7740936    
  -1.69000006      0.205860779      0.208743900       15.7670116       18.5842876    
 -0.910000026      0.243457153      0.171616271       17.5016308       20.5333881    
 -0.140000001      0.183785871      0.210401863       19.3447914       22.5712280    
  0.629999995      0.167108133      0.133498654       21.3032932       24.7166653    
   1.40999997      0.122720502      0.128607035       23.3828754       26.9804535    
   2.18000007       2.78392024E-02  0.113976747       25.5016251       29.2905235    
   2.96000004      -9.72863287E-03   5.34488223E-02   27.6731815       31.6918373    
   3.73000002       6.60341457E-02  -1.02206310E-02   29.8279610       34.0939064    
   4.51000023      0.134850293       3.02528646E-02   32.0489578       36.5366287    
   5.28000021      0.132405624       9.92691219E-02   34.3112488       38.9702454    
   6.05000019      0.129248410      0.194400564       36.6519394       41.4665833    
   6.82999992      0.238121271      0.413946569       39.1167679       44.1296120    
   7.59999990      0.407294810      0.729742944       41.7008171       47.0193481    
   8.38000011      0.954699516      0.321584612       44.6172142       50.2741737    
   9.14999962       1.62076437     -0.642877877       48.0824394       53.5974770    
   9.93000031       1.22470009     -0.753366947       52.4011497       56.7087440    
   10.6999998      0.678424358     -0.800952494       57.3737488       59.3401146    
   11.4799995      0.167010903     -0.920675576       62.8219986       61.5170937    
   12.2500000       9.44255851E-03 -0.928885043       68.3534851       63.1335526    
   13.0200005      -5.29378001E-03 -0.938960373       73.9117355       64.1989975    
   13.8000002      -3.75197455E-02 -0.938960373       79.5364456       64.7194672    
   14.5699997      -8.88922364E-02 -0.938960373       85.0638733       64.6729813    
   15.3500004      -8.88922364E-02 -0.938960373       90.6177673       64.0655670    
   16.1200008      -8.88922364E-02 -0.938960373       96.0474091       62.9056664    
   16.8999996      -8.88922364E-02 -0.938960373       101.494507       61.1703758    
   17.6700001      -8.88922364E-02 -0.938960373       106.818741       58.8970528    
   18.4400005      -8.88922364E-02 -0.938960373       112.090271       56.0670204    
   19.2199993      -8.88922364E-02 -0.938960373       117.377205       52.6399155    
   19.9899998      -8.88922364E-02 -0.938960373       122.543327       48.6964607    
   20.7700005      -8.88922364E-02 -0.938960373       127.723503       44.1414642    
   21.5400009      -8.88922364E-02 -0.938960373       132.784210       39.0845909    
   22.3199997      -8.88922364E-02 -0.938960373       137.857590       33.4017296    
   23.0900002      -8.88922364E-02 -0.938960373       142.812897       27.2314339    
   23.8700008      -8.88922364E-02 -0.938960373       147.779510       20.4206772    
   24.6399994      -8.88922364E-02 -0.938960373       152.629395       13.1369781    
   25.4099998      -8.88922364E-02 -0.938960373       157.426590       5.29655218    
   26.1900005      -8.88922364E-02 -0.938960373       162.233032      -3.20602536    
   26.9599991      -8.88922364E-02 -0.938960373       166.924805      -12.1598511    
   27.7399998      -8.88922364E-02 -0.938960373       171.624481      -21.7903099    
   28.5100002      -8.88922364E-02 -0.938960373       176.210861      -31.8575764    
   29.2900009      -8.88922364E-02 -0.938960373       180.803757      -42.6159172    
   30.0599995      -8.88922364E-02 -0.938960373       185.284714      -53.7965775    
   30.8299999      -8.88922364E-02 -0.938960373       189.712967      -65.5339737    
   31.6100006      -8.88922364E-02 -0.938960373       194.145691      -77.9841385    
   32.3800011      -8.88922364E-02 -0.938960373       198.468552      -90.8349533    
   33.1599998      -8.88922364E-02 -0.938960373       202.794495      -104.412964    
   33.9300003      -8.88922364E-02 -0.938960373       207.011932      -118.377205    
   34.7099991      -8.88922364E-02 -0.938960373       211.231094      -133.083084    
   35.4799995      -8.88922364E-02 -0.938960373       215.343140      -148.160751    
   36.2599983      -8.88922364E-02 -0.938960373       219.455521      -163.994507    
   37.0299988      -8.88922364E-02 -0.938960373       223.462143      -180.185593    
   37.7999992      -8.88922364E-02 -0.938960373       227.416077      -196.933380    
   38.5800018      -8.88922364E-02 -0.938960373       231.368317      -214.459045    
   39.3499985      -8.88922364E-02 -0.938960373       235.216812      -232.320175    
   40.1300011      -8.88922364E-02 -0.938960373       239.062271      -250.973724    
   40.9000015      -8.88922364E-02 -0.938960373       242.805374      -269.948364    
   41.6800003      -8.88922364E-02 -0.938960373       246.544037      -289.729706    
   42.4500008      -8.88922364E-02 -0.938960373       250.181732      -309.817749    
   43.2200012      -8.88922364E-02 -0.938960373       253.766724      -330.462524    
   44.0000000      -8.88922364E-02 -0.938960373       257.345215      -351.935669    
   44.7700005      -8.88922364E-02 -0.938960373       260.824829      -373.693848    
   45.5499992      -8.88922364E-02 -0.938960373       264.296539      -396.294891    
   46.3199997      -8.88922364E-02 -0.938960373       267.670715      -419.166473    
   47.0999985      -8.88922364E-02 -0.938960373       271.035645      -442.895386    
   47.8699989      -8.88922364E-02 -0.938960373       274.304413      -466.880432    
   48.6500015      -8.88922364E-02 -0.938960373       277.562622      -491.737335    
   49.4199982      -8.88922364E-02 -0.938960373       280.725952      -516.835632    
   50.1899986      -8.88922364E-02 -0.938960373       283.836609      -542.490784    
   50.9700012      -8.88922364E-02 -0.938960373       286.934631      -569.039551    
   51.7400017      -8.88922364E-02 -0.938960373       289.939880      -595.808105    
