   268.801880      -30.3486309    
   291.700714      -30.3486309    
 NaN NaN
   264.285034      -29.5009823    
   302.312256      -29.5009823    
 NaN NaN
   260.575775      -28.6533337    
   312.003540      -28.6533337    
 NaN NaN
   257.500366      -27.8056850    
   321.554749      -27.8056850    
 NaN NaN
   254.424942      -26.9580364    
   332.384705      -26.9580364    
 NaN NaN
   250.736694      -26.1103859    
   342.587494      -26.1103859    
 NaN NaN
   246.701523      -25.2627373    
   356.738312      -25.2627373    
 NaN NaN
   242.516449      -24.4150887    
   371.857056      -24.4150887    
 NaN NaN
   238.237686      -23.5674400    
   385.494537      -23.5674400    
 NaN NaN
   231.967911      -22.7197914    
   397.861938      -22.7197914    
 NaN NaN
   223.863586      -21.8721428    
   413.301178      -21.8721428    
 NaN NaN
   218.312302      -21.0244942    
   427.427002      -21.0244942    
 NaN NaN
   213.893341      -20.1768456    
   445.591736      -20.1768456    
 NaN NaN
   209.695633      -19.3291969    
   453.861176      -19.3291969    
 NaN NaN
   205.700775      -18.4815483    
   460.435516      -18.4815483    
 NaN NaN
   201.715454      -17.6338997    
   465.769348      -17.6338997    
 NaN NaN
   196.804504      -16.7862492    
   470.850464      -16.7862492    
 NaN NaN
   190.926300      -15.9386015    
   476.141998      -15.9386015    
 NaN NaN
   181.465652      -15.0909519    
   483.524597      -15.0909519    
 NaN NaN
   174.737305      -14.2433033    
   492.085327      -14.2433033    
 NaN NaN
   170.921677      -13.3956547    
   501.313263      -13.3956547    
 NaN NaN
   168.096176      -12.5480061    
   514.759583      -12.5480061    
 NaN NaN
   165.270691      -11.7003574    
   535.121277      -11.7003574    
 NaN NaN
   162.424164      -10.8527088    
   543.935608      -10.8527088    
 NaN NaN
   159.576309      -10.0050592    
   553.497131      -10.0050592    
 NaN NaN
   156.728455      -9.15741062    
   578.236023      -9.15741062    
 NaN NaN
   153.240646      -8.30976200    
   610.863342      -8.30976200    
 NaN NaN
   148.972244      -7.46211338    
   623.687561      -7.46211338    
 NaN NaN
   144.737595      -6.61446428    
   641.077576      -6.61446428    
 NaN NaN
   140.524658      -5.76681566    
   656.215027      -5.76681566    
 NaN NaN
   135.990829      -4.91916656    
   682.153809      -4.91916656    
 NaN NaN
   129.200653      -4.07151794    
   712.381775      -4.07151794    
 NaN NaN
   123.088264      -3.22386909    
   741.732910      -3.22386909    
 NaN NaN
   118.056351      -2.37622023    
   755.141846      -2.37622023    
 NaN NaN
   113.758369      -1.52857161    
   762.415222      -1.52857161    
 NaN NaN
   109.394928     -0.680922747    
   767.852783     -0.680922747    
 NaN NaN
   105.121208      0.166726053    
   773.280884      0.166726053    
 NaN NaN
   100.663383       1.01437485    
   778.971741       1.01437485    
 NaN NaN
   95.1001587       1.86202359    
   785.710999       1.86202359    
 NaN NaN
   87.7253876       2.70967245    
   792.076111       2.70967245    
 NaN NaN
   71.5566254       3.55732131    
   798.533447       3.55732131    
 NaN NaN
   64.9718018       4.40497017    
   808.549133       4.40497017    
 NaN NaN
   62.3361778       5.25261879    
   824.465149       5.25261879    
 NaN NaN
   59.7005463       6.10026741    
   829.393127       6.10026741    
 NaN NaN
   57.0649185       6.94791651    
   841.279846       6.94791651    
 NaN NaN
   841.499084       6.94791651    
   844.788696       6.94791651    
 NaN NaN
   17.8198242       7.79556513    
   856.790100       7.79556513    
 NaN NaN
   13.2394886       8.64321423    
   863.151062       8.64321423    
 NaN NaN
   9.43457127       9.49086285    
   868.432190       9.49086285    
 NaN NaN
   3.58357596       10.3385115    
   873.983215       10.3385115    
 NaN NaN
   0.00000000       11.1861601    
   881.451111       11.1861601    
 NaN NaN
   0.00000000       12.0338097    
   881.451111       12.0338097    
 NaN NaN
   0.00000000       12.8814583    
   881.451111       12.8814583    
 NaN NaN
   0.00000000       13.7291069    
   881.451111       13.7291069    
 NaN NaN
   0.00000000       14.5767555    
   881.451111       14.5767555    
 NaN NaN
   0.00000000       15.4244041    
   881.451111       15.4244041    
 NaN NaN
   0.00000000       16.2720528    
   881.451111       16.2720528    
 NaN NaN
   0.00000000       17.1197014    
   881.451111       17.1197014    
 NaN NaN
   0.00000000       17.9673500    
   881.451111       17.9673500    
 NaN NaN
   0.00000000       18.8150005    
   881.451111       18.8150005    
 NaN NaN
   0.00000000       19.6626492    
   881.451111       19.6626492    
 NaN NaN
   0.00000000       20.5102978    
   881.451111       20.5102978    
 NaN NaN
   0.00000000       21.3579464    
   881.451111       21.3579464    
 NaN NaN
   0.00000000       22.2055950    
   881.451111       22.2055950    
 NaN NaN
   0.00000000       23.0532436    
   881.451111       23.0532436    
 NaN NaN
   0.00000000       23.9008923    
   881.451111       23.9008923    
 NaN NaN
   0.00000000       24.7485409    
   881.451111       24.7485409    
 NaN NaN
   0.00000000       25.5961895    
   881.451111       25.5961895    
 NaN NaN
   0.00000000       26.4438381    
   881.451111       26.4438381    
 NaN NaN
   0.00000000       27.2914867    
   881.451111       27.2914867    
 NaN NaN
   0.00000000       28.1391373    
   881.451111       28.1391373    
 NaN NaN
   0.00000000       28.9867859    
   881.451111       28.9867859    
 NaN NaN
   0.00000000       29.8344345    
   881.451111       29.8344345    
 NaN NaN
   0.00000000       30.6820831    
   881.451111       30.6820831    
 NaN NaN
   0.00000000       31.5297318    
   881.451111       31.5297318    
 NaN NaN
   0.00000000       32.3773804    
   881.451111       32.3773804    
 NaN NaN
   0.00000000       33.2250290    
   881.451111       33.2250290    
 NaN NaN
   0.00000000       34.0726776    
   881.451111       34.0726776    
 NaN NaN
   0.00000000       34.9203262    
   881.451111       34.9203262    
 NaN NaN
   0.00000000       35.7679749    
   881.451111       35.7679749    
 NaN NaN
   0.00000000       36.6156235    
   881.451111       36.6156235    
 NaN NaN
   0.00000000       37.4632721    
   881.451111       37.4632721    
 NaN NaN
   0.00000000       38.3109207    
   881.451111       38.3109207    
 NaN NaN
   0.00000000       39.1585693    
   881.451111       39.1585693    
 NaN NaN
   0.00000000       40.0062180    
   881.451111       40.0062180    
 NaN NaN
   0.00000000       40.8538666    
   881.451111       40.8538666    
 NaN NaN
   0.00000000       41.7015190    
   881.451111       41.7015190    
 NaN NaN
   0.00000000       42.5491676    
   881.451111       42.5491676    
 NaN NaN
   0.00000000       43.3968163    
   881.451111       43.3968163    
 NaN NaN
   0.00000000       44.2444649    
   881.451111       44.2444649    
 NaN NaN
   0.00000000       45.0921135    
   881.451111       45.0921135    
 NaN NaN
   0.00000000       45.9397621    
   881.451111       45.9397621    
 NaN NaN
   0.00000000       46.7874107    
   881.451111       46.7874107    
 NaN NaN
   0.00000000       47.6350594    
   881.451111       47.6350594    
 NaN NaN
   0.00000000       48.4827080    
   881.451111       48.4827080    
 NaN NaN
   0.00000000       49.3303566    
   881.451111       49.3303566    
 NaN NaN
   0.00000000       50.1780052    
   881.451111       50.1780052    
 NaN NaN
   0.00000000       51.0256538    
   881.451111       51.0256538    
 NaN NaN
   0.00000000       51.8733025    
   881.451111       51.8733025    
 NaN NaN
   0.00000000       52.7209511    
   881.451111       52.7209511    
 NaN NaN
   0.00000000       53.5685997    
   881.451111       53.5685997    
 NaN NaN
