226.99	RS=226.99  
0	14.51457567
8.171687837	12.99667181
16.34337567	11.03680772
24.51506409	9.884664093
32.68675135	9.579864093
40.85844093	8.973312163
49.03012819	7.074407721
52.07812819	6.306312163
57.20181544	5.017007721
65.3735027	5.507735907
73.56957451	5.739383977
81.76565098	4.666488128
89.96171814	4.151375965
98.12122009	3.532632047
106.2807127	2.545080116
114.4402054	0.618743991
122.5997073	-1.798320029
130.756149	-4.87984807
138.915651	-8.574023744
147.0751436	-12.36268842
155.6887946	-14.75232047
164.3024363	-14.6304
172.9160873	-13.10030386
181.5297382	-11.99692819
190.1433892	-11.55496795
198.7570402	-11.02156795
207.3706726	-10.39367953
215.9843235	-9.351264093
224.5979745	-8.674607721
233.2116255	-8.010144209
241.8252765	-7.303007721
250.4389274	-6.288023744
259.0525598	-5.986271814
267.6662108	-6.367271814
276.2798618	-7.095744209
284.8935127	-8.193023744
293.5071637	-8.644128186
301.2521235	-8.927592279
308.994051	-9.037319884
316.7390294	-9.22324807
324.4839706	-9.37869614
333.1951784	-9.60424807
341.906349	-9.790175674
350.6205706	-9.951720465
359.3317784	-9.997439767
368.042949	-9.994392279
376.7541196	-10.00658456
385.4683784	-10.03401544
394.0210471	-10.07059228
402.5737529	-10.14679228
411.1264216	-10.26871158
419.6791274	-10.41501544
428.2317961	-10.51864749
436.784502	-10.56741544
445.3402216	-10.47597567
453.8929274	-10.5156
462.4455961	-10.42416023
470.998302	-10.22908842
479.9472255	-9.997439767
488.896149	-9.771888419
497.8450726	-9.534144209
506.7939961	-9.317735907
515.7429196	-9.125712163
524.6918804	-8.808719884
533.6408039	-8.580119884
542.5897274	-8.46124807
551.538651	-8.30884807
560.4875745	-8.339328186
569.436498	-8.372855791
578.3854216	-8.424671814
587.3343451	-8.257032047
596.2833059	-8.031480116
605.2322294	-8.162544209
613.3764765	-8.336280116
621.5237745	-8.449055791
629.6711098	-8.409432047
637.8184078	-8.263128186
645.9657059	-8.104632047
654.1130039	-8.122919884
663.2600549	-8.22350386
672.4071059	-8.260080116
681.5541568	-8.025383977
690.7012078	-7.555992279
699.8482588	-6.77875193
708.9953098	-6.123432047
718.1454117	-5.440680116
727.2923883	-5.18769614
734.7051451	-5.090160233
742.1209529	-5.10235193
749.5367607	-5.157216023
756.9524941	-5.312664093
764.365251	-5.611367953
772.7959922	-5.922264093
781.2237568	-6.443471814
789.6514471	-6.77570386
798.0792117	-6.858
806.5099529	-6.85495193
814.9376432	-6.842760233
823.3654078	-6.70864807
831.796149	-6.598919884
840.6078902	-6.437376256
849.4227568	-6.348983977
858.237549	-6.135623744
867.0523412	-5.919216023
875.8641568	-5.964935907
884.678949	-5.888735907
893.4937412	-5.40715193
902.2324078	-4.931664093
910.971	-5.172455791
919.7095922	-5.166360233
928.4482588	-4.998719884
937.186851	-5.114544209
945.9254432	-5.504687837
954.6641098	-5.715
962.2352941	-5.742432047
969.8096039	-5.650992279
977.3807883	-5.769864093
984.9520471	-5.952744209
992.5263568	-5.87349614
1000.676706	-5.693664093
1008.827055	-5.48335193
1016.977404	-5.172455791
1024.636992	-4.632959942
1032.296655	-3.776472105
1039.959294	-2.535935907
1047.618957	-1.572767953
1055.281596	0.164592007
1062.99	2.1336
1070.701455	3.630167953
1078.409859	4.733543919
1086.121239	5.590032047
1095.25311	5.913119884
1104.384906	6.40689614
1113.519753	6.650735907
1122.651549	6.580632047
1131.786396	7.147560233
1140.918192	7.763255791
1150.049988	8.427719884
1159.18491	8.674607721
1168.316706	8.406383977
1177.451553	8.348471814
1186.583349	8.561832047
1195.715145	8.948928186
1204.849992	9.317735907
1213.981788	9.37564807
1223.11671	9.540239767
1227.85629	9.771888419
1232.248506	9.985247488
1241.383353	10.10412047
1250.515223	9.400032047
1259.64702	8.906255791
1268.781792	8.421623744
1277.913588	7.47369614
1287.045384	7.220712163
1296.180306	7.833360233
1305.312102	8.577071814
1314.447023	9.119616023
1323.57882	9.275064093
1332.710616	9.339071814
1341.845388	9.585960233
1350.977184	10.96060772
1360.112106	13.5636
1369.243902	14.50543205
	
