 Elev(m)    dbdxp(-)    dbdxc(-)      I2p     I2c
  -37.2099991       0.00000000       0.00000000       0.00000000       0.00000000    
  -36.2999992       2.94056511E-03   1.47510832E-03   6.08770293E-04   3.05384194E-04
  -35.4000015       8.41445813E-04   5.41735790E-04   2.59589893E-03   1.32697646E-03
  -34.4900017      -2.15705790E-04  -5.34067629E-04   5.50892437E-03   2.77440646E-03
  -33.5800018       7.54268549E-04  -2.85187270E-04   8.66298936E-03   4.05381760E-03
  -32.6800003       8.90302530E-04  -3.74866358E-04   1.22331390E-02   5.01478137E-03
  -31.7700005       2.29193247E-03   1.32698216E-04   1.68384369E-02   5.80115663E-03
  -30.8600006       2.72808340E-03   1.37258449E-03   2.31418032E-02   6.84902770E-03
  -29.9599991       5.79649583E-04   3.50869214E-03   3.10885496E-02   9.20413900E-03
  -29.0499992       1.40020614E-02   9.34582727E-04   4.28195298E-02   1.35046020E-02
  -28.1399994       2.13788953E-02   2.22756863E-02   6.48940280E-02   2.35300381E-02
  -27.2399998       2.85205971E-02   8.54300708E-02  0.104300626       6.04953766E-02
  -26.3299999       8.16622078E-02   8.21929201E-02  0.177171335      0.154623613    
  -25.4200001       3.11966091E-02   5.62657528E-02  0.296217203      0.312118381    
  -24.5200005       2.59857439E-02   4.72010225E-02  0.448900878      0.517651975    
  -23.6100006       3.46038043E-02   4.79881018E-02  0.627531230      0.766358078    
  -22.7000008       6.76034316E-02   5.20403199E-02  0.839864612       1.05547905    
  -21.7900009       7.91972429E-02   8.48923624E-02   1.10374880       1.39365697    
  -20.8899994       8.01323131E-02   8.56453478E-02   1.42777634       1.79146171    
  -19.9799995       8.21376741E-02   7.48795420E-02   1.82161617       2.26183176    
  -19.0699997       7.79240355E-02   6.94620237E-02   2.28218675       2.79531693    
  -18.1700001       7.08518997E-02   6.48901612E-02   2.80126905       3.38030744    
  -17.2600002       5.88421002E-02   6.28436282E-02   3.38342690       4.02574730    
  -16.3500004       4.37838212E-02   6.37767464E-02   4.01368093       4.72384501    
  -15.4499998       2.89674271E-02   6.49410933E-02   4.67308331       5.46684504    
  -14.5400000       2.20323782E-02   6.39130250E-02   5.36526442       6.27112770    
  -13.6300001       2.12853309E-02   5.91274276E-02   6.07697153       7.12755919    
  -12.7299995       2.57548448E-02   5.27616553E-02   6.79946566       8.02293587    
  -11.8199997       3.14477682E-02   4.60738614E-02   7.55146027       8.97162914    
  -10.9099998       3.37658785E-02   4.53177020E-02   8.32879734       9.95970345    
  -10.0100002       3.80406976E-02   4.53718863E-02   9.12581062       10.9744072    
  -9.10000038       4.41383049E-02   4.65311036E-02   9.96339321       12.0379782    
  -8.18999958       4.87188771E-02   4.74205315E-02   10.8372145       13.1400270    
  -7.28999996       5.28469235E-02   4.46184948E-02   11.7414703       14.2682543    
  -6.38000011       5.40460050E-02   3.98501456E-02   12.6986971       15.4453487    
  -5.46999979       5.53744510E-02   3.72589901E-02   13.7007055       16.6558933    
  -4.57000017       5.44763990E-02   3.73343304E-02   14.7368488       17.8843651    
  -3.66000009       5.06327897E-02   3.74262668E-02   15.8287544       19.1572361    
  -2.75000000       5.58766052E-02   2.95437817E-02   16.9644699       20.4594498    
  -1.85000002       6.09095395E-02   2.83830985E-02   18.1336918       21.7730560    
 -0.939999998       8.51139873E-02  0.174746051       19.3700428       23.1551704    
  -2.99999993E-02  0.218877524       3.60374525E-02   20.6995583       24.6229763    
  0.870000005      0.246301070      -1.12066939E-02   22.1730099       26.1229496    
   1.77999997      0.188297391      0.126573592       23.8480396       27.6685562    
   2.69000006      0.142175198      0.172076792       25.6814594       29.2998753    
   3.59999990      0.191801727      0.432283431       27.6524353       31.1181393    
   4.50000000      0.297442675      0.237673491       29.7714195       33.1788635    
   5.40999985      0.349539638       8.53886604E-02   32.1480484       35.4665260    
   6.32000017      0.198691949       7.70573914E-02   34.7721214       37.8546982    
   7.21999979       8.11372697E-02   7.90868327E-02   37.5375366       40.2822113    
   8.13000011       8.73425975E-02   4.05391008E-02   40.4258461       42.7934341    
   9.03999996       5.80126345E-02   4.05391008E-02   43.3791275       45.3462029    
   9.93999958       4.05420288E-02   4.05391008E-02   46.3501205       47.9043045    
   10.8500004       4.05420288E-02   4.05391008E-02   49.3910904       50.5242195    
   11.7600002       4.05420288E-02   4.05391008E-02   52.4656296       53.1777000    
   12.6599998       4.05420288E-02   4.05391008E-02   55.5397720       55.8354073    
   13.5699997       4.05420288E-02   4.05391008E-02   58.6814575       58.5560303    
   14.4799995       4.05420288E-02   4.05391008E-02   61.8567162       61.3102226    
   15.3800001       4.05420288E-02   4.05391008E-02   65.0304718       64.0675354    
   16.2900009       4.05420288E-02   4.05391008E-02   68.2728806       66.8888779    
   17.2000008       4.05420288E-02   4.05391008E-02   71.5488586       69.7437820    
   18.1000004       4.05420288E-02   4.05391008E-02   74.8222198       72.6006927    
   19.0100002       4.05420288E-02   4.05391008E-02   78.1653442       75.5227432    
   19.9200001       4.05420288E-02   4.05391008E-02   81.5420380       78.4783554    
   20.8199997       4.05420288E-02   4.05391008E-02   84.9150162       81.4348755    
   21.7299995       4.05420288E-02   4.05391008E-02   88.3588562       84.4576340    
   22.6399994       4.05420288E-02   4.05391008E-02   91.8362656       87.5139618    
   23.5400009       4.05420288E-02   4.05391008E-02   95.3088608       90.5700912    
   24.4500008       4.05420288E-02   4.05391008E-02   98.8534241       93.6935577    
   25.3600006       4.05420288E-02   4.05391008E-02   102.431557       96.8505936    
   26.2600002       4.05420288E-02   4.05391008E-02   106.003754       100.006325    
   27.1700001       4.05420288E-02   4.05391008E-02   109.649033       103.230507    
   28.0799999       4.05420288E-02   4.05391008E-02   113.327881       106.488251    
   28.9799995       4.05420288E-02   4.05391008E-02   116.999695       109.743591    
   29.8899994       4.05420288E-02   4.05391008E-02   120.745689       113.068474    
   30.7999992       4.05420288E-02   4.05391008E-02   124.525261       116.426941    
   31.7099991       4.05420288E-02   4.05391008E-02   128.338409       119.818970    
   32.6100006       4.05420288E-02   4.05391008E-02   132.143036       123.207115    
   33.5200005       4.05420288E-02   4.05391008E-02   136.023331       126.666290    
   34.4300003       4.05420288E-02   4.05391008E-02   139.937180       130.159027    
   35.3300018       4.05420288E-02   4.05391008E-02   143.841431       133.646774    
   36.2400017       4.05420288E-02   4.05391008E-02   147.822433       137.206665    
   37.1500015       4.05420288E-02   4.05391008E-02   151.837021       140.800110    
   38.0499992       4.05420288E-02   4.05391008E-02   155.840866       144.387466    
   38.9599991       4.05420288E-02   4.05391008E-02   159.922577       148.048050    
   39.8699989       4.05420288E-02   4.05391008E-02   164.037888       151.742218    
   40.7700005       4.05420288E-02   4.05391008E-02   168.141357       155.429184    
   41.6800003       4.05420288E-02   4.05391008E-02   172.323792       159.190491    
   42.5900002       4.05420288E-02   4.05391008E-02   176.539810       162.985367    
   43.4900017       4.05420288E-02   4.05391008E-02   180.742889       166.771927    
   44.4000015       4.05420288E-02   4.05391008E-02   185.026062       170.633942    
   45.3100014       4.05420288E-02   4.05391008E-02   189.342789       174.529526    
   46.2099991       4.05420288E-02   4.05391008E-02   193.645462       178.415680    
   47.1199989       4.05420288E-02   4.05391008E-02   198.029343       182.378418    
   48.0299988       4.05420288E-02   4.05391008E-02   202.446808       186.374710    
   48.9300003       4.05420288E-02   4.05391008E-02   206.849106       190.360489    
   49.8400002       4.05420288E-02   4.05391008E-02   211.333710       194.423920    
   50.7500000       4.05420288E-02   4.05391008E-02   215.851883       198.520935    
   51.6500015       4.05420288E-02   4.05391008E-02   220.353790       202.606323    
   52.5600014       4.05420288E-02   4.05391008E-02   224.939117       206.770462    
   53.4700012       4.05420288E-02   4.05391008E-02   229.557999       210.968185    
