 Elev(m)    dbdxp(-)    dbdxc(-)      I2p     I2c
  -24.9899998       0.00000000       0.00000000       0.00000000       0.00000000    
  -24.2099991      -1.63738318E-02  -1.17595037E-02  -2.49046413E-03  -1.78862363E-03
  -23.4300003      -2.85825599E-02  -1.45310313E-02  -1.43092601E-02  -9.36465990E-03
  -22.6499996      -4.42716442E-02  -1.88040603E-02  -4.40470912E-02  -2.60097776E-02
  -21.8700008      -6.17997982E-02  -2.39923112E-02 -0.100999460      -5.42344600E-02
  -21.0900002      -6.70653582E-02  -3.66765521E-02 -0.193685845      -9.81962830E-02
  -20.3199997      -6.06500208E-02  -5.53066805E-02 -0.323958606     -0.164694607    
  -19.5400009      -6.80226684E-02  -5.77000678E-02 -0.494667292     -0.263053685    
  -18.7600002      -9.24084559E-02  -4.82260808E-02 -0.709349096     -0.394712716    
  -17.9799995     -0.137697414      -4.46512364E-02 -0.983431697     -0.556609809    
  -17.2000008     -0.178380877      -4.96694148E-02  -1.34058833     -0.746979356    
  -16.4200001     -0.192696840      -5.96613549E-02  -1.80226231     -0.968324721    
  -15.6400003     -0.191541821      -7.42336661E-02  -2.37881947      -1.22666454    
  -14.8599997     -0.189249530      -8.84252638E-02  -3.07173848      -1.53011060    
  -14.0799999     -0.181070372     -0.113379814      -3.87890077      -1.88899124    
  -13.3000002     -0.245262876     -0.134212270      -4.80723429      -2.31622529    
  -12.5200005     -0.322597772     -0.154179946      -5.88678455      -2.82498264    
  -11.7399998     -0.405829787     -0.160206988      -7.16350222      -3.42542338    
  -10.9600000     -0.493593872     -0.160810515      -8.68781471      -4.12250853    
  -10.1800003     -0.549341202     -0.153861776      -10.5075598      -4.91628218    
  -9.39999962     -0.659989297     -0.153885618      -12.6698771      -5.80472708    
  -8.61999989     -0.775864124     -0.180881441      -15.2345247      -6.79089689    
  -7.84000015      -1.24315095     -0.209589571      -18.3246593      -7.88737631    
  -7.05999994      -1.39195454     -0.266418010      -22.1226864      -9.11564732    
  -6.28000021      -1.56715322     -0.314977825      -26.7715931      -10.5047493    
  -5.50000000      -1.61102545     -0.354322881      -32.3539848      -12.0840826    
  -4.71999979      -1.71653152     -0.425510913      -38.9258995      -13.8838301    
  -3.94000006      -1.85284555     -0.453275383      -46.5468330      -15.9358521    
  -3.16000009      -1.82452154     -0.467122197      -55.2700005      -18.2615318    
  -2.38000011      -1.55125678     -0.722313643      -65.0659561      -20.9081173    
  -1.60000002     -0.954688311      -1.27328277      -75.7565231      -24.0391464    
 -0.819999993     -0.661626339      -1.53765583      -87.0740814      -27.9012508    
  -3.99999991E-02 -0.377712578      -1.78149617      -98.7955627      -32.6957397    
  0.740000010     -0.335904002      -1.71911454      -110.783676      -38.5275192    
   1.51999998     -0.303753465      -1.60114777      -122.977615      -45.3967552    
   2.29999995     -0.278355867      -1.49965155      -135.357391      -53.2426338    
   3.07999992     -0.264827162      -1.40508235      -147.908325      -62.0019531    
   3.85999990     -0.353829145      -1.26945448      -160.635971      -71.6098785    
   4.63999987     -0.227323189      -1.08032060      -173.546097      -81.9820099    
   5.42000008     -0.179329619     -0.997866452      -186.606491      -93.0276337    
   6.19999981     -0.176521838     -0.603257596      -199.782852      -104.632874    
   6.98000002     -0.169283420     -0.402101338      -213.065933      -116.634567    
   7.76000023     -0.156077579     -0.366200089      -226.451096      -128.906036    
   8.53999996      -3.53431217E-02 -0.459309548      -239.914871      -141.419907    
   9.31000042      -2.87711788E-02 -0.454366863      -253.244522      -154.036285    
   10.0900002      -5.91951096E-03 -0.447171777      -266.762177      -167.090790    
   10.8699999       1.09445946E-02 -0.435412705      -280.284363      -180.416656    
   11.6499996       2.21864171E-02 -0.416697502      -293.800720      -194.006378    
   12.4300003       3.04736700E-02 -0.252476990      -307.304047      -207.827499    
   13.2100000       3.82882319E-02  -3.11483815E-02  -320.788910      -221.793518    
   13.9899998       5.25975302E-02  0.115851276      -334.249481      -235.789810    
   14.7700005       5.25975302E-02  0.180099845      -347.680237      -249.728210    
   15.5500002       5.25975302E-02  0.224756792      -361.078979      -263.559998    
   16.3299999       5.25975302E-02  0.283049524      -374.445740      -277.252960    
   17.1100006       5.25975302E-02  0.302485526      -387.780487      -290.779663    
   17.8899994       5.25975302E-02  0.312291265      -401.083221      -304.123749    
   18.6700001       5.25975302E-02  0.320440292      -414.353973      -317.278137    
   19.4500008       5.25975302E-02  0.320649326      -427.592743      -330.238770    
   20.2299995       5.25975302E-02  0.320649326      -440.799469      -343.004303    
   21.0100002       5.25975302E-02  0.320649326      -453.974213      -355.574799    
   21.7900009       5.25975302E-02  0.320649326      -467.116974      -367.950226    
   22.5699997       5.25975302E-02  0.320649326      -480.227692      -380.130524    
   23.3500004       5.25975302E-02  0.320649326      -493.306458      -392.115753    
   24.1299992       5.25975302E-02  0.320649326      -506.353180      -403.905914    
   24.9099998       5.25975302E-02  0.320649326      -519.367920      -415.500977    
   25.6900005       5.25975302E-02  0.320649326      -532.350708      -426.900970    
   26.4699993       5.25975302E-02  0.320649326      -545.301392      -438.105865    
   27.2500000       5.25975302E-02  0.320649326      -558.220154      -449.115692    
   28.0300007       5.25975302E-02  0.320649326      -571.106934      -459.930420    
   28.8099995       5.25975302E-02  0.320649326      -583.961670      -470.550079    
   29.5900002       5.25975302E-02  0.320649326      -596.784424      -480.974640    
   30.3700008       5.25975302E-02  0.320649326      -609.575134      -491.204132    
   31.1499996       5.25975302E-02  0.320649326      -622.333862      -501.238525    
   31.9300003       5.25975302E-02  0.320649326      -635.060608      -511.077850    
   32.7099991       5.25975302E-02  0.320649326      -647.755371      -520.722107    
   33.4900017       5.25975302E-02  0.320649326      -660.418152      -530.171265    
   34.2700005       5.25975302E-02  0.320649326      -673.048828      -539.425293    
   35.0499992       5.25975302E-02  0.320649326      -685.647583      -548.484314    
   35.8300018       5.25975302E-02  0.320649326      -698.214355      -557.348206    
   36.6100006       5.25975302E-02  0.320649326      -710.749084      -566.017029    
   37.3899994       5.25975302E-02  0.320649326      -723.251770      -574.490784    
   38.1699982       5.25975302E-02  0.320649326      -735.722534      -582.769409    
   38.9500008       5.25975302E-02  0.320649326      -748.161316      -590.852966    
   39.7200012       5.25975302E-02  0.320649326      -760.408752      -598.639099    
   40.5000000       5.25975302E-02  0.320649326      -772.783508      -606.332520    
   41.2799988       5.25975302E-02  0.320649326      -785.126221      -613.830811    
   42.0600014       5.25975302E-02  0.320649326      -797.437012      -621.134033    
   42.8400002       5.25975302E-02  0.320649326      -809.715698      -628.242188    
   43.6199989       5.25975302E-02  0.320649326      -821.962402      -635.155273    
   44.4000015       5.25975302E-02  0.320649326      -834.177185      -641.873291    
   45.1800003       5.25975302E-02  0.320649326      -846.359924      -648.396179    
   45.9599991       5.25975302E-02  0.320649326      -858.510620      -654.723999    
   46.7400017       5.25975302E-02  0.320649326      -870.629395      -660.856750    
   47.5200005       5.25975302E-02  0.320649326      -882.716125      -666.794373    
   48.2999992       5.25975302E-02  0.320649326      -894.770813      -672.536926    
   49.0800018       5.25975302E-02  0.320649326      -906.793579      -678.084473    
   49.8600006       5.25975302E-02  0.320649326      -918.784302      -683.436829    
   50.6399994       5.25975302E-02  0.320649326      -930.743042      -688.594177    
   51.4199982       5.25975302E-02  0.320649326      -942.669739      -693.556396    
   52.2000008       5.25975302E-02  0.320649326      -954.564514      -698.323547    
   52.9799995       5.25975302E-02  0.320649326      -966.427246      -702.895630    
