   465.583832      -34.5768776    
   510.094299      -34.5768776    
 NaN NaN
   450.994690      -33.7634277    
   525.700439      -33.7634277    
 NaN NaN
   436.008301      -32.9499779    
   538.034668      -32.9499779    
 NaN NaN
   428.067841      -32.1365280    
   553.031982      -32.1365280    
 NaN NaN
   422.358337      -31.3230762    
   565.219360      -31.3230762    
 NaN NaN
   416.895782      -30.5096264    
   575.129883      -30.5096264    
 NaN NaN
   408.696869      -29.6961765    
   585.462891      -29.6961765    
 NaN NaN
   398.712738      -28.8827248    
   598.223022      -28.8827248    
 NaN NaN
   386.275024      -28.0692749    
   607.945129      -28.0692749    
 NaN NaN
   217.271042      -27.2558250    
   268.662476      -27.2558250    
 NaN NaN
   376.847656      -27.2558250    
   616.948853      -27.2558250    
 NaN NaN
   211.897934      -26.4423752    
   278.105225      -26.4423752    
 NaN NaN
   367.865295      -26.4423752    
   623.700562      -26.4423752    
 NaN NaN
   207.580750      -25.6289253    
   295.813843      -25.6289253    
 NaN NaN
   308.647400      -25.6289253    
   631.050171      -25.6289253    
 NaN NaN
   203.419312      -24.8154755    
   638.281494      -24.8154755    
 NaN NaN
   199.715469      -24.0020237    
   644.891785      -24.0020237    
 NaN NaN
   196.491165      -23.1885738    
   651.116943      -23.1885738    
 NaN NaN
   193.509964      -22.3751240    
   658.368164      -22.3751240    
 NaN NaN
   191.048172      -21.5616741    
   665.406677      -21.5616741    
 NaN NaN
   188.586380      -20.7482243    
   673.579956      -20.7482243    
 NaN NaN
   186.090134      -19.9347725    
   680.996826      -19.9347725    
 NaN NaN
   183.513794      -19.1213226    
   686.511841      -19.1213226    
 NaN NaN
   180.937454      -18.3078728    
   691.800415      -18.3078728    
 NaN NaN
   177.392273      -17.4944229    
   696.952881      -17.4944229    
 NaN NaN
   173.525436      -16.6809731    
   701.259521      -16.6809731    
 NaN NaN
   170.537033      -15.8675222    
   703.571777      -15.8675222    
 NaN NaN
   167.603760      -15.0540724    
   705.464417      -15.0540724    
 NaN NaN
   162.328140      -14.2406216    
   707.350037      -14.2406216    
 NaN NaN
   155.549759      -13.4271717    
   709.212341      -13.4271717    
 NaN NaN
   134.967606      -12.6137218    
   711.019775      -12.6137218    
 NaN NaN
   126.229927      -11.8002710    
   712.827209      -11.8002710    
 NaN NaN
   95.9785538      -10.9868212    
   714.469421      -10.9868212    
 NaN NaN
   90.9307632      -10.1733704    
   716.053101      -10.1733704    
 NaN NaN
   86.0835037      -9.35992050    
   717.636780      -9.35992050    
 NaN NaN
   81.2744064      -8.54647064    
   719.192139      -8.54647064    
 NaN NaN
   76.1450729      -7.73301983    
   721.108459      -7.73301983    
 NaN NaN
   74.0743484      -6.91956997    
   723.132874      -6.91956997    
 NaN NaN
   72.7183990      -6.10611963    
   725.442688      -6.10611963    
 NaN NaN
   71.3624573      -5.29266930    
   727.439453      -5.29266930    
 NaN NaN
   70.0065079      -4.47921944    
   728.369568      -4.47921944    
 NaN NaN
   68.6505585      -3.66576910    
   729.299622      -3.66576910    
 NaN NaN
   67.3674545      -2.85231876    
   730.229736      -2.85231876    
 NaN NaN
   66.1086044      -2.03886843    
   731.159790      -2.03886843    
 NaN NaN
   64.8497620      -1.22541833    
   732.070679      -1.22541833    
 NaN NaN
   63.5909157     -0.411968112    
   732.919250     -0.411968112    
 NaN NaN
   62.3320694      0.401482105    
   733.767822      0.401482105    
 NaN NaN
   60.7547760       1.21493232    
   734.616394       1.21493232    
 NaN NaN
   57.8488731       2.02838254    
   735.465027       2.02838254    
 NaN NaN
   54.9429665       2.84183264    
   736.313599       2.84183264    
 NaN NaN
   48.6990128       3.65528297    
   744.326538       3.65528297    
 NaN NaN
   0.00000000       4.46873331    
   2.98149490       4.46873331    
 NaN NaN
   26.0955162       4.46873331    
   753.944275       4.46873331    
 NaN NaN
   0.00000000       5.28218365    
   772.155945       5.28218365    
 NaN NaN
   772.155945       5.28218365    
   783.299377       5.28218365    
 NaN NaN
   0.00000000       6.09563351    
   783.299377       6.09563351    
 NaN NaN
   0.00000000       6.90908384    
   783.299377       6.90908384    
 NaN NaN
   0.00000000       7.72253418    
   783.299377       7.72253418    
 NaN NaN
   0.00000000       8.53598404    
   783.299377       8.53598404    
 NaN NaN
   0.00000000       9.34943485    
   783.299377       9.34943485    
 NaN NaN
   0.00000000       10.1628847    
   783.299377       10.1628847    
 NaN NaN
   0.00000000       10.9763346    
   783.299377       10.9763346    
 NaN NaN
   0.00000000       11.7897854    
   783.299377       11.7897854    
 NaN NaN
   0.00000000       12.6032352    
   783.299377       12.6032352    
 NaN NaN
   0.00000000       13.4166851    
   783.299377       13.4166851    
 NaN NaN
   0.00000000       14.2301359    
   783.299377       14.2301359    
 NaN NaN
   0.00000000       15.0435858    
   783.299377       15.0435858    
 NaN NaN
   0.00000000       15.8570366    
   783.299377       15.8570366    
 NaN NaN
   0.00000000       16.6704865    
   783.299377       16.6704865    
 NaN NaN
   0.00000000       17.4839363    
   783.299377       17.4839363    
 NaN NaN
   0.00000000       18.2973862    
   783.299377       18.2973862    
 NaN NaN
   0.00000000       19.1108379    
   783.299377       19.1108379    
 NaN NaN
   0.00000000       19.9242878    
   783.299377       19.9242878    
 NaN NaN
   0.00000000       20.7377377    
   783.299377       20.7377377    
 NaN NaN
   0.00000000       21.5511875    
   783.299377       21.5511875    
 NaN NaN
   0.00000000       22.3646374    
   783.299377       22.3646374    
 NaN NaN
   0.00000000       23.1780891    
   783.299377       23.1780891    
 NaN NaN
   0.00000000       23.9915390    
   783.299377       23.9915390    
 NaN NaN
   0.00000000       24.8049889    
   783.299377       24.8049889    
 NaN NaN
   0.00000000       25.6184387    
   783.299377       25.6184387    
 NaN NaN
   0.00000000       26.4318886    
   783.299377       26.4318886    
 NaN NaN
   0.00000000       27.2453384    
   783.299377       27.2453384    
 NaN NaN
   0.00000000       28.0587902    
   783.299377       28.0587902    
 NaN NaN
   0.00000000       28.8722401    
   783.299377       28.8722401    
 NaN NaN
   0.00000000       29.6856899    
   783.299377       29.6856899    
 NaN NaN
   0.00000000       30.4991398    
   783.299377       30.4991398    
 NaN NaN
   0.00000000       31.3125896    
   783.299377       31.3125896    
 NaN NaN
   0.00000000       32.1260414    
   783.299377       32.1260414    
 NaN NaN
   0.00000000       32.9394913    
   783.299377       32.9394913    
 NaN NaN
   0.00000000       33.7529411    
   783.299377       33.7529411    
 NaN NaN
   0.00000000       34.5663910    
   783.299377       34.5663910    
 NaN NaN
   0.00000000       35.3798409    
   783.299377       35.3798409    
 NaN NaN
   0.00000000       36.1932907    
   783.299377       36.1932907    
 NaN NaN
   0.00000000       37.0067406    
   783.299377       37.0067406    
 NaN NaN
   0.00000000       37.8201904    
   783.299377       37.8201904    
 NaN NaN
   0.00000000       38.6336441    
   783.299377       38.6336441    
 NaN NaN
   0.00000000       39.4470940    
   783.299377       39.4470940    
 NaN NaN
   0.00000000       40.2605438    
   783.299377       40.2605438    
 NaN NaN
   0.00000000       41.0739937    
   783.299377       41.0739937    
 NaN NaN
   0.00000000       41.8874435    
   783.299377       41.8874435    
 NaN NaN
   0.00000000       42.7008934    
   783.299377       42.7008934    
 NaN NaN
   0.00000000       43.5143433    
   783.299377       43.5143433    
 NaN NaN
   0.00000000       44.3277931    
   783.299377       44.3277931    
 NaN NaN
   0.00000000       45.1412430    
   783.299377       45.1412430    
 NaN NaN
   0.00000000       45.9546928    
   783.299377       45.9546928    
 NaN NaN
