 Elev(m)    dbdxp(-)    dbdxc(-)      I2p     I2c
  -16.9300003       0.00000000       0.00000000       0.00000000       0.00000000    
  -16.3700008      -6.08374365E-02  -1.01679433E-02  -4.76964610E-03  -7.97165208E-04
  -15.8100004      -6.58913031E-02   4.93497169E-03  -2.42444687E-02  -2.80176266E-03
  -15.2399998      -9.28357020E-02   7.45179318E-03  -6.66242093E-02  -4.28862870E-03
  -14.6800003     -0.174980104       5.48979193E-02 -0.141919598       1.26961721E-04
  -14.1099997     -0.207891643       2.87990570E-02 -0.269948483       1.61587503E-02
  -13.5500002     -0.216236785       1.48090702E-02 -0.459526390       4.20050807E-02
  -12.9899998     -0.274120301       4.24583927E-02 -0.720800161       7.57600889E-02
  -12.4200001     -0.259766817       7.03133643E-02  -1.06772637      0.123529062    
  -11.8599997     -0.267287999       9.17764530E-02  -1.49247873      0.192164272    
  -11.2900000     -0.206170425       1.88123714E-02  -2.00399351      0.283629954    
  -10.7299995     -0.273311526       4.75450009E-02  -2.58189654      0.387515754    
  -10.1700001     -0.325236738       5.59891053E-02  -3.24431610      0.504720867    
  -9.60000038     -0.312258542       5.08100213E-03  -4.01630831      0.637068868    
  -9.03999996     -0.324089020      -1.24472007E-02  -4.87550402      0.771389484    
  -8.47000027     -0.404383272      -1.98747795E-02  -5.85793400      0.904986680    
  -7.90999985     -0.465462923      -6.01492189E-02  -6.94944000       1.02738786    
  -7.34000015     -0.387899876     -0.192265257      -8.19675255       1.12579954    
  -6.78000021     -0.333344609     -0.266853034      -9.54680538       1.16635334    
  -6.21999979     -0.284641922     -0.293882847      -11.0018559       1.12695074    
  -5.65000010     -0.232886344     -0.313411981      -12.5727768      0.994485974    
  -5.09000015      0.154864892     -0.785119712      -14.1635408      0.729773223    
  -4.51999998      0.163049236     -0.766963542      -15.7640142      0.250987381    
  -3.96000004      0.208894730     -0.764987826      -17.2818851     -0.463321388    
  -3.40000010      0.200834587     -0.725594461      -18.7384739      -1.41459656    
  -2.82999992      0.185483128     -0.600000322      -20.1580906      -2.60573411    
  -2.26999998      0.171265855     -0.422695845      -21.4940128      -3.96190310    
  -1.70000005      0.150191694     -0.211123928      -22.8001213      -5.47359228    
  -1.13999999      0.106842294     -0.130690664      -24.0375175      -7.03612185    
 -0.579999983       9.36848372E-02  -6.02144711E-02  -25.2390423      -8.64041710    
  -9.99999978E-03   8.30097869E-02  -2.44847313E-02  -26.4321690      -10.2952347    
  0.550000012       7.19041377E-02  -8.96521471E-03  -27.5781212      -11.9303989    
   1.12000000       6.25511557E-02  -4.32406180E-03  -28.7216339      -13.5984755    
   1.67999995       6.02180175E-02  -1.07517326E-02  -29.8247337      -15.2395277    
   2.25000000       5.16897812E-02  -1.79255344E-02  -30.9289608      -16.9133377    
   2.80999994       6.13133311E-02  -2.17624381E-02  -31.9960289      -18.5631809    
   3.36999989       7.46142194E-02  -4.54710610E-02  -33.0435791      -20.2214069    
   3.94000006       5.11076115E-02  -3.13775390E-02  -34.0891342      -21.9206333    
   4.50000000       5.48844114E-02  -3.62438150E-02  -35.0980072      -23.6014824    
   5.07000017       8.12371448E-02  -7.31438324E-02  -36.1057663      -25.3263187    
   5.63000011       9.49893743E-02  -8.19355175E-02  -37.0711670      -27.0417786    
   6.19000006       4.02562357E-02 -0.112012468      -38.0121498      -28.7846031    
   6.76000023      -4.21692319E-02 -0.199421942      -38.9592934      -30.5984421    
   7.32000017       6.71608513E-03 -0.168361291      -39.8927536      -32.4341393    
   7.88999987      0.143576771     -0.203920752      -40.8339272      -34.3611488    
   8.44999981      0.143257633      -6.91992640E-02  -41.7241135      -36.3054657    
   9.02000046      0.141332328      -2.51804981E-02  -42.5849915      -38.3137016    
   9.57999992      0.136838242      -2.16360111E-02  -43.3862572      -40.2978973    
   10.1400003      0.126421303      -1.95438210E-02  -44.1450729      -42.2889938    
   10.7100000      0.155949444      -4.47153449E-02  -44.8742943      -44.3239708    
   11.2700005      0.167089522      -2.37298310E-02  -45.5428734      -46.3337402    
   11.8400002      0.167089522      -1.17835524E-02  -46.1714058      -48.3876419    
   12.3999996      0.167089522      -1.17835524E-02  -46.7360573      -50.4101906    
   12.9600000      0.167089522      -1.17835524E-02  -47.2483101      -52.4364395    
   13.5299997      0.167089522      -1.17835524E-02  -47.7168388      -54.5025940    
   14.0900002      0.167089522      -1.17835524E-02  -48.1242943      -56.5362320    
   14.6599998      0.167089522      -1.17835524E-02  -48.4861565      -58.6099091    
   15.2200003      0.167089522      -1.17835524E-02  -48.7888107      -60.6509399    
   15.7799997      0.167089522      -1.17835524E-02  -49.0390625      -62.6956596    
   16.3500004      0.167089522      -1.17835524E-02  -49.2409210      -64.7806244    
   16.9099998      0.167089522      -1.17835524E-02  -49.3863792      -66.8327332    
   17.4799995      0.167089522      -1.17835524E-02  -49.4815636      -68.9252167    
   18.0400009      0.167089522      -1.17835524E-02  -49.5222244      -70.9847260    
   18.6100006      0.167089522      -1.17835524E-02  -49.5107422      -73.0847321    
   19.1700001      0.167089522      -1.17835524E-02  -49.4466019      -75.1516266    
   19.7299995      0.167089522      -1.17835524E-02  -49.3300591      -77.2222137    
   20.2999992      0.167089522      -1.17835524E-02  -49.1585732      -79.3335037    
   20.8600006      0.167089522      -1.17835524E-02  -48.9372368      -81.4114914    
   21.4300003      0.167089522      -1.17835524E-02  -48.6590767      -83.5303040    
   21.9899998      0.167089522      -1.17835524E-02  -48.3329430      -85.6156769    
   22.5499992      0.167089522      -1.17835524E-02  -47.9544067      -87.7047348    
   23.1200008      0.167089522      -1.17835524E-02  -47.5162430      -89.8348465    
   23.6800003      0.167089522      -1.17835524E-02  -47.0329094      -91.9312973    
   24.2500000      0.167089522      -1.17835524E-02  -46.4880791      -94.0689163    
   24.8099995      0.167089522      -1.17835524E-02  -45.8999443      -96.1727600    
   25.3700008      0.167089522      -1.17835524E-02  -45.2594109      -98.2803116    
   25.9400005      0.167089522      -1.17835524E-02  -44.5545769      -100.429214    
   26.5000000      0.167089522      -1.17835524E-02  -43.8092461      -102.544144    
   27.0699997      0.167089522      -1.17835524E-02  -42.9977417      -104.700577    
   27.6299992      0.167089522      -1.17835524E-02  -42.1476135      -106.822899    
   28.2000008      0.167089522      -1.17835524E-02  -41.2294350      -108.986855    
   28.7600002      0.167089522      -1.17835524E-02  -40.2745056      -111.116562    
   29.3199997      0.167089522      -1.17835524E-02  -39.2671814      -113.249969    
   29.8899994      0.167089522      -1.17835524E-02  -38.1890030      -115.425209    
   30.4500008      0.167089522      -1.17835524E-02  -37.0768738      -117.566010    
   31.0200005      0.167089522      -1.17835524E-02  -35.8920250      -119.748772    
   31.5799999      0.167089522      -1.17835524E-02  -34.6751022      -121.896957    
   32.1399994      0.167089522      -1.17835524E-02  -33.4057808      -124.048843    
   32.7099991      0.167089522      -1.17835524E-02  -32.0609245      -126.242882    
   33.2700005      0.167089522      -1.17835524E-02  -30.6868000      -128.402161    
   33.8400002      0.167089522      -1.17835524E-02  -29.2352753      -130.603729    
   34.4000015      0.167089522      -1.17835524E-02  -27.7563534      -132.770401    
   34.9599991      0.167089522      -1.17835524E-02  -26.2250404      -134.940750    
   35.5299988      0.167089522      -1.17835524E-02  -24.6135120      -137.153595    
   36.0900002      0.167089522      -1.17835524E-02  -22.9773903      -139.331360    
   36.6599998      0.167089522      -1.17835524E-02  -21.2591915      -141.551727    
   37.2200012      0.167089522      -1.17835524E-02  -19.5182705      -143.736877    
   37.7900009      0.167089522      -1.17835524E-02  -17.6934013      -145.964767    
   38.3499985      0.167089522      -1.17835524E-02  -15.8476963      -148.157288    
   38.9099998      0.167089522      -1.17835524E-02  -13.9495783      -150.353531    
   39.4799995      0.167089522      -1.17835524E-02  -11.9647045      -152.592712    
