 Elev(m)    dbdxp(-)    dbdxc(-)      I2p     I2c
  -24.6900005       0.00000000       0.00000000       0.00000000       0.00000000    
  -23.9799995      -3.50099825E-03  -6.24685502E-03  -4.41214535E-04  -7.87262106E-04
  -23.2600002      -8.10830761E-03  -1.06720980E-02  -2.79913703E-03  -4.51617595E-03
  -22.5499992      -1.31119909E-02  -9.79778729E-03  -9.28199571E-03  -1.29348589E-02
  -21.8299999      -4.17022668E-02  -1.06376596E-02  -2.54760869E-02  -2.66635306E-02
  -21.1100006     -0.132283211      -1.92189272E-02  -7.06993043E-02  -4.68028076E-02
  -20.3999996      -5.09243160E-02  -8.18932876E-02 -0.160614386      -8.32200646E-02
  -19.6800003      -7.11145699E-02  -5.04040159E-02 -0.290589601     -0.149745107    
  -18.9699993      -9.39939395E-02  -4.66525815E-02 -0.455161303     -0.244482279    
  -18.2500000     -0.119844489      -4.31621559E-02 -0.670100510     -0.364276320    
  -17.5400009      -7.66956657E-02  -7.69947544E-02 -0.934146583     -0.509025455    
  -16.8199997      -5.13628870E-02  -8.71397182E-02  -1.24316895     -0.691854835    
  -16.1000004      -6.59449026E-02  -6.18826896E-02  -1.58356738     -0.914732158    
  -15.3900003      -9.05112699E-02  -4.92013767E-02  -1.95394492      -1.16755486    
  -14.6700001     -0.116874114      -6.94928020E-02  -2.37566996      -1.45309365    
  -13.9600000     -0.163485050     -0.103453599      -2.85336900      -1.77162838    
  -13.2399998     -0.402702510     -0.101192296      -3.44497991      -2.14254260    
  -12.5299997     -0.383729845     -0.223757133      -4.19982910      -2.57540584    
  -11.8100004     -0.392316282     -0.393877089      -5.16361666      -3.13373137    
  -11.1000004     -0.276579469     -0.450877160      -6.29747677      -3.86968160    
  -10.3800001      -5.77778295E-02 -0.570598841      -7.57492971      -4.85268927    
  -9.65999985      -4.85140570E-02 -0.524094701      -8.90910149      -6.10601377    
  -8.94999981      -3.60238329E-02 -0.493285179      -10.2489796      -7.61002111    
  -8.22999954      -1.35619817E-02 -0.445146769      -11.6247816      -9.38350010    
  -7.51999998       3.15941498E-03 -0.331623673      -12.9891205      -11.3501463    
  -6.80000019       1.49367945E-02 -0.261897862      -14.3717260      -13.5185623    
  -6.09000015       1.80988032E-02 -0.233601809      -15.7286520      -15.7951450    
  -5.36999989       1.78607889E-02 -0.209628046      -17.0959377      -18.2229767    
  -4.65000010       1.95336677E-02 -0.184760451      -18.4538498      -20.7579403    
  -3.94000006       2.62142047E-02 -0.167289063      -19.7823582      -23.3524590    
  -3.22000003       3.43096592E-02 -0.158692598      -21.1161060      -26.0695934    
  -2.50999999       4.01241295E-02 -0.155076995      -22.4142132      -28.8301830    
  -1.78999996       4.86806445E-02 -0.157729790      -23.7098999      -31.7091789    
  -1.08000004       5.62827140E-02 -0.157503679      -24.9630165      -34.6278839    
 -0.360000014       5.54782972E-02 -0.146150678      -26.2062836      -37.6662483    
  0.349999994       5.48446588E-02 -0.134790182      -27.4040985      -40.7366257    
   1.07000005       5.32054976E-02 -0.123946853      -28.5910683      -43.9187546    
   1.78999996       5.26692159E-02 -0.115221590      -29.7506943      -47.1645508    
   2.50000000       5.18945269E-02 -0.109632999      -30.8675098      -50.4241638    
   3.22000003       5.30572608E-02 -0.110735565      -31.9734631      -53.7861977    
   3.93000007       5.65115511E-02 -0.110480919      -33.0368385      -57.1575699    
   4.65000010      -2.73480117E-02 -0.106178202      -34.0975113      -60.6320038    
   5.36000013      -1.23874762E-03 -0.243203893      -35.1433334      -64.1298981    
   6.07999992      -3.25527862E-02 -0.344046146      -36.2117920      -67.7957153    
   6.78999996      -7.63259269E-03 -0.490593970      -37.2747955      -71.5908432    
   7.51000023       2.73729507E-02 -0.521435440      -38.3554192      -75.6736298    
   8.22999954       7.26202577E-02 -0.463988096      -39.4208794      -80.0117340    
   8.93999958       7.14922324E-02 -0.291200608      -40.4406052      -84.5106812    
   9.65999985       6.84146211E-02  -7.45883361E-02  -41.4386482      -89.2155991    
   10.3699999       5.71972616E-02   4.12563467E-03  -42.3891182      -93.9107971    
   11.0900002       8.76971036E-02   7.97942188E-03  -43.3186607      -98.6795959    
   11.8000002       8.76971036E-02   4.98350747E-02  -44.1946793      -103.373337    
   12.5200005       8.76971036E-02   9.50344875E-02  -45.0385132      -108.107536    
   13.2399998       8.76971036E-02  0.121659391      -45.8375168      -112.795647    
   13.9499998       8.76971036E-02  0.121659391      -46.5809059      -117.360306    
   14.6700001       8.76971036E-02  0.121659391      -47.2902489      -121.927490    
   15.3800001       8.76971036E-02  0.121659391      -47.9452248      -126.369484    
   16.1000004       8.76971036E-02  0.121659391      -48.5649071      -130.812286    
   16.8099995       8.76971036E-02  0.121659391      -49.1314659      -135.131622    
   17.5300007       8.76971036E-02  0.121659391      -49.6614838      -139.450043    
   18.2399998       8.76971036E-02  0.121659391      -50.1396255      -143.646713    
   18.9599991       8.76971036E-02  0.121659391      -50.5799828      -147.840744    
   19.6800003       8.76971036E-02  0.121659391      -50.9755096      -151.972595    
   20.3899994       8.76971036E-02  0.121659391      -51.3210258      -155.985275    
   21.1100006       8.76971036E-02  0.121659391      -51.6268921      -159.992737    
   21.8199997       8.76971036E-02  0.121659391      -51.8839951      -163.882767    
   22.5400009       8.76971036E-02  0.121659391      -52.1001968      -167.765854    
   23.2500000       8.76971036E-02  0.121659391      -52.2688828      -171.533218    
   23.9699993       8.76971036E-02  0.121659391      -52.3954239      -175.291901    
   24.6900005       8.76971036E-02  0.121659391      -52.4771347      -178.988403    
   25.3999996       8.76971036E-02  0.121659391      -52.5131950      -182.571793    
   26.1200008       8.76971036E-02  0.121659391      -52.5052452      -186.143906    
   26.8299999       8.76971036E-02  0.121659391      -52.4528885      -189.604645    
   27.5499992       8.76971036E-02  0.121659391      -52.3552742      -193.052353    
   28.2600002       8.76971036E-02  0.121659391      -52.2145042      -196.390442    
   28.9799995       8.76971036E-02  0.121659391      -52.0272293      -199.713776    
   29.6900005       8.76971036E-02  0.121659391      -51.7980423      -202.929199    
   30.4099998       8.76971036E-02  0.121659391      -51.5211067      -206.128159    
   31.1299992       8.76971036E-02  0.121659391      -51.1993408      -209.264908    
   31.8400002       8.76971036E-02  0.121659391      -50.8375244      -212.296356    
   32.5600014       8.76971036E-02  0.121659391      -50.4260979      -215.308731    
   33.2700005       8.76971036E-02  0.121659391      -49.9758682      -218.217514    
   33.9900017       8.76971036E-02  0.121659391      -49.4747772      -221.105499    
   34.7000008       8.76971036E-02  0.121659391      -48.9361305      -223.891632    
   35.4199982       8.76971036E-02  0.121659391      -48.3453827      -226.655228    
   36.1300011       8.76971036E-02  0.121659391      -47.7183189      -229.318695    
   36.8499985       8.76971036E-02  0.121659391      -47.0379066      -231.957916    
   37.5699997       8.76971036E-02  0.121659391      -46.3126640      -234.534943    
   38.2799988       8.76971036E-02  0.121659391      -45.5529785      -237.014420    
   39.0000000       8.76971036E-02  0.121659391      -44.7380714      -239.467072    
   39.7099991       8.76971036E-02  0.121659391      -43.8899689      -241.823898    
   40.4300003       8.76971036E-02  0.121659391      -42.9853973      -244.152161    
   41.1399994       8.76971036E-02  0.121659391      -42.0488815      -246.386322    
   41.8600006       8.76971036E-02  0.121659391      -41.0546494      -248.590195    
   42.5800018       8.76971036E-02  0.121659391      -40.0155907      -250.731888    
   43.2900009       8.76971036E-02  0.121659391      -38.9464455      -252.782059    
   44.0099983       8.76971036E-02  0.121659391      -37.8177299      -254.799347    
   44.7200012       8.76971036E-02  0.121659391      -36.6601639      -256.726868    
   45.4399986       8.76971036E-02  0.121659391      -35.4417839      -258.619781    
   46.1500015       8.76971036E-02  0.121659391      -34.1958046      -260.424652    
   46.8699989       8.76971036E-02  0.121659391      -32.8877640      -262.193176    
