	RS=94.440* 
0	3.877056081
8.662416023	4.56895193
9.902952512	4.64515193
17.32787953	5.096255791
19.80590502	5.050535907
25.99334363	4.937760233
29.70885637	4.4958
34.65880772	3.864864093
38.78884865	3.465575965
39.60875907	3.386327895
43.32122549	2.938272105
49.51171274	2.471927895
51.98668726	2.231136052
55.61381005	1.990344064
59.41466177	1.737359942
60.65215367	1.667255936
69.31761544	1.313687983
78.05623088	-2.932175965
79.02854363	-3.782567953
86.79485098	-12.32611158
88.73947646	-12.86865637
95.53651274	-15.48079228
98.4504	-16.62988842
104.2751235	-16.52320772
108.1613235	-16.51406409
113.0167946	-16.58112047
117.8753073	-16.63598456
121.7554054	-16.93468842
127.5831799	-17.6784
130.4970765	-18.15388842
137.2941127	-19.86076912
139.2356873	-20.28748726
147.0050363	-21.21103088
147.977349	-21.29942316
156.7159598	-21.90902316
165.4545892	-22.13457684
166.426902	-22.19858456
174.196251	-22.69540772
176.1378255	-22.99411274
182.9348618	-24.08834363
185.848749	-24.58516912
191.6765235	-25.75255135
195.5596726	-26.87116912
200.4151529	-28.38297684
205.2706147	-29.51073591
209.1598471	-30.29712047
214.9845892	-31.31210502
217.8984765	-31.81502316
224.6924618	-32.94583088
226.6401382	-33.26892047
234.4033853	-33.82975135
235.378749	-33.87242316
244.1173598	-34.09797684
253.066302	-33.91204865
253.206498	-33.909
262.0152255	-33.51580772
262.2925853	-33.50361544
270.9672	-33.05860772
271.3817235	-33.03422316
279.9191745	-32.5374
280.4678108	-32.50692047
288.868098	-32.10153591
289.556949	-32.06800772
297.8170402	-31.73882316
298.6430363	-31.71139228
306.7720471	-31.44621544
307.7321745	-31.40964093
315.7209706	-30.90976912
316.8182804	-30.83966409
324.6698941	-30.30321544
325.9074	-30.21482316
333.6249196	-29.62351274
334.9965196	-29.51378456
342.5738804	-29.24251274
344.0826255	-29.20593591
351.5228039	-28.94685637
353.1717451	-28.88284865
360.4747784	-28.62376912
362.257851	-28.56585637
369.4267529	-28.34335135
371.3469706	-28.2702
378.3756765	-27.84347953
380.4330765	-27.67584093
387.3246	-27.22168726
389.5221961	-27.10586409
396.2796255	-26.65475907
398.608302	-26.51455135
405.228549	-26.20060772
407.6974216	-26.10002316
414.1774726	-25.87142316
416.7835274	-25.76169498
423.132498	-25.47213591
425.8726471	-25.34716912
432.0814216	-25.22829498
434.9618039	-25.18257684
441.0303451	-25.13990502
444.0478726	-25.12161544
449.9823196	-25.09723088
453.1370294	-25.09418456
458.9342941	-25.05760772
462.223098	-25.02407953
467.8832549	-24.95702316
471.3122549	-24.91435135
476.8352294	-24.87472819
480.3983235	-24.85034363
485.7872039	-24.84729498
489.4874804	-24.86558456
494.7361274	-24.99664865
498.573549	-25.10942316
503.688102	-25.25572819
507.6627059	-25.36545637
512.6370255	-25.49042316
516.7518255	-25.57272047
521.589	-25.65501544
525.8409451	-25.73121544
530.5409745	-25.77084093
534.927051	-25.81960772
539.489898	-25.82570502
544.0131196	-25.81960772
548.4418726	-25.81351274
553.1022765	-25.81351274
557.3907961	-25.82875135
562.1883451	-25.86227953
566.3427706	-25.88361544
571.277502	-25.908
575.2947451	-25.89580772
580.3635706	-25.87752047
584.2437059	-25.88361544
589.4527274	-25.89275907
593.1956804	-25.91714363
598.5387961	-25.95372047
602.1446039	-25.87142316
607.6310039	-25.69768726
611.0965784	-25.50871274
616.7170726	-25.17343088
620.0485529	-24.99969498
625.8061922	-24.70404093
628.9974393	-24.57297684
634.892298	-24.31999228
637.949451	-24.10967953
643.9814549	-23.67076912
646.9013883	-23.35072819
653.0675607	-22.66797684
655.850349	-22.34184093
662.1566432	-21.57374363
664.7993098	-21.19884093
671.242749	-20.16556912
672.8947412	-19.79371274
673.754298	-19.60168726
680.3319059	-18.08987953
682.7032588	-17.51076023
687.1716	-16.49882433
689.4180117	-15.98980772
691.6521451	-15.63928842
698.5040432	-14.56334363
700.6072078	-13.11249614
707.596251	-7.254239767
708.6416941	-6.288023744
716.6823568	3.255264093
725.4148471	3.28269614
734.1503883	3.419856081
742.8829529	3.621024035
751.6154432	4.401311872
760.3510588	5.443728186
	
