 Elev(m)    dbdxp(-)    dbdxc(-)      I2p     I2c
  -38.1800003       0.00000000       0.00000000       0.00000000       0.00000000    
  -37.3100014      -7.22414954E-03   2.52703833E-03  -1.36698631E-03   4.78177652E-04
  -36.4300003      -4.53800336E-03  -2.39750580E-03  -6.35807868E-03   1.47003867E-03
  -35.5600014      -6.20137341E-03  -4.88782767E-03  -1.55755803E-02   1.09685154E-03
  -34.6899986      -5.21446299E-03  -6.01490820E-03  -2.89854426E-02  -2.71797203E-03
  -33.8100014      -8.36268160E-03  -2.00638059E-03  -4.73034754E-02  -1.01812286E-02
  -32.9399986      -1.08041875E-02   9.89930821E-04  -7.16386363E-02  -1.92871355E-02
  -32.0699997      -5.65684261E-03  -4.42246161E-03 -0.102715373      -2.92348601E-02
  -31.1900005      -1.21846488E-02  -4.71281447E-03 -0.140676007      -4.16825302E-02
  -30.3199997      -5.22944704E-03  -2.18963507E-03 -0.184914947      -5.70431538E-02
  -29.4500008      -1.54689588E-02  -2.14176755E-02 -0.236365601      -7.81769454E-02
  -28.5699997      -2.14796104E-02  -2.24201176E-02 -0.299361020     -0.112367325    
  -27.7000008      -2.72850525E-02  -2.57814396E-02 -0.377938956     -0.163679481    
  -26.8299999      -3.10879461E-02  -2.84715816E-02 -0.476790160     -0.234378695    
  -25.9500008      -3.55858505E-02  -3.20219845E-02 -0.600566268     -0.327721298    
  -25.0799999      -3.72261740E-02  -3.60316522E-02 -0.749473631     -0.444457769    
  -24.2099991      -3.61947156E-02  -4.05350737E-02 -0.926051915     -0.588559985    
  -23.3400002      -4.39720303E-02  -4.00871783E-02  -1.13169241     -0.762405992    
  -22.4599991      -4.96752039E-02  -4.23636734E-02  -1.37276137     -0.969283402    
  -21.5900002      -4.53622416E-02  -5.11791036E-02  -1.64699543      -1.20728910    
  -20.7199993      -4.41845618E-02  -5.03070913E-02  -1.95615804      -1.48219967    
  -19.8400002      -4.94386032E-02  -4.68776524E-02  -2.30372882      -1.79808378    
  -18.9699993      -5.05983010E-02  -5.22602201E-02  -2.68419695      -2.14773703    
  -18.1000004      -4.99453880E-02  -5.48839569E-02  -3.10261917      -2.53642297    
  -17.2199993      -4.64534461E-02  -5.05483560E-02  -3.56333709      -2.97003555    
  -16.3500004      -4.13533337E-02  -4.65704612E-02  -4.05388165      -3.43727398    
  -15.4799995      -4.00476977E-02  -4.02344465E-02  -4.57644606      -3.93931627    
  -14.6000004      -3.95036191E-02  -3.76985185E-02  -5.13564873      -4.47848940    
  -13.7299995      -4.25817221E-02  -3.95313986E-02  -5.71925497      -5.04106522    
  -12.8599997      -4.63904664E-02  -4.34191972E-02  -6.33522892      -5.63395023    
  -11.9799995      -5.24191931E-02  -4.56857011E-02  -6.99400949      -6.26638794    
  -11.1099997      -6.13418408E-02  -5.14927655E-02  -7.68573999      -6.92707920    
  -10.2399998      -7.71557093E-02  -5.89485206E-02  -8.42520332      -7.62705803    
  -9.35999966     -0.108760625      -6.58180565E-02  -9.23485565      -8.37982941    
  -8.48999977     -0.133086726      -7.88879395E-02  -10.1166506      -9.17530632    
  -7.61999989     -0.136018038      -9.59966928E-02  -11.0951300      -10.0312567    
  -6.73999977     -0.260780424     -0.111863941      -12.2114468      -10.9698515    
  -5.86999989     -0.293719888     -0.118908897      -13.4959402      -11.9812279    
  -5.00000000     -0.258005708     -0.130870640      -14.9897594      -13.0835361    
  -4.11999989     -0.171345592     -0.194459870      -16.6875935      -14.3078833    
  -3.25000000      -7.83802941E-02 -0.260607660      -18.4955559      -15.6666880    
  -2.38000011      -7.89512992E-02 -0.226169243      -20.3805428      -17.2037125    
  -1.50999999     -0.224869117     -0.168042883      -22.3527908      -18.9074421    
 -0.629999995     -0.265102625      -8.46204087E-02  -24.4985752      -20.7540169    
  0.239999995     -0.255630761      -8.96159708E-02  -26.8122787      -22.6609306    
   1.11000001      -9.79256630E-02 -0.275511384      -29.2914200      -24.6699066    
   1.99000001     -0.739124537     -0.369503200      -32.0251198      -26.8939114    
   2.85999990      -1.89212784E-02 -0.780127645      -35.0313835      -29.4336224    
   3.73000002      -1.68454237E-02  -5.31540178E-02  -38.1878586      -32.3485489    
   4.61000013      -2.06995476E-02  -1.55553892E-02  -41.3945656      -35.4694710    
   5.48000002      -7.43159233E-03  -1.77903082E-02  -44.5773392      -38.5743904    
   6.34999990      -7.43159233E-03  -7.42892828E-03  -47.7682457      -41.6903877    
   7.23000002      -7.43159233E-03  -7.42892828E-03  -51.0014915      -44.8498421    
   8.10000038      -7.43159233E-03  -7.42892828E-03  -54.2036514      -47.9790497    
   8.97000027      -7.43159233E-03  -7.42892828E-03  -57.4114380      -51.1138763    
   9.85000038      -7.43159233E-03  -7.42892828E-03  -60.6617508      -54.2903938    
   10.7200003      -7.43159233E-03  -7.42892828E-03  -63.8807869      -57.4364662    
   11.5900002      -7.43159233E-03  -7.42892828E-03  -67.1054459      -60.5881653    
   12.4700003      -7.43159233E-03  -7.42892828E-03  -70.3728256      -63.7817459    
   13.3400002      -7.43159233E-03  -7.42892828E-03  -73.6087341      -66.9446869    
   14.2100000      -7.43159233E-03  -7.42892828E-03  -76.8502731      -70.1132507    
   15.0900002      -7.43159233E-03  -7.42892828E-03  -80.1347198      -73.3238983    
   15.9600000      -7.43159233E-03  -7.42892828E-03  -83.3875046      -76.5037079    
   16.8299999      -7.43159233E-03  -7.42892828E-03  -86.6459122      -79.6891403    
   17.7000008      -7.43159233E-03  -7.42892828E-03  -89.9099503      -82.8802032    
   18.5799999      -7.43159233E-03  -7.42892828E-03  -93.2171555      -86.1135941    
   19.4500008      -7.43159233E-03  -7.42892828E-03  -96.4924469      -89.3159027    
   20.3199997      -7.43159233E-03  -7.42892828E-03  -99.7733536      -92.5238266    
   21.2000008      -7.43159233E-03  -7.42892828E-03  -103.097633      -95.7742844    
   22.0699997      -7.43159233E-03  -7.42892828E-03  -106.389786      -98.9934540    
   22.9400005      -7.43159233E-03  -7.42892828E-03  -109.687576      -102.218246    
   23.8199997      -7.43159233E-03  -7.42892828E-03  -113.028915      -105.485764    
   24.6900005      -7.43159233E-03  -7.42892828E-03  -116.337959      -108.721809    
   25.5599995      -7.43159233E-03  -7.42892828E-03  -119.652611      -111.963470    
   26.4400005      -7.43159233E-03  -7.42892828E-03  -123.011032      -115.248055    
   27.3099995      -7.43159233E-03  -7.42892828E-03  -126.336937      -118.500961    
   28.1800003      -7.43159233E-03  -7.42892828E-03  -129.668472      -121.759499    
   29.0599995      -7.43159233E-03  -7.42892828E-03  -133.043961      -125.061134    
   29.9300003      -7.43159233E-03  -7.42892828E-03  -136.386749      -128.330917    
   30.7999992      -7.43159233E-03  -7.42892828E-03  -139.735153      -131.606323    
   31.6800003      -7.43159233E-03  -7.42892828E-03  -143.127701      -134.925034    
   32.5499992      -7.43159233E-03  -7.42892828E-03  -146.487366      -138.211670    
   33.4199982      -7.43159233E-03  -7.42892828E-03  -149.852646      -141.503937    
   34.2999992      -7.43159233E-03  -7.42892828E-03  -153.262268      -144.839706    
   35.1699982      -7.43159233E-03  -7.42892828E-03  -156.638794      -148.143219    
   36.0400009      -7.43159233E-03  -7.42892828E-03  -160.020966      -151.452377    
   36.9199982      -7.43159233E-03  -7.42892828E-03  -163.447647      -154.805191    
   37.7900009      -7.43159233E-03  -7.42892828E-03  -166.841064      -158.125595    
   38.6599998      -7.43159233E-03  -7.42892828E-03  -170.240097      -161.451599    
   39.5299988      -7.43159233E-03  -7.42892828E-03  -173.644745      -164.783234    
   40.4099998      -7.43159233E-03  -7.42892828E-03  -177.094208      -168.158813    
   41.2799988      -7.43159233E-03  -7.42892828E-03  -180.510101      -171.501678    
   42.1500015      -7.43159233E-03  -7.42892828E-03  -183.931656      -174.850189    
   43.0299988      -7.43159233E-03  -7.42892828E-03  -187.398163      -178.242828    
   43.9000015      -7.43159233E-03  -7.42892828E-03  -190.830948      -181.602585    
   44.7700005      -7.43159233E-03  -7.42892828E-03  -194.269363      -184.967957    
   45.6500015      -7.43159233E-03  -7.42892828E-03  -197.752945      -188.377670    
   46.5200005      -7.43159233E-03  -7.42892828E-03  -201.202606      -191.754272    
   47.3899994      -7.43159233E-03  -7.42892828E-03  -204.657883      -195.136505    
   48.2700005      -7.43159233E-03  -7.42892828E-03  -208.158539      -198.563278    
   49.1399994      -7.43159233E-03  -7.42892828E-03  -211.625076      -201.956772    
