 Elev(m)    dbdxp(-)    dbdxc(-)      I2p     I2c
  -26.9799995       0.00000000       0.00000000       0.00000000       0.00000000    
  -26.1900005       3.06207174E-03   1.15550170E-02   4.77758556E-04   1.80286705E-03
  -25.3999996       2.63501471E-03   7.46266171E-03   2.32216367E-03   8.37583560E-03
  -24.6100006       2.08984921E-03   8.05428717E-03   5.79264713E-03   2.03370471E-02
  -23.8199997       3.13172373E-03   1.50649697E-02   1.08150300E-02   3.83264907E-02
  -23.0300007       1.13487551E-02   1.85084194E-02   1.89114064E-02   6.51613474E-02
  -22.2399998       2.57838052E-02   7.73141533E-03   3.50607149E-02  0.101328619    
  -21.4500008       4.01340723E-02  -3.94602120E-03   6.72883987E-02  0.142180488    
  -20.6599998       3.07206456E-02   3.22523969E-03  0.120856076      0.183510616    
  -19.8700008       2.12171935E-02   1.91117898E-02  0.193582311      0.228213295    
  -19.0799999       1.59625299E-02   2.58647390E-02  0.280213267      0.283418685    
  -18.2900009       1.41948462E-02   3.75672616E-02  0.377350301      0.355538338    
  -17.5000000       1.18986461E-02   5.17065898E-02  0.483264089      0.451484054    
  -16.7099991       5.60813025E-02   1.36298044E-02  0.603855669      0.571552873    
  -15.9200001       4.50674482E-02   5.23685589E-02  0.750835180      0.712112844    
  -15.1300001       2.36726031E-02   6.19110055E-02  0.924321771      0.880800784    
  -14.3400002       6.73733745E-03   8.98357183E-02   1.11327815       1.09099543    
  -13.5500002      -4.17831214E-03  0.111677229       1.30737865       1.35630739    
  -12.7600002      -1.56992879E-02  0.118449301       1.49877691       1.68896580    
  -11.9700003       5.14284074E-02   6.24883249E-02   1.69264841       2.08576035    
  -11.1800003      -1.56602822E-02  0.133868724       1.89767528       2.54142213    
  -10.3900003      -3.51355337E-02  0.142172173       2.10035753       3.07078981    
  -9.60000038      -7.66404392E-03  0.132563323       2.28843641       3.68609238    
  -8.81000042       2.05062181E-02  0.140346721       2.47184134       4.38684130    
  -8.02000046      -2.99797696E-03  0.161335096       2.65998173       5.17724037    
  -7.23000002       1.47537258E-03  0.137575820       2.85061622       6.06134748    
  -6.44000006       4.06752527E-02  0.110333785       3.04758954       7.03077173    
  -5.65000010       3.58625911E-02  0.132305279       3.26308131       8.07673359    
  -4.86000013       1.28555773E-02  0.128932714       3.49811625       9.20131302    
  -4.07000017      -8.50756280E-03  0.128392383       3.74143052       10.4068012    
  -3.27999997      -1.39346085E-02  0.122253262       3.98192191       11.6915455    
  -2.49000001      -2.61561144E-02  0.117942385       4.21265650       13.0528727    
  -1.70000005      -3.54244709E-02  0.124136843       4.42752790       14.4894476    
 -0.910000026      -5.05007766E-02  0.136446580       4.61938477       16.0044498    
 -0.119999997      -7.43049085E-02  0.142532095       4.77836275       17.6036377    
  0.670000017      -9.43410248E-02  0.169412181       4.89155436       19.2950230    
   1.46000004     -0.118086375      0.207487509       4.94528961       21.0938854    
   2.25999999     -0.142010108      0.228502050       4.92555952       23.0430946    
   3.04999995     -0.145332977      0.235324442       4.82015514       25.1091805    
   3.83999991     -0.148416460      0.241966039       4.62408543       27.3221054    
   4.63000011     -0.151760399      0.247706026       4.33534908       29.6859016    
   5.42000008     -0.155160904      0.252266258       3.95188999       32.2041054    
   6.21000004      -7.73721188E-02  0.203676894       3.48426270       34.8714561    
   7.00000000      -3.65238376E-02  0.349164933       2.96258378       37.6962013    
   7.78999996      -5.39417751E-02  0.745017886       2.40901947       40.7779236    
   8.57999992      0.150616303      0.764731586       1.85642385       44.2659225    
   9.36999989       1.07233943E-02  0.501308680       1.34408498       48.1870155    
   10.1599998       6.69376627E-02   1.30618513E-02  0.869036019       52.3858948    
   10.9499998       6.53448999E-02   1.36957644E-02  0.426743478       56.6692047    
   11.7399998       6.63072839E-02   1.69437472E-02   2.56313365E-02   60.9614716    
   12.5299997       6.69384003E-02  -6.85753953E-03 -0.334150195       65.2600937    
   13.3199997       6.69384003E-02  -6.85753953E-03 -0.652253985       69.5581436    
   14.1099997       6.69384003E-02  -6.85753953E-03 -0.928581536       73.8519211    
   14.8999996       6.69384003E-02  -6.85753953E-03  -1.16313291       78.1414108    
   15.6899996       6.69384003E-02  -6.85753953E-03  -1.35590816       82.4266281    
   16.4799995       6.69384003E-02  -6.85753953E-03  -1.50690711       86.7075653    
   17.2700005       6.69384003E-02  -6.85753953E-03  -1.61612999       90.9842224    
   18.0599995       6.69384003E-02  -6.85753953E-03  -1.68357646       95.2565918    
   18.8500004       6.69384003E-02  -6.85753953E-03  -1.70924699       99.5246887    
   19.6399994       6.69384003E-02  -6.85753953E-03  -1.69314110       103.788506    
   20.4300003       6.69384003E-02  -6.85753953E-03  -1.63525903       108.048042    
   21.2199993       6.69384003E-02  -6.85753953E-03  -1.53560090       112.303291    
   22.0100002       6.69384003E-02  -6.85753953E-03  -1.39416635       116.554276    
   22.7999992       6.69384003E-02  -6.85753953E-03  -1.21095586       120.800964    
   23.5900002       6.69384003E-02  -6.85753953E-03 -0.985968828       125.043388    
   24.3799992       6.69384003E-02  -6.85753953E-03 -0.719206095       129.281525    
   25.1700001       6.69384003E-02  -6.85753953E-03 -0.410666525       133.515381    
   25.9599991       6.69384003E-02  -6.85753953E-03  -6.03514947E-02   137.744949    
   26.7500000       6.69384003E-02  -6.85753953E-03  0.331740588       141.970261    
   27.5400009       6.69384003E-02  -6.85753953E-03  0.765608907       146.191284    
   28.3299999       6.69384003E-02  -6.85753953E-03   1.24125242       150.408005    
   29.1200008       6.69384003E-02  -6.85753953E-03   1.75867319       154.620468    
   29.9099998       6.69384003E-02  -6.85753953E-03   2.31786895       158.828644    
   30.7000008       6.69384003E-02  -6.85753953E-03   2.91884232       163.032547    
   31.4899998       6.69384003E-02  -6.85753953E-03   3.56159043       167.232162    
   32.2799988       6.69384003E-02  -6.85753953E-03   4.24611473       171.427490    
   33.0699997       6.69384003E-02  -6.85753953E-03   4.97241688       175.618561    
   33.8600006       6.69384003E-02  -6.85753953E-03   5.74049520       179.805344    
   34.6500015       6.69384003E-02  -6.85753953E-03   6.55034971       183.987854    
   35.4399986       6.69384003E-02  -6.85753953E-03   7.40197659       188.166061    
   36.2299995       6.69384003E-02  -6.85753953E-03   8.29538345       192.339996    
   37.0200005       6.69384003E-02  -6.85753953E-03   9.23056698       196.509659    
   37.8100014       6.69384003E-02  -6.85753953E-03   10.2075262       200.675049    
   38.5999985       6.69384003E-02  -6.85753953E-03   11.2262573       204.836136    
   39.3899994       6.69384003E-02  -6.85753953E-03   12.2867699       208.992966    
   40.1800003       6.69384003E-02  -6.85753953E-03   13.3890581       213.145508    
   40.9700012       6.69384003E-02  -6.85753953E-03   14.5331230       217.293777    
   41.7599983       6.69384003E-02  -6.85753953E-03   15.7189579       221.437744    
   42.5499992       6.69384003E-02  -6.85753953E-03   16.9465752       225.577454    
   43.3400002       6.69384003E-02  -6.85753953E-03   18.2159691       229.712875    
   44.1300011       6.69384003E-02  -6.85753953E-03   19.5271378       233.844025    
   44.9199982       6.69384003E-02  -6.85753953E-03   20.8800774       237.970871    
   45.7099991       6.69384003E-02  -6.85753953E-03   22.2747993       242.093460    
   46.5000000       6.69384003E-02  -6.85753953E-03   23.7112980       246.211761    
   47.2900009       6.69384003E-02  -6.85753953E-03   25.1895733       250.325790    
   48.0800018       6.69384003E-02  -6.85753953E-03   26.7096233       254.435532    
   48.8699989       6.69384003E-02  -6.85753953E-03   28.2714424       258.540985    
   49.6599998       6.69384003E-02  -6.85753953E-03   29.8750458       262.642181    
   50.4599991       6.69384003E-02  -6.85753953E-03   31.5409851       266.790955    
   51.2500000       6.69384003E-02  -6.85753953E-03   33.2281418       270.883606    
   52.0400009       6.69384003E-02  -6.85753953E-03   34.9570732       274.971954    
