202.7	RS=202.70  
0	12.27124749
9.110471814	11.34770386
18.22094363	9.189719884
27.32836912	7.882128186
36.43884093	7.452360233
45.54931274	7.363967953
54.65978456	7.31215193
63.76721005	7.418832047
72.87768186	7.400544209
81.98814902	7.330439767
91.09862549	7.3152
100.206051	7.47064807
109.3165181	7.485887837
118.4269946	7.577328186
127.5374618	7.656576256
136.6448873	8.168639767
145.7553637	8.296655791
154.8658309	8.555735907
163.976298	8.726423744
167.9234618	8.744712163
173.0867745	8.76604807
182.1942	8.778239767
191.3046765	9.019032047
200.4151529	8.75690386
209.5256108	8.290560233
218.6330363	8.287512163
227.7435127	8.314944209
236.8539892	8.382
245.9644471	8.439912163
255.0718726	8.433816023
264.182349	8.260080116
273.2928255	7.866887837
282.403302	6.900671814
291.5137598	5.245607721
300.6211853	3.706367953
309.7316618	2.328671959
318.8421196	0.633983977
327.9525961	-1.075943991
337.0600216	-2.490216023
346.170498	-3.514343919
355.2809745	-4.151375965
364.391451	-5.742432047
373.4988765	-9.44270386
382.6093529	-13.42339228
391.7198294	-16.95297567
400.8303059	-20.29358456
409.9376941	-24.30475135
419.0481706	-27.67888726
428.1586471	-29.89173591
437.2691235	-30.78784865
446.376549	-30.60496912
455.4870255	-30.01670502
464.597502	-29.24555907
473.7079784	-28.27629498
482.8184549	-27.47467181
491.9258804	-26.20975135
501.0363196	-25.15209498
510.1467961	-24.19807181
519.2572726	-23.47569498
528.364698	-22.67407181
537.4751745	-21.95474363
546.585651	-21.21712819
555.6961274	-20.61362316
564.8035529	-20.03450502
573.9140294	-19.44928842
583.0245059	-18.82749614
592.1349451	-18.08378456
601.2423706	-17.32483205
610.3528471	-16.65427181
619.4633235	-16.01419228
628.5738	-15.33753591
637.6811883	-14.52981544
646.791702	-13.55445637
655.9021412	-12.56995251
665.0126549	-11.55801544
674.1230941	-10.56741544
683.2305568	-9.67435193
692.3409961	-8.967216023
701.4515098	-8.494776256
710.561949	-8.138160233
719.6694117	-7.751064093
728.779851	-7.330439767
737.8902902	-6.982967953
747.0008039	-6.790944209
756.1081922	-6.440423744
765.2187059	-6.278880116
774.3291451	-6.09904807
783.4396588	-6.053328186
792.5470471	-6.062471814
801.6575607	-5.992367953
810.768	-5.843016023
819.8784393	-5.779007721
828.985902	-5.745480116
838.0963412	-5.663183977
847.2068549	-5.574792279
856.3172941	-5.510783977
865.4278078	-5.434583977
874.5351961	-5.34009614
883.6457098	-5.2578
892.756149	-5.172455791
901.8665883	-5.053583977
910.974051	-4.898135907
920.0844902	-4.73049614
929.1950039	-4.590288128
938.3054432	-4.48970386
947.4129059	-4.33730386
956.5233451	-4.072127895
965.6338588	-3.782567953
974.744298	-3.544824035
983.8517607	-3.386327895
992.9622	-3.285743919
1002.072639	-3.151632047
1011.183153	-2.883408012
1020.290541	-2.828543919
1029.401055	-2.676143919
1038.511494	-2.179320029
1047.622008	-2.106167953
1056.732447	-2.118359942
1065.83991	-2.225040058
1074.950349	-1.612391988
1084.060788	-0.036575999
1093.171302	2.188463948
1102.27869	3.441191988
1111.389204	5.529071814
1120.499643	7.040880116
1129.610157	8.08329614
1138.717545	8.555735907
1147.828059	8.662416023
1156.938498	8.601455791
1166.049012	8.558783977
1175.1564	8.53135193
1180.527012	8.433816023
1184.266839	8.366760233
1193.377353	8.345423744
1202.487792	7.507223744
1211.595255	6.385560233
1220.705694	6.419087837
1229.816208	6.63549614
1238.926647	6.949439767
1248.03411	7.293864093
1257.144623	7.62
1266.254988	7.869935907
1275.365502	8.747760233
1284.47289	11.69822433
1293.583404	13.60322433
	
