   273.573456      -26.0864296    
   341.945099      -26.0864296    
 NaN NaN
   264.128021      -25.3717957    
   356.188446      -25.3717957    
 NaN NaN
   257.938232      -24.6571617    
   371.179321      -24.6571617    
 NaN NaN
   252.884827      -23.9425278    
   380.133240      -23.9425278    
 NaN NaN
   247.359421      -23.2278938    
   386.717438      -23.2278938    
 NaN NaN
   242.819077      -22.5132599    
   392.151123      -22.5132599    
 NaN NaN
   238.639069      -21.7986259    
   397.971497      -21.7986259    
 NaN NaN
   234.517883      -21.0839920    
   404.795441      -21.0839920    
 NaN NaN
   230.461090      -20.3693562    
   413.907471      -20.3693562    
 NaN NaN
   220.057129      -19.6547222    
   426.817963      -19.6547222    
 NaN NaN
   214.079391      -18.9400883    
   449.223877      -18.9400883    
 NaN NaN
   208.650848      -18.2254543    
   464.042175      -18.2254543    
 NaN NaN
   203.460876      -17.5108204    
   475.442749      -17.5108204    
 NaN NaN
   199.919785      -16.7961864    
   485.216370      -16.7961864    
 NaN NaN
   196.435944      -16.0815525    
   493.910278      -16.0815525    
 NaN NaN
   192.509933      -15.3669186    
   502.867371      -15.3669186    
 NaN NaN
   188.685013      -14.6522846    
   511.650024      -14.6522846    
 NaN NaN
   185.334381      -13.9376507    
   521.648132      -13.9376507    
 NaN NaN
   182.974838      -13.2230167    
   533.372253      -13.2230167    
 NaN NaN
   180.678009      -12.5083828    
   545.664734      -12.5083828    
 NaN NaN
   178.381180      -11.7937479    
   559.516724      -11.7937479    
 NaN NaN
   176.288651      -11.0791140    
   571.560608      -11.0791140    
 NaN NaN
   173.891144      -10.3644800    
   580.781250      -10.3644800    
 NaN NaN
   171.461609      -9.64984608    
   590.601685      -9.64984608    
 NaN NaN
   168.900650      -8.93521214    
   605.299133      -8.93521214    
 NaN NaN
   165.726776      -8.22057819    
   634.310547      -8.22057819    
 NaN NaN
   162.397232      -7.50594378    
   653.411438      -7.50594378    
 NaN NaN
   158.869171      -6.79130983    
   673.252808      -6.79130983    
 NaN NaN
   155.175430      -6.07667589    
   715.423035      -6.07667589    
 NaN NaN
   151.665695      -5.36204147    
   752.116333      -5.36204147    
 NaN NaN
   148.185593      -4.64740753    
   784.648010      -4.64740753    
 NaN NaN
   144.135895      -3.93277359    
   849.547974      -3.93277359    
 NaN NaN
   139.977280      -3.21813965    
   979.389648      -3.21813965    
 NaN NaN
   136.695541      -2.50350547    
   991.625244      -2.50350547    
 NaN NaN
   133.595642      -1.78887141    
   1001.17255      -1.78887141    
 NaN NaN
   130.483459      -1.07423735    
   1008.91772      -1.07423735    
 NaN NaN
   127.114525     -0.359603286    
   1014.04523     -0.359603286    
 NaN NaN
   123.668602      0.355030775    
   1015.44794      0.355030775    
 NaN NaN
   120.900452       1.06966484    
   1016.80048       1.06966484    
 NaN NaN
   118.350464       1.78429890    
   1018.15302       1.78429890    
 NaN NaN
   115.800476       2.49893284    
   1019.50555       2.49893284    
 NaN NaN
   113.102859       3.21356702    
   1020.85809       3.21356702    
 NaN NaN
   109.329750       3.92820120    
   1022.21063       3.92820120    
 NaN NaN
   105.556633       4.64283514    
   1032.93555       4.64283514    
 NaN NaN
   1033.55579       4.64283514    
   1057.35706       4.64283514    
 NaN NaN
   41.1636009       5.35746908    
   66.2875748       5.35746908    
 NaN NaN
   96.7260437       5.35746908    
   1082.57483       5.35746908    
 NaN NaN
   22.6981945       6.07210350    
   1106.19287       6.07210350    
 NaN NaN
   1192.60071       6.07210350    
   1203.00476       6.07210350    
 NaN NaN
   17.5376339       6.78673744    
   1111.13013       6.78673744    
 NaN NaN
   1133.05457       6.78673744    
   1155.39795       6.78673744    
 NaN NaN
   1182.82690       6.78673744    
   1210.26318       6.78673744    
 NaN NaN
   13.8904028       7.50137138    
   1116.76636       7.50137138    
 NaN NaN
   1126.93982       7.50137138    
   1214.40552       7.50137138    
 NaN NaN
   10.6482782       8.21600533    
   1214.40552       8.21600533    
 NaN NaN
   2.01720923E-05   8.93063927    
   1214.40552       8.93063927    
 NaN NaN
   0.00000000       9.64527321    
   1214.40552       9.64527321    
 NaN NaN
   0.00000000       10.3599072    
   1214.40552       10.3599072    
 NaN NaN
   0.00000000       11.0745420    
   1214.40552       11.0745420    
 NaN NaN
   0.00000000       11.7891760    
   1214.40552       11.7891760    
 NaN NaN
   0.00000000       12.5038099    
   1214.40552       12.5038099    
 NaN NaN
   0.00000000       13.2184439    
   1214.40552       13.2184439    
 NaN NaN
   0.00000000       13.9330778    
   1214.40552       13.9330778    
 NaN NaN
   0.00000000       14.6477118    
   1214.40552       14.6477118    
 NaN NaN
   0.00000000       15.3623457    
   1214.40552       15.3623457    
 NaN NaN
   0.00000000       16.0769806    
   1214.40552       16.0769806    
 NaN NaN
   0.00000000       16.7916145    
   1214.40552       16.7916145    
 NaN NaN
   0.00000000       17.5062485    
   1214.40552       17.5062485    
 NaN NaN
   0.00000000       18.2208824    
   1214.40552       18.2208824    
 NaN NaN
   0.00000000       18.9355164    
   1214.40552       18.9355164    
 NaN NaN
   0.00000000       19.6501503    
   1214.40552       19.6501503    
 NaN NaN
   0.00000000       20.3647842    
   1214.40552       20.3647842    
 NaN NaN
   0.00000000       21.0794182    
   1214.40552       21.0794182    
 NaN NaN
   0.00000000       21.7940521    
   1214.40552       21.7940521    
 NaN NaN
   0.00000000       22.5086861    
   1214.40552       22.5086861    
 NaN NaN
   0.00000000       23.2233200    
   1214.40552       23.2233200    
 NaN NaN
   0.00000000       23.9379539    
   1214.40552       23.9379539    
 NaN NaN
   0.00000000       24.6525879    
   1214.40552       24.6525879    
 NaN NaN
   0.00000000       25.3672237    
   1214.40552       25.3672237    
 NaN NaN
   0.00000000       26.0818577    
   1214.40552       26.0818577    
 NaN NaN
   0.00000000       26.7964916    
   1214.40552       26.7964916    
 NaN NaN
   0.00000000       27.5111256    
   1214.40552       27.5111256    
 NaN NaN
   0.00000000       28.2257595    
   1214.40552       28.2257595    
 NaN NaN
   0.00000000       28.9403934    
   1214.40552       28.9403934    
 NaN NaN
   0.00000000       29.6550274    
   1214.40552       29.6550274    
 NaN NaN
   0.00000000       30.3696613    
   1214.40552       30.3696613    
 NaN NaN
   0.00000000       31.0842953    
   1214.40552       31.0842953    
 NaN NaN
   0.00000000       31.7989292    
   1214.40552       31.7989292    
 NaN NaN
   0.00000000       32.5135651    
   1214.40552       32.5135651    
 NaN NaN
   0.00000000       33.2281990    
   1214.40552       33.2281990    
 NaN NaN
   0.00000000       33.9428329    
   1214.40552       33.9428329    
 NaN NaN
   0.00000000       34.6574669    
   1214.40552       34.6574669    
 NaN NaN
   0.00000000       35.3721008    
   1214.40552       35.3721008    
 NaN NaN
   0.00000000       36.0867348    
   1214.40552       36.0867348    
 NaN NaN
   0.00000000       36.8013687    
   1214.40552       36.8013687    
 NaN NaN
   0.00000000       37.5160027    
   1214.40552       37.5160027    
 NaN NaN
   0.00000000       38.2306366    
   1214.40552       38.2306366    
 NaN NaN
   0.00000000       38.9452705    
   1214.40552       38.9452705    
 NaN NaN
   0.00000000       39.6599045    
   1214.40552       39.6599045    
 NaN NaN
   0.00000000       40.3745384    
   1214.40552       40.3745384    
 NaN NaN
   0.00000000       41.0891724    
   1214.40552       41.0891724    
 NaN NaN
   0.00000000       41.8038063    
   1214.40552       41.8038063    
 NaN NaN
   0.00000000       42.5184402    
   1214.40552       42.5184402    
 NaN NaN
   0.00000000       43.2330742    
   1214.40552       43.2330742    
 NaN NaN
   0.00000000       43.9477081    
   1214.40552       43.9477081    
 NaN NaN
   0.00000000       44.6623421    
   1214.40552       44.6623421    
 NaN NaN
