 Elev(m)    Area(m2)     Peri(m)      Radi(m)   Conv(m3/s)    topWidth(m)    newI1(m3)    dPdA(1/m)
   -24.52        0.00        0.00         NaN                 NaN               0.000           0.000             NaN
   -23.92       11.46       42.44        0.27             191.622              42.414           3.431           3.702
   -23.32       45.81       69.18        0.66            1392.273              69.125          20.573           0.779
   -22.72       92.71       87.66        1.06            3849.273              87.562          62.031           0.394
   -22.12      155.39      153.47        1.01            6267.571             153.338         136.283           1.050
   -21.53      281.87      268.66        1.05           11641.335             268.478         267.149           0.911
   -20.93      485.34      462.91        1.05           20035.502             462.640         496.761           0.955
   -20.33      787.38      538.62        1.46           40567.664             538.259         877.663           0.251
   -19.73     1120.28      562.47        1.99           70937.125             562.014        1448.593           0.072
   -19.13     1459.56      571.79        2.55          109044.711             571.244        2220.696           0.027
   -18.53     1803.98      580.26        3.11          153708.484             579.605        3197.418           0.025
   -17.93     2153.28      587.98        3.66          204638.578             587.218        4381.757           0.022
   -17.34     2506.80      594.55        4.22          261697.031             593.674        5776.439           0.019
   -16.74     2863.87      600.35        4.77          324621.469             599.346        7383.788           0.016
   -16.14     3224.25      605.96        5.32          393079.156             604.819        9205.860           0.016
   -15.54     3587.84      611.29        5.87          466964.094             610.012       11244.606           0.015
   -14.94     3954.52      616.61        6.41          546019.562             615.199       13501.907           0.015
   -14.34     4324.22      621.60        6.96          630325.250             620.042       15979.595           0.013
   -13.74     4696.77      626.41        7.50          719705.938             624.694       18679.424           0.013
   -13.15     5071.85      630.41        8.05          814553.250             628.511       21603.012           0.011
   -12.55     5449.18      634.39        8.59          914203.250             632.292       24751.777           0.011
   -11.95     5828.85      638.58        9.13         1018328.125             636.300       28127.100           0.011
   -11.35     6210.81      642.28        9.67         1127606.750             639.795       31730.367           0.010
   -10.75     6594.75      645.75       10.21         1241693.375             643.049       35562.852           0.009
   -10.15     6980.63      649.22       10.75         1360266.375             646.302       39625.730           0.009
    -9.55     7368.48      652.80       11.29         1483100.000             649.677       43920.184           0.009
    -8.96     7758.49      656.77       11.81         1609709.125             653.456       48447.426           0.010
    -8.36     8151.81      664.48       12.27         1734451.375             661.027       53209.109           0.020
    -7.76     8550.90      683.04       12.52         1844089.000             679.441       58207.949           0.047
    -7.16     8966.85      705.32       12.71         1953741.000             701.572       63450.719           0.054
    -6.56     9388.46      710.44       13.21         2099090.750             706.521       68944.148           0.012
    -5.96     9812.56      714.64       13.73         2250644.750             710.540       74690.695           0.010
    -5.36    10239.07      718.83       14.24         2406630.500             714.559       80691.812           0.010
    -4.77    10667.98      722.92       14.76         2567249.750             718.472       86948.938           0.010
    -4.17    11099.12      726.79       15.27         2732760.000             722.147       93463.461           0.009
    -3.57    11532.78      733.23       15.73         2895938.250             728.428      100236.805           0.015
    -2.97    11971.24      739.66       16.18         3063870.500             734.656      107271.164           0.015
    -2.37    12411.81      742.70       16.71         3245218.500             737.427      114568.602           0.007
    -1.77    12854.04      745.73       17.24         3430861.750             740.199      122130.242           0.007
    -1.17    13298.06      749.31       17.75         3619083.500             743.537      129957.117           0.008
    -0.58    13744.40      753.83       18.23         3808495.750             747.842      138050.469           0.010
     0.02    14193.32      758.35       18.72         4002085.500             752.146      146411.766           0.010
     0.62    14644.62      762.16       19.21         4202364.500             755.720      155042.469           0.008
     1.22    15098.02      765.89       19.71         4407047.000             759.223      163943.938           0.008
     1.82    15553.51      769.63       20.21         4615866.500             762.726      173117.422           0.008
     2.42    16012.32      779.33       20.55         4804757.500             772.313      182564.547           0.021
     3.02    16479.18      802.86       20.53         4941516.500             795.797      192288.703           0.050
     3.61    16963.18      821.86       20.64         5105530.500             814.731      202297.438           0.039
     4.21    17458.77      845.78       20.64         5255082.000             838.551      212599.344           0.048
     4.81    17966.90      867.83       20.70         5418642.500             860.495      223201.656           0.043
     5.41    18485.31      879.37       21.02         5631915.000             871.957      234111.188           0.022
     6.01    19007.24      879.37       21.61         5899426.500             871.957      245332.078           0.000
     6.61    19529.16      879.37       22.21         6171879.500             871.957      256865.375           0.000
     7.21    20051.09      879.37       22.80         6449231.500             871.957      268711.062          -0.000
     7.80    20573.01      879.37       23.40         6731438.000             871.957      280869.156           0.000
     8.40    21094.93      879.37       23.99         7018457.500             871.957      293339.688           0.000
     9.00    21616.86      879.37       24.58         7310251.500             871.957      306122.594           0.000
     9.60    22138.78      879.37       25.18         7606781.500             871.957      319217.938           0.000
    10.20    22660.71      879.37       25.77         7908009.000             871.957      332625.656           0.000
    10.80    23182.63      879.37       26.36         8213895.500             871.957      346345.781           0.000
    11.40    23704.55      879.37       26.96         8524409.000             871.957      360378.312           0.000
    11.99    24226.47      879.37       27.55         8839515.000             871.957      374723.281           0.000
    12.59    24748.40      879.37       28.14         9159181.000             871.957      389380.625           0.000
    13.19    25270.32      879.37       28.74         9483371.000             871.957      404350.406           0.000
    13.79    25792.25      879.37       29.33         9812057.000             871.957      419632.562          -0.000
    14.39    26314.17      879.37       29.92        10145206.000             871.957      435227.125           0.000
    14.99    26836.09      879.37       30.52        10482792.000             871.957      451134.094           0.000
    15.59    27358.02      879.37       31.11        10824783.000             871.957      467353.500           0.000
    16.18    27879.94      879.37       31.70        11171150.000             871.957      483885.250           0.000
    16.78    28401.87      879.37       32.30        11521867.000             871.957      500729.438           0.000
    17.38    28923.79      879.37       32.89        11876910.000             871.957      517886.094           0.000
    17.98    29445.71      879.37       33.48        12236246.000             871.957      535355.125           0.000
    18.58    29967.64      879.37       34.08        12599857.000             871.957      553136.500           0.000
    19.18    30489.56      879.37       34.67        12967712.000             871.957      571230.312           0.000
    19.78    31011.48      879.37       35.27        13339791.000             871.957      589636.562           0.000
    20.37    31533.41      879.37       35.86        13716068.000             871.957      608355.188          -0.000
    20.97    32055.33      879.37       36.45        14096521.000             871.957      627386.188           0.000
    21.57    32577.26      879.37       37.05        14481125.000             871.957      646729.625           0.000
    22.17    33099.18      879.37       37.64        14869858.000             871.957      666385.500           0.000
    22.77    33621.10      879.37       38.23        15262698.000             871.957      686353.688           0.000
    23.37    34143.03      879.37       38.83        15659629.000             871.957      706634.438           0.000
    23.97    34664.95      879.37       39.42        16060625.000             871.957      727227.500           0.000
    24.56    35186.88      879.37       40.01        16465665.000             871.957      748132.938           0.000
    25.16    35708.80      879.37       40.61        16874732.000             871.957      769350.812           0.000
    25.76    36230.72      879.37       41.20        17287800.000             871.957      790881.125           0.000
    26.36    36752.64      879.37       41.79        17704856.000             871.957      812723.812           0.000
    26.96    37274.57      879.37       42.39        18125884.000             871.957      834878.875          -0.000
    27.56    37796.49      879.37       42.98        18550856.000             871.957      857346.375           0.000
    28.16    38318.42      879.37       43.57        18979760.000             871.957      880126.312           0.000
    28.75    38840.34      879.37       44.17        19412574.000             871.957      903218.562           0.000
    29.35    39362.27      879.37       44.76        19849286.000             871.957      926623.312           0.000
    29.95    39884.19      879.37       45.36        20289878.000             871.957      950340.500           0.000
    30.55    40406.11      879.37       45.95        20734326.000             871.957      974370.000           0.000
    31.15    40928.04      879.37       46.54        21182616.000             871.957      998711.938           0.000
    31.75    41449.96      879.37       47.14        21634738.000             871.957     1023366.312           0.000
    32.35    41971.88      879.37       47.73        22090668.000             871.957     1048333.000           0.000
    32.94    42493.80      879.37       48.32        22550394.000             871.957     1073612.125           0.000
    33.54    43015.73      879.37       48.92        23013904.000             871.957     1099203.750          -0.000
    34.14    43537.66      879.37       49.51        23481178.000             871.957     1125107.750           0.000
    34.74    44059.58      879.37       50.10        23952196.000             871.957     1151324.000           0.000
    35.34    44581.50      879.37       50.70        24426952.000             871.957     1177852.875           0.000
