	RS=106.56* 
0	7.16584807
8.979407721	6.684264093
9.29030386	6.6294
17.96186409	4.602480116
18.58060772	4.520183977
26.94127181	3.88010386
27.87091274	3.864864093
33.62553591	3.88315193
35.92372819	3.88924807
37.16426409	3.916680116
38.1	3.938016023
44.90313823	4.081272105
46.45151814	4.087367953
53.88558995	4.078224035
55.74182549	3.998975965
62.865	3.569208012
65.03517451	3.51129614
71.84441005	3.462527895
74.32243088	3.493008012
80.82686177	3.614927895
83.61273823	3.624072105
89.80627646	3.65150386
92.90608726	3.678935907
98.78872354	3.72770386
102.1933436	3.627119884
107.7681382	3.456432047
111.4866927	3.450335907
116.7505946	3.447288128
120.777	3.371088128
125.73	3.27355193
130.0642564	3.258311872
134.7094054	3.249167953
139.3576054	3.304032047
143.6918618	3.361943919
148.6448618	3.474719884
152.6712765	3.569208012
157.9351598	3.5814
161.6537235	3.642359942
167.2285274	3.788664093
170.6331382	3.825240058
176.5157745	3.870959942
179.6155853	3.89229614
185.8091235	4.002024035
188.595	4.047743919
195.0994402	3.901440058
197.5744147	3.843527895
204.3866873	3.66369614
206.5568618	3.602735907
213.6800363	3.791711872
215.5362765	3.849624035
222.9703529	3.910583977
224.5156726	3.919727895
232.2576	3.828288128
233.4981382	3.81304807
241.550949	3.81304807
242.4775529	3.81304807
250.8412471	3.35889614
251.46	3.325367953
260.1315637	3.048
260.4394147	3.029711872
269.4218618	2.81330386
278.3768873	-0.771143991
278.5689127	-0.877824035
287.3319127	-5.501639767
287.7129127	-5.614416023
296.2869382	-8.260080116
296.8599637	-8.442960233
305.2450147	-10.67714363
306.0070147	-10.86307181
314.1969706	-12.27734363
315.1509961	-12.43888842
323.1550471	-13.16736023
324.2949961	-13.27708842
332.1100726	-14.81632819
333.4420471	-15.08455251
341.065098	-16.68170386
342.5860471	-16.98040772
350.0201235	-18.06854363
351.733098	-18.30323977
358.975149	-18.8976
360.880149	-19.05914363
367.9301745	-19.39442433
370.0272	-19.47367181
376.8852	-19.62607181
379.1712	-19.67179228
385.8432765	-19.81809498
388.318251	-19.90039228
394.795251	-20.07107953
397.465302	-20.13508726
403.7533274	-20.23262316
406.609302	-20.29053591
412.7083529	-20.45512819
415.7563529	-20.47646409
421.6633784	-20.60447953
424.9034039	-20.62886409
430.6184039	-20.77821544
434.0474039	-20.82698456
439.5703784	-20.82698456
443.1944549	-20.88184865
448.5284549	-20.68677684
452.3415059	-20.56485637
457.4834804	-20.22043088
461.4855059	-19.97659228
466.4385059	-19.86686409
470.6295059	-19.812
475.3934941	-19.82724093
479.7765196	-19.82724093
484.3515706	-19.93087181
488.9205196	-20.01926409
493.3035451	-20.14118456
498.0675706	-20.29663088
502.2616216	-20.39721544
507.2146216	-20.51608726
511.2166471	-20.60143088
516.3616726	-20.77516912
520.1686216	-20.97938456
525.5056726	-21.22627181
529.126698	-21.38781544
534.6527235	-21.55240772
538.0817235	-21.62555907
543.7997745	-21.75052819
547.036749	-21.7932
552.9437745	-21.89073591
555.9917745	-21.96693591
562.0908255	-22.14067181
564.949851	-22.19553591
571.2378765	-22.28087953
573.9018255	-22.29002316
580.3818765	-22.27478456
582.859902	-22.22906409
589.5289274	-22.08275907
591.8149274	-22.02789498
598.6759784	-21.8694
600.766902	-21.84501544
607.8199784	-21.76576912
609.7249784	-21.76576912
616.9639784	-21.80234363
618.6800039	-21.82977684
626.1109922	-21.99436912
627.6349922	-22.03399228
635.2580432	-22.26564093
636.5900549	-22.32050502
644.4020432	-22.62835135
645.5480941	-22.69540772
653.5490941	-23.15870502
654.5001059	-23.18918456
662.6961451	-23.49398456
663.4581451	-23.51532047
671.8401451	-23.73782316
672.4132078	-23.76525637
680.9871961	-24.08529498
681.3651451	-24.09748726
690.1342471	-24.36875907
690.3232588	-24.37180772
699.2782471	-24.47239228
708.1388039	-24.35961544
708.4770902	-24.35352047
716.9993607	-24.13711274
717.6729568	-24.11577684
725.8598432	-23.79573591
726.868749	-23.75611274
734.717349	-23.4696
736.0614902	-23.43607181
743.5809568	-23.32329498
745.2573568	-23.3172
752.4414393	-23.3934
754.453149	-23.42083088
761.2989451	-23.50007953
763.6519922	-23.51227181
770.1625529	-23.54884865
772.8478588	-23.55799228
779.0231098	-23.51227181
782.043651	-23.48484093
787.8805412	-23.37511274
791.2394432	-23.26233591
796.741098	-23.08555135
800.4353098	-22.97277684
805.6047059	-22.86914363
809.6341529	-22.83256912
814.4622117	-22.77465637
818.8299451	-22.77160772
823.3226941	-22.78989498
828.0258117	-22.78075135
832.186302	-22.77770502
837.2216039	-22.72893591
841.0438078	-22.66797684
846.4173961	-22.57044093
849.9042902	-22.47595135
855.6131883	-22.31440772
858.7648471	-22.19248726
864.8090549	-21.94255135
867.6254039	-21.84196912
874.0048471	-21.60117684
876.4859607	-21.47620772
883.2006393	-21.11044865
885.3464432	-20.93671274
892.3965059	-20.39721544
894.203949	-20.31187181
901.592298	-19.94306409
903.0675568	-19.85162316
910.7911412	-19.31517567
911.9280393	-19.25726409
919.4658117	-18.86712047
919.8285059	-18.84883205
919.9870078	-18.83968842
920.7855451	-18.79092047
929.1828	-18.22399228
929.6491529	-18.19046409
938.3785922	-17.47418456
938.5097098	-17.45894363
947.3671412	-16.39823977
947.5744588	-16.36776023
956.0600432	-15.12722433
956.1942117	-15.09674363
964.7498941	-4.49884807
964.8169412	-4.389119884
973.4397451	3.410711872
980.1911098	4.395216023
983.5651922	4.437888128
986.945451	4.79755193
993.6967412	5.608319884
1000.448106	6.894576256
1003.825239	7.370064093
1007.202447	7.174992279
1013.950761	6.074664093
	
