 Elev(m)    dbdxp(-)    dbdxc(-)      I2p     I2c
  -28.3999996       0.00000000       0.00000000       0.00000000       0.00000000    
  -27.6900005      -1.74721796E-02  -1.10814860E-02  -2.20192573E-03  -1.39654067E-03
  -26.9799995      -2.54211184E-02  -4.07708399E-02  -1.20114032E-02  -1.07243024E-02
  -26.2800007      -6.62714541E-02  -2.91210301E-02  -3.85677069E-02  -3.51714082E-02
  -25.5699997     -0.264030337     -0.159587622     -0.118520118      -9.24320742E-02
  -24.8600006     -0.350382358     -0.123020232     -0.317529768     -0.209090158    
  -24.1599998     -0.450967789     -0.120789580     -0.691067576     -0.389945507    
  -23.4500008     -0.569292068     -0.103727557      -1.29806614     -0.631965935    
  -22.7399998     -0.341215104     -0.391977668      -2.14839077     -0.964752913    
  -22.0400009     -0.331535131     -0.451063991      -3.18465018      -1.46068716    
  -21.3299999     -0.316763759     -0.353502899      -4.40099049      -2.16982961    
  -20.6200008     -0.271719038     -0.289464444      -5.77319241      -3.06139517    
  -19.9200001     -0.218674436     -0.325091332      -7.26099157      -4.09774351    
  -19.2099991     -0.173582926     -0.320882887      -8.88039875      -5.30664921    
  -18.5100002     -0.153737992     -0.262828410      -10.5669813      -6.65234852    
  -17.7999992     -0.129635513     -0.206727922      -12.3540354      -8.14896393    
  -17.0900002     -0.114495814     -0.170345664      -14.2075644      -9.75227070    
  -16.3899994     -0.111238502     -0.159782171      -16.0937729      -11.4214554    
  -15.6800003     -0.105450749     -0.146801025      -18.0622730      -13.1941290    
  -14.9700003      -9.48232338E-02 -0.136904389      -20.0833225      -15.0411959    
  -14.2700005      -8.60030800E-02 -0.123479418      -22.1235790      -16.9303112    
  -13.5600004      -8.14986974E-02  -9.26292762E-02  -24.2365551      -18.9059982    
  -12.8500004      -7.72141069E-02  -7.45718703E-02  -26.3906422      -20.9299889    
  -12.1499996      -7.62295872E-02  -7.10232779E-02  -28.5534496      -22.9645996    
  -11.4399996      -7.71720186E-02  -7.06999302E-02  -30.7855473      -25.0642204    
  -10.7399998      -7.86874369E-02  -6.75038621E-02  -33.0249062      -27.1692963    
  -10.0299997      -7.96145052E-02  -6.65304735E-02  -35.3355713      -29.3385048    
  -9.31999969      -7.73740038E-02  -6.90600276E-02  -37.6859703      -31.5416908    
  -8.61999989      -7.09909871E-02  -7.40374103E-02  -40.0414658      -33.7487297    
  -7.90999985      -6.54375032E-02  -7.77821988E-02  -42.4662361      -36.0242043    
  -7.19999981      -5.65892980E-02  -7.90628940E-02  -44.9235802      -38.3385773    
  -6.50000000      -4.77479920E-02  -7.59280622E-02  -47.3746223      -40.6593781    
  -5.78999996      -3.96473594E-02  -7.21558928E-02  -49.8846550      -43.0512466    
  -5.07999992      -3.10247373E-02  -6.93762526E-02  -52.4146118      -45.4796143    
  -4.38000011      -2.75202375E-02  -6.44002035E-02  -54.9250908      -47.9082222    
  -3.67000008      -3.00324224E-02  -5.82882129E-02  -57.4859581      -50.4036102    
  -2.96000004      -3.34972814E-02  -5.38891591E-02  -60.0620880      -52.9285927    
  -2.25999999      -3.59397642E-02  -5.18361665E-02  -62.6185799      -55.4452744    
  -1.54999995      -4.01145667E-02  -5.03846593E-02  -65.2297974      -58.0239258    
 -0.850000024      -4.42697704E-02  -5.17455302E-02  -67.8243256      -60.5918312    
 -0.140000001      -5.12366779E-02  -5.37473038E-02  -70.4784393      -63.2224007    
  0.569999993      -6.11442327E-02  -5.57501949E-02  -73.1587524      -65.8800659    
   1.26999998      -8.01153332E-02  -5.78693300E-02  -75.8330765      -68.5282211    
   1.98000002     -0.157852545      -6.32836297E-02  -78.5931396      -71.2435913    
   2.69000006     -0.220998108      -7.37966821E-02  -81.4309464      -73.9915009    
   3.39000010     -0.223191842      -9.03420076E-02  -84.3318329      -76.7384338    
   4.09999990     -0.344214082     -0.183163017      -87.4008408      -79.5794601    
   4.80999994      -2.30942406E-02 -0.486576438      -90.5876465      -82.5393600    
   5.51000023       6.04251586E-03 -0.319367707      -93.7773590      -85.6423569    
   6.21999979      0.102258682     -0.116190501      -97.0011063      -88.9446869    
   6.92999983      0.138098687       3.74415964E-02  -100.180916      -92.3118362    
   7.63000011      0.138098687       9.40202028E-02  -103.251266      -95.6247787    
   8.34000015      0.138098687      0.129218191      -106.296364      -98.9405899    
   9.03999996      0.138098687      0.138087764      -109.229446      -102.148262    
   9.75000000      0.138098687      0.138087764      -112.135307      -105.333755    
   10.4600000      0.138098687      0.138087764      -114.971558      -108.449638    
   11.1599998      0.138098687      0.138087764      -117.698730      -111.452515    
   11.8699999      0.138098687      0.138087764      -120.395752      -114.429176    
   12.5799999      0.138098687      0.138087764      -123.023148      -117.336227    
   13.2799997      0.138098687      0.138087764      -125.544418      -120.133217    
   13.9899998      0.138098687      0.138087764      -128.032593      -122.901047    
   14.6999998      0.138098687      0.138087764      -130.451141      -125.599274    
   15.3999996      0.138098687      0.138087764      -132.766510      -128.190369    
   16.1100006      0.138098687      0.138087764      -135.045837      -130.749374    
   16.8099995      0.138098687      0.138087764      -137.223938      -133.203217    
   17.5200005      0.138098687      0.138087764      -139.364029      -135.623001    
   18.2299995      0.138098687      0.138087764      -141.434509      -137.973175    
   18.9300003      0.138098687      0.138087764      -143.406693      -140.221130    
   19.6399994      0.138098687      0.138087764      -145.337936      -142.432068    
   20.3500004      0.138098687      0.138087764      -147.199570      -144.573425    
   21.0499992      0.138098687      0.138087764      -148.965866      -146.615479    
   21.7600002      0.138098687      0.138087764      -150.688263      -148.617599    
   22.4699993      0.138098687      0.138087764      -152.341049      -150.550110    
   23.1700001      0.138098687      0.138087764      -153.901428      -152.386292    
   23.8799992      0.138098687      0.138087764      -155.414978      -154.179581    
   24.5900002      0.138098687      0.138087764      -156.858917      -155.903275    
   25.2900009      0.138098687      0.138087764      -158.213394      -157.533554    
   26.0000000      0.138098687      0.138087764      -159.518112      -159.118011    
   26.7000008      0.138098687      0.138087764      -160.735321      -160.611038    
   27.4099998      0.138098687      0.138087764      -161.900787      -162.056290    
   28.1200008      0.138098687      0.138087764      -162.996658      -163.431915    
   28.8199997      0.138098687      0.138087764      -164.007950      -164.719055    
   29.5300007      0.138098687      0.138087764      -164.964584      -165.955475    
   30.2399998      0.138098687      0.138087764      -165.851608      -167.122269    
   30.9400005      0.138098687      0.138087764      -166.656998      -168.203522    
   31.6499996      0.138098687      0.138087764      -167.404785      -169.231110    
   32.3600006      0.138098687      0.138087764      -168.082947      -170.189087    
   33.0600014      0.138098687      0.138087764      -168.682449      -171.064438    
   33.7700005      0.138098687      0.138087764      -169.221375      -171.883194    
   34.4700012      0.138098687      0.138087764      -169.683609      -172.621307    
   35.1800003      0.138098687      0.138087764      -170.083313      -173.300827    
   35.8899994      0.138098687      0.138087764      -170.413406      -173.910751    
   36.5900002      0.138098687      0.138087764      -170.669724      -174.442978    
   37.2999992      0.138098687      0.138087764      -170.860580      -174.913681    
   38.0099983      0.138098687      0.138087764      -170.981827      -175.314774    
   38.7099991      0.138098687      0.138087764      -171.032242      -175.641098    
   39.4199982      0.138098687      0.138087764      -171.014252      -175.902969    
   40.1300011      0.138098687      0.138087764      -170.926651      -176.095230    
   40.8300018      0.138098687      0.138087764      -170.771164      -176.215668    
   41.5400009      0.138098687      0.138087764      -170.544327      -176.268707    
   42.2500000      0.138098687      0.138087764      -170.247879      -176.252151    
