 Elev(m)    dbdxp(-)    dbdxc(-)      I2p     I2c
  -31.6399994       0.00000000       0.00000000       0.00000000       0.00000000    
  -30.8500004       1.37145910E-02  -1.81169212E-02   2.13981373E-03  -2.82668555E-03
  -30.0599995       1.57723725E-02  -2.40021162E-02   1.10201435E-02  -1.50516769E-02
  -29.2700005       1.41740302E-02  -2.98480392E-02   2.91735306E-02  -4.22502086E-02
  -28.4799995       8.00336804E-03  -2.97585893E-02   5.54595664E-02  -8.71508792E-02
  -27.7000008       3.56687419E-03  -2.92000789E-02   8.66344720E-02 -0.149864465    
  -26.9099998      -1.31100195E-03  -2.77657975E-02  0.120343208     -0.231351405    
  -26.1200008      -9.35032498E-03  -2.07370967E-02  0.152740404     -0.329293907    
  -25.3299999      -2.61814184E-02  -1.04386890E-02  0.177930430     -0.439668477    
  -24.5400009      -4.56016846E-02  -9.49241500E-03  0.186376616     -0.558016717    
  -23.7500000      -5.35359867E-02  -1.99168082E-02  0.168154955     -0.684063613    
  -22.9599991      -3.35584208E-02  -5.00343069E-02  0.120876424     -0.825613141    
  -22.1800003      -2.25805193E-02  -7.06555918E-02   5.20205460E-02 -0.994977117    
  -21.3899994      -2.49362420E-02  -7.72676319E-02  -3.37788537E-02  -1.20818174    
  -20.6000004      -2.84849200E-02  -9.01813656E-02 -0.135326862      -1.47059166    
  -19.8099995      -3.46845947E-02 -0.100205176     -0.255066156      -1.78883362    
  -19.0200005      -4.37817052E-02 -0.106083229     -0.396903872      -2.16896582    
  -18.2299995      -4.78628278E-02 -0.110198215     -0.565283418      -2.61503029    
  -17.4400005      -5.21981791E-02 -0.112644404     -0.763573349      -3.12960792    
  -16.6599998      -5.72455451E-02 -0.110745266     -0.991844058      -3.70685625    
  -15.8699999      -6.47705421E-02 -0.111323848      -1.25893557      -4.36056042    
  -15.0799999      -8.54544789E-02 -0.114139482      -1.56850362      -5.08409071    
  -14.2900000     -0.131507784     -0.117345013      -1.93536186      -5.87891626    
  -13.5000000     -0.168926433     -0.134295806      -2.38294673      -6.74912119    
  -12.7100000     -0.188326806     -0.172592118      -2.93314719      -7.70647049    
  -11.9300003     -0.273959249     -0.181481242      -3.60354567      -8.75422192    
  -11.1400003     -0.400845081     -0.186411709      -4.45902872      -9.92734146    
  -10.3500004     -0.612681746     -0.198749468      -5.57793331      -11.2179575    
  -9.56000042     -0.696466029     -0.304411829      -7.05923271      -12.6471729    
  -8.77000046     -0.548369825     -0.424975872      -8.93901730      -14.2686968    
  -7.98000002     -0.332049966     -0.557627320      -11.1503954      -16.1573353    
  -7.19000006      -6.28833845E-02 -0.790117025      -13.5607586      -18.4095631    
  -6.40999985      -8.75072479E-02 -0.650200307      -16.0249157      -21.0656300    
  -5.61999989     -0.103325821     -0.381830454      -18.5736027      -24.1386127    
  -4.82999992     -0.114969008     -0.201041907      -21.1861248      -27.4635601    
  -4.03999996     -0.118497200     -0.161263376      -23.8691311      -30.9359798    
  -3.25000000     -0.120065220     -0.150426745      -26.6257877      -34.5135612    
  -2.46000004     -0.121606350     -0.143747985      -29.4573708      -38.1856689    
  -1.66999996     -0.123225912     -0.137744531      -32.3648605      -41.9475975    
 -0.889999986     -0.124693856     -0.134501562      -35.3119469      -45.7477455    
 -0.100000001     -0.127250478     -0.134148940      -38.3743095      -49.6804657    
  0.689999998     -0.142352492     -0.133638769      -41.5180473      -53.6968803    
   1.48000002     -0.199471638     -0.133029610      -44.7571831      -57.7966843    
   2.26999998     -0.307800293     -0.143138990      -48.1287956      -61.9811859    
   3.05999994     -0.319922507     -0.215035617      -51.6774979      -66.2646561    
   3.84999990     -0.357734501     -0.298002452      -55.4298744      -70.6840591    
   4.63000011     -0.198141307     -0.472895741      -59.3258743      -75.2468414    
   5.42000008     -0.210987225     -0.389462262      -63.4212761      -80.1213989    
   6.21000004     -0.213512346     -0.201881900      -67.6467438      -85.2227707    
   7.00000000     -0.185155377     -0.190276787      -72.0006409      -90.4775925    
   7.78999996     -0.166500196     -0.189051032      -76.4716110      -95.8527832    
   8.57999992     -0.166500196     -0.169854388      -81.0494080      -101.343163    
   9.35999966     -0.166500196     -0.139879018      -85.6725082      -106.867653    
   10.1499996     -0.166500196     -0.131521910      -90.4581299      -112.553024    
   10.9399996     -0.166500196     -0.131521910      -95.3476562      -118.321785    
   11.7299995     -0.166500196     -0.131521910      -100.341103      -124.172630    
   12.5200005     -0.166500196     -0.131521910      -105.438469      -130.105560    
   13.3100004     -0.166500196     -0.131521910      -110.639740      -136.120560    
   14.1000004     -0.166500196     -0.131521910      -115.944916      -142.217651    
   14.8800001     -0.166500196     -0.131521910      -121.286201      -148.319122    
   15.6700001     -0.166500196     -0.131521910      -126.799210      -154.580383    
   16.4599991     -0.166500196     -0.131521910      -132.416122      -160.923721    
   17.2500000     -0.166500196     -0.131521910      -138.136963      -167.349136    
   18.0400009     -0.166500196     -0.131521910      -143.961716      -173.856659    
   18.8299999     -0.166500196     -0.131521910      -149.890366      -180.446228    
   19.6200008     -0.166500196     -0.131521910      -155.922943      -187.117905    
   20.3999996     -0.166500196     -0.131521910      -161.982391      -193.786682    
   21.1900005     -0.166500196     -0.131521910      -168.222809      -200.622528    
   21.9799995     -0.166500196     -0.131521910      -174.567108      -207.540436    
   22.7700005     -0.166500196     -0.131521910      -181.015335      -214.540436    
   23.5599995     -0.166500196     -0.131521910      -187.567459      -221.622513    
   24.3500004     -0.166500196     -0.131521910      -194.223511      -228.786682    
   25.1399994     -0.166500196     -0.131521910      -200.983459      -236.032928    
   25.9200001     -0.166500196     -0.131521910      -207.761124      -243.269012    
   26.7099991     -0.166500196     -0.131521910      -214.728897      -250.679428    
   27.5000000     -0.166500196     -0.131521910      -221.800598      -258.171936    
   28.2900009     -0.166500196     -0.131521910      -228.976212      -265.746521    
   29.0799999     -0.166500196     -0.131521910      -236.255737      -273.403168    
   29.8700008     -0.166500196     -0.131521910      -243.639175      -281.141907    
   30.6499996     -0.166500196     -0.131521910      -251.032394      -288.864258    
   31.4400005     -0.166500196     -0.131521910      -258.623657      -296.767181    
   32.2299995     -0.166500196     -0.131521910      -266.318817      -304.752167    
   33.0200005     -0.166500196     -0.131521910      -274.117920      -312.819244    
   33.8100014     -0.166500196     -0.131521910      -282.020935      -320.968414    
   34.5999985     -0.166500196     -0.131521910      -290.027802      -329.199615    
   35.3899994     -0.166500196     -0.131521910      -298.138641      -337.512970    
   36.1699982     -0.166500196     -0.131521910      -306.250031      -345.802612    
   36.9599991     -0.166500196     -0.131521910      -314.568695      -354.280090    
   37.7500000     -0.166500196     -0.131521910      -322.991272      -362.839691    
   38.5400009     -0.166500196     -0.131521910      -331.517761      -371.481354    
   39.3300018     -0.166500196     -0.131521910      -340.148163      -380.205078    
   40.1199989     -0.166500196     -0.131521910      -348.882416      -389.010864    
   40.9099998     -0.166500196     -0.131521910      -357.720642      -397.898804    
   41.6899986     -0.166500196     -0.131521910      -366.550232      -406.755737    
   42.4799995     -0.166500196     -0.131521910      -375.596283      -415.807800    
   43.2700005     -0.166500196     -0.131521910      -384.746216      -424.941986    
   44.0600014     -0.166500196     -0.131521910      -394.000092      -434.158234    
   44.8499985     -0.166500196     -0.131521910      -403.357849      -443.456512    
   45.6399994     -0.166500196     -0.131521910      -412.819550      -452.836914    
   46.4199982     -0.166500196     -0.131521910      -422.264709      -462.180115    
   47.2099991     -0.166500196     -0.131521910      -431.934235      -471.724701    
