 Elev(m)    dbdxp(-)    dbdxc(-)      I2p     I2c
  -32.0099983       0.00000000       0.00000000       0.00000000       0.00000000    
  -31.2099991     -0.264751405      -2.49318592E-02  -4.23601456E-02  -3.98908975E-03
  -30.4200001     -0.550920069       4.76075783E-02 -0.256528586      -8.23943224E-03
  -29.6299992     -0.623411417      0.348555595     -0.785834968       5.44336140E-02
  -28.8400002     -0.353608131      0.146032184      -1.65465856      0.258041859    
  -28.0400009     -0.335597217       2.77322847E-02  -2.79909682      0.570161939    
  -27.2500000     -0.379950225      -1.38099175E-02  -4.15261412      0.908063471    
  -26.4599991     -0.416206241      -3.23888324E-02  -5.74514151       1.24074519    
  -25.6700001     -0.478761137      -4.68328148E-02  -7.60506010       1.55354357    
  -24.8700008     -0.487531424      -9.85369533E-02  -9.78451061       1.83452749    
  -24.0799999     -0.464218438     -0.116237774      -12.2416773       2.05466747    
  -23.2900009     -0.415582299     -0.152237013      -14.9880781       2.19834590    
  -22.5000000     -0.324740648     -0.196587786      -17.9901867       2.24433112    
  -21.7000008     -0.278942317      -6.18663505E-02  -21.2438297       2.19443989    
  -20.9099998     -0.271079123      -1.40251089E-02  -24.6401958       2.09219408    
  -20.1200008     -0.255743861       7.03945290E-04  -28.2066498       1.97597790    
  -19.3299999     -0.241259962      -3.50100832E-04  -31.9348145       1.85774004    
  -18.5300007     -0.227422446      -9.09679849E-03  -35.8636665       1.73655009    
  -17.7399998     -0.210508347      -2.72415876E-02  -39.8875389       1.60956812    
  -16.9500008     -0.194346860      -4.84301075E-02  -44.0444946       1.46481013    
  -16.1599998     -0.179120734      -6.79991469E-02  -48.3243713       1.28961837    
  -15.3599997     -0.166464135      -8.74342471E-02  -52.7727127       1.06894696    
  -14.5699997     -0.156646624     -0.103278495      -57.2717476      0.795961618    
  -13.7799997     -0.182762891     -0.107096188      -61.8754959      0.459565133    
  -12.9799995     -0.216553375     -0.100601092      -66.6550293       5.24450019E-02
  -12.1899996     -0.216363981      -8.38298053E-02  -71.5071716     -0.411911070    
  -11.3999996     -0.202617005      -8.81899148E-02  -76.4938889     -0.932561457    
  -10.6099997     -0.195384547      -9.08609405E-02  -81.6096497      -1.50869501    
  -9.81000042     -0.185758367     -0.106457271      -86.9140091      -2.15197730    
  -9.02000046     -0.172049940     -0.126637504      -92.2695465      -2.85569024    
  -8.22999954     -0.155606166     -0.152281240      -97.7333374      -3.64039397    
  -7.44000006     -0.148768589     -0.164744839      -103.296928      -4.51933146    
  -6.63999987     -0.146490782     -0.165728167      -109.026268      -5.51235342    
  -5.84999990     -0.142252699     -0.166709006      -114.776848      -6.59836674    
  -5.05999994     -0.138392851     -0.169002607      -120.617371      -7.78995419    
  -4.26999998     -0.125428438     -0.180196404      -126.543884      -9.08978462    
  -3.47000003      -4.88288738E-02 -0.253604174      -132.614975      -10.5306406    
  -2.68000007      -2.89156940E-02 -0.269734591      -138.650162      -12.1057606    
  -1.88999999      -1.82204954E-02 -0.276450157      -144.705002      -13.8499117    
  -1.10000002      -3.62967909E-03 -0.289844096      -150.770706      -15.7698736    
 -0.300000012       4.50319797E-03 -0.308794767      -156.916489      -17.8993816    
  0.490000010       2.45192591E-02 -0.352187574      -162.980667      -20.2026119    
   1.27999997     -0.424039364     -0.377215683      -169.104248      -22.7256603    
   2.06999993     -0.967588842     -0.398816854      -175.512817      -25.4866600    
   2.86999989      -1.83494925     -0.431550771      -182.670746      -28.5380611    
   3.66000009      -2.86656618     -0.467515647      -190.934250      -31.8263702    
   4.44999981      -3.38421249     -0.645828545      -200.931320      -35.4330635    
   5.25000000      -2.48683405      -1.99923551      -212.981750      -39.6845055    
   6.03999996     -0.755450189      -3.24591398      -226.327942      -45.1399460    
   6.82999992     -0.398479342      -3.12637472      -240.364563      -52.4331932    
   7.61999989     -0.377325237      -2.30853796      -254.705322      -61.5901031    
   8.42000008     -0.377325237     -0.954202652      -269.470917      -72.2435379    
   9.21000004     -0.377325237     -0.408288836      -284.291931      -83.4973145    
   10.0000000     -0.377325237     -0.393102348      -299.351410      -95.0918655    
   10.7900000     -0.377325237     -0.378081173      -314.649323      -106.934822    
   11.5900002     -0.377325237     -0.377320796      -330.380890      -119.170387    
   12.3800001     -0.377325237     -0.377320796      -346.155762      -131.493088    
   13.1700001     -0.377325237     -0.377320796      -362.169098      -144.054276    
   13.9600000     -0.377325237     -0.377320796      -378.420929      -156.853912    
   14.7600002     -0.377325237     -0.377320796      -395.118408      -170.055527    
   15.5500002     -0.377325237     -0.377320796      -411.847168      -183.332108    
   16.3400002     -0.377325237     -0.377320796      -428.814392      -196.847153    
   17.1299992     -0.377325237     -0.377320796      -446.020081      -210.600647    
   17.9300003     -0.377325237     -0.377320796      -463.683533      -224.768219    
   18.7199993     -0.377325237     -0.377320796      -481.366150      -238.998642    
   19.5100002     -0.377325237     -0.377320796      -499.287292      -253.467575    
   20.2999992     -0.377325237     -0.377320796      -517.446838      -268.174927    
   21.1000004     -0.377325237     -0.377320796      -536.076233      -283.308441    
   21.8899994     -0.377325237     -0.377320796      -554.712769      -298.492737    
   22.6800003     -0.377325237     -0.377320796      -573.587769      -313.915527    
   23.4799995     -0.377325237     -0.377320796      -592.941589      -329.773468    
   24.2700005     -0.377325237     -0.377320796      -612.293518      -345.673187    
   25.0599995     -0.377325237     -0.377320796      -631.883911      -361.811340    
   25.8500004     -0.377325237     -0.377320796      -651.712769      -378.188019    
   26.6499996     -0.377325237     -0.377320796      -672.032532      -395.011902    
   27.4400005     -0.377325237     -0.377320796      -692.338379      -411.865479    
   28.2299995     -0.377325237     -0.377320796      -712.882629      -428.957520    
   29.0200005     -0.377325237     -0.377320796      -733.665405      -446.288025    
   29.8199997     -0.377325237     -0.377320796      -754.951111      -464.077850    
   30.6100006     -0.377325237     -0.377320796      -776.210815      -481.885315    
   31.3999996     -0.377325237     -0.377320796      -797.708923      -499.931183    
   32.1899986     -0.377325237     -0.377320796      -819.445496      -518.215515    
   32.9900017     -0.377325237     -0.377320796      -841.697327      -536.971375    
   33.7799988     -0.377325237     -0.377320796      -863.910767      -555.732605    
   34.5699997     -0.377325237     -0.377320796      -886.362854      -574.732422    
   35.3600006     -0.377325237     -0.377320796      -909.053345      -593.970703    
   36.1599998     -0.377325237     -0.377320796      -932.270996      -613.692383    
   36.9500008     -0.377325237     -0.377320796      -955.438477      -633.407593    
   37.7400017     -0.377325237     -0.377320796      -978.844360      -653.361267    
   38.5299988     -0.377325237     -0.377320796      -1002.48865      -673.553284    
   39.3300018     -0.377325237     -0.377320796      -1026.67236      -694.241028    
   40.1199989     -0.377325237     -0.377320796      -1050.79358      -714.909973    
   40.9099998     -0.377325237     -0.377320796      -1075.15344      -735.817505    
   41.7000008     -0.377325237     -0.377320796      -1099.75171      -756.963501    
   42.5000000     -0.377325237     -0.377320796      -1124.90125      -778.617065    
   43.2900009     -0.377325237     -0.377320796      -1149.97644      -800.239990    
   44.0800018     -0.377325237     -0.377320796      -1175.29004      -822.101379    
   44.8800011     -0.377325237     -0.377320796      -1201.16406      -844.479431    
   45.6699982     -0.377325237     -0.377320796      -1226.95459      -866.817627    
   46.4599991     -0.377325237     -0.377320796      -1252.98364      -889.394470    
   47.2500000     -0.377325237     -0.377320796      -1279.25122      -912.209717    
