 Elev(m)    dbdxp(-)    dbdxc(-)      I2p     I2c
  -34.9500008       0.00000000       0.00000000       0.00000000       0.00000000    
  -34.1399994      -2.06209975E-03   4.62078117E-03  -3.38237063E-04   7.57926202E-04
  -33.3300018      -3.72279435E-03  -3.24936205E-04  -1.96357840E-03   2.97839986E-03
  -32.5299988      -1.19647831E-02  -1.77592773E-03  -7.07918219E-03   5.52280713E-03
  -31.7199993      -2.85540167E-02  -8.70269537E-03  -2.14458257E-02   6.03995845E-03
  -30.9099998      -6.82623964E-03  -3.17151262E-03  -4.82618213E-02   2.89068208E-03
  -30.1000004       1.91359286E-05   1.13410987E-02  -8.19975957E-02  -8.66237795E-04
  -29.2900009      -1.25903287E-04   3.29330633E-03 -0.116867416      -8.82726628E-04
  -28.4799995      -4.63580936E-02  -1.62843764E-02 -0.159379393      -6.29672199E-04
  -27.6700001      -4.14887480E-02  -6.30168393E-02 -0.223924950      -1.55149065E-02
  -26.8700008      -2.83576064E-02  -3.28092128E-02 -0.313361377      -5.87810650E-02
  -26.0599995      -2.47312412E-02  -2.76829265E-02 -0.423937261     -0.128031835    
  -25.2500000      -4.63076644E-02  -3.62994447E-02 -0.554872990     -0.217699409    
  -24.4400005     -0.299679190      -5.54501005E-02 -0.754211605     -0.332910955    
  -23.6299992     -0.144307166     -0.267463624      -1.08312631     -0.516138136    
  -22.8199997     -0.105050772     -0.298506200      -1.52576625     -0.845164299    
  -22.0100002      -7.89848939E-02  -8.29763040E-02  -2.03949356      -1.32959652    
  -21.2099991      -7.29769841E-02  -6.96477592E-02  -2.60161924      -1.89488351    
  -20.3999996      -7.01073632E-02  -6.64303601E-02  -3.21885347      -2.51427698    
  -19.5900002      -6.28144816E-02  -6.05193675E-02  -3.88135982      -3.17681360    
  -18.7800007      -5.67137562E-02  -3.24201174E-02  -4.58527470      -3.87541747    
  -17.9699993      -4.72860374E-02   8.38093758E-02  -5.32585478      -4.58083820    
  -17.1599998      -2.25737188E-02   3.17474902E-02  -6.09495115      -5.25887394    
  -16.3500004      -1.54736461E-02  -1.11918217E-02  -6.88174677      -5.91458416    
  -15.5500002      -7.38295820E-03  -4.42706943E-02  -7.66874218      -6.56796646    
  -14.7399998      -6.32281927E-03  -6.90064728E-02  -8.47152519      -7.25708055    
  -13.9300003      -1.74583029E-02  -7.82864168E-02  -9.28045654      -7.98893404    
  -13.1199999      -2.12897696E-02  -8.92134979E-02  -10.0996456      -8.77242184    
  -12.3100004      -2.62844618E-02  -9.81465131E-02  -10.9329920      -9.61411476    
  -11.5000000      -3.59806828E-02  -9.98481140E-02  -11.7843561      -10.5190172    
  -10.6899996      -4.40927781E-02 -0.101541489      -12.6590672      -11.4894285    
  -9.89000034      -4.80429120E-02 -0.103619300      -13.5510626      -12.5141344    
  -9.07999992      -5.16613573E-02 -0.105944209      -14.4854879      -13.6192551    
  -8.27000046      -5.60077392E-02 -0.108306445      -15.4539251      -14.7938910    
  -7.46000004      -6.55772462E-02 -0.110362172      -16.4599686      -16.0395393    
  -6.65000010      -7.85562843E-02 -0.111990996      -17.5095940      -17.3575230    
  -5.84000015      -9.25166979E-02 -0.113661937      -18.6109219      -18.7489929    
  -5.03000021      -9.80511308E-02 -0.115311138      -19.7715702      -20.2150326    
  -4.23000002     -0.102132268     -0.117021814      -20.9815941      -21.7381763    
  -3.42000008     -0.106383435     -0.118467242      -22.2733707      -23.3566151    
  -2.60999990     -0.110645056     -0.118254907      -23.6349487      -25.0525112    
  -1.79999995     -0.113949105     -0.117729031      -25.0689621      -26.8259411    
 -0.990000010     -0.113024421     -0.121126063      -26.5770435      -28.6772575    
 -0.180000007     -0.117776811     -0.124677554      -28.1602135      -30.6080685    
  0.629999995     -0.125529647     -0.116198331      -29.8211479      -32.6187096    
   1.42999995     -0.137289807      -3.19988690E-02  -31.5441017      -34.6678581    
   2.24000001      -4.07226272E-02 -0.111130521      -33.3603630      -36.7901001    
   3.04999995     -0.147011891     -0.180621937      -35.2366142      -38.9836731    
   3.85999990     -0.194064006     -0.200518504      -37.1996040      -41.2876205    
   4.67000008     -0.195702940     -0.195925549      -39.2824707      -43.7191086    
   5.48000002     -0.195945755     -0.197630405      -41.4935074      -46.2801781    
   6.28999996     -0.197630405     -0.197630405      -43.8333435      -48.9706345    
   7.09000015     -0.197630405     -0.197630405      -46.2728844      -51.7567406    
   7.90000010     -0.197630405     -0.197630405      -48.8717766      -54.7065239    
   8.71000004     -0.197630405     -0.197630405      -51.6003304      -57.7859764    
   9.52000046     -0.197630405     -0.197630405      -54.4585533      -60.9950981    
   10.3299999     -0.197630405     -0.197630405      -57.4464378      -64.3338776    
   11.1400003     -0.197630405     -0.197630405      -60.5639915      -67.8023300    
   11.9499998     -0.197630405     -0.197630405      -63.8112068      -71.4004364    
   12.7500000     -0.197630405     -0.197630405      -67.1472015      -75.0830002    
   13.5600004     -0.197630405     -0.197630405      -70.6537476      -78.9404449    
   14.3699999     -0.197630405     -0.197630405      -74.2899628      -82.9275513    
   15.1800003     -0.197630405     -0.197630405      -78.0558472      -87.0443344    
   15.9899998     -0.197630405     -0.197630405      -81.9513855      -91.2907715    
   16.7999992     -0.197630405     -0.197630405      -85.9765930      -95.6668777    
   17.6100006     -0.197630405     -0.197630405      -90.1314774      -100.172653    
   18.4099998     -0.197630405     -0.197630405      -94.3639221      -104.751663    
   19.2199993     -0.197630405     -0.197630405      -98.7781296      -109.516762    
   20.0300007     -0.197630405     -0.197630405      -103.322006      -114.411537    
   20.8400002     -0.197630405     -0.197630405      -107.995544      -119.435974    
   21.6499996     -0.197630405     -0.197630405      -112.798744      -124.590065    
   22.4599991     -0.197630405     -0.197630405      -117.731606      -129.873825    
   23.2700005     -0.197630405     -0.197630405      -122.794151      -135.287277    
   24.0699997     -0.197630405     -0.197630405      -127.923050      -140.762726    
   24.8799992     -0.197630405     -0.197630405      -133.244904      -146.435486    
   25.6900005     -0.197630405     -0.197630405      -138.696457      -152.237930    
   26.5000000     -0.197630405     -0.197630405      -144.277649      -158.170013    
   27.3099995     -0.197630405     -0.197630405      -149.988510      -164.231766    
   28.1200008     -0.197630405     -0.197630405      -155.829041      -170.423203    
   28.9300003     -0.197630405     -0.197630405      -161.799225      -176.744293    
   29.7299995     -0.197630405     -0.197630405      -167.824585      -183.116196    
   30.5400009     -0.197630405     -0.197630405      -174.054108      -189.696640    
   31.3500004     -0.197630405     -0.197630405      -180.413300      -196.406723    
   32.1599998     -0.197630405     -0.197630405      -186.902145      -203.246460    
   32.9700012     -0.197630405     -0.197630405      -193.520691      -210.215897    
   33.7799988     -0.197630405     -0.197630405      -200.268845      -217.314957    
   34.5900002     -0.197630405     -0.197630405      -207.146713      -224.543716    
   35.3899994     -0.197630405     -0.197630405      -214.068512      -231.812088    
   36.2000008     -0.197630405     -0.197630405      -221.205704      -239.300171    
   37.0099983     -0.197630405     -0.197630405      -228.472534      -246.917892    
   37.8199997     -0.197630405     -0.197630405      -235.869064      -254.665314    
   38.6300011     -0.197630405     -0.197630405      -243.395248      -262.542419    
   39.4399986     -0.197630405     -0.197630405      -251.051071      -270.549133    
   40.2500000     -0.197630405     -0.197630405      -258.836609      -278.685547    
   41.0499992     -0.197630405     -0.197630405      -266.654846      -286.850372    
   41.8600006     -0.197630405     -0.197630405      -274.699707      -295.246124    
   42.6699982     -0.197630405     -0.197630405      -282.874207      -303.771484    
   43.4799995     -0.197630405     -0.197630405      -291.178375      -312.426575    
   44.2900009     -0.197630405     -0.197630405      -299.612244      -321.211334    
   45.0999985     -0.197630405     -0.197630405      -308.175720      -330.125702    
   45.9099998     -0.197630405     -0.197630405      -316.868896      -339.169800    
