 Elev(m)    dbdxp(-)    dbdxc(-)      I2p     I2c
  -28.8999996       0.00000000       0.00000000       0.00000000       0.00000000    
  -28.0799999       3.17233172E-03   1.54754089E-03   5.33268554E-04   2.60141416E-04
  -27.2600002       5.36350347E-03   9.04367398E-03   3.03467852E-03   2.56080623E-03
  -26.4400005       1.03646899E-02   1.43610304E-02   9.61486902E-03   1.05761811E-02
  -25.6299992       2.03672983E-02   4.58457768E-02   2.38925386E-02   3.25009376E-02
  -24.8099995       2.19888650E-02   1.86020415E-02   5.05687892E-02   7.55258203E-02
  -23.9899998       1.43300174E-02   1.24139683E-02   9.04703066E-02  0.134598166    
  -23.1700001       1.10562779E-02   6.34936057E-03  0.140744448      0.202038407    
  -22.3500004       7.68289343E-03   2.15468710E-04  0.198436081      0.273736328    
  -21.5400009       1.83867535E-03  -2.80239666E-03  0.260136366      0.345215052    
  -20.7199993      -2.85714027E-03  -1.27645209E-03  0.324008137      0.416461289    
  -19.8999996      -4.38393885E-03   7.41780503E-04  0.386491328      0.486931831    
  -19.0799999      -2.60526570E-03  -2.99750501E-03  0.446582437      0.556933343    
  -18.2700005      -6.02975301E-03  -9.83456895E-03  0.503328562      0.623549461    
  -17.4500008      -1.55345574E-02  -1.57070570E-02  0.555716753      0.684564054    
  -16.6299992      -2.60424092E-02  -1.61398388E-02  0.597490966      0.735931814    
  -15.8100004      -2.94819083E-02  -2.29608570E-03  0.622942328      0.778846800    
  -14.9899998      -1.43728061E-02  -1.05504161E-02  0.631688178      0.816503346    
  -14.1800003      -1.48724653E-02  -1.91648491E-02  0.628129125      0.846572340    
  -13.3599997      -1.92544702E-02  -2.30716020E-02  0.613933980      0.864979148    
  -12.5400000      -2.33290493E-02  -1.36354752E-02  0.586843789      0.870115519    
  -11.7200003      -1.56176612E-02  -1.54821957E-02  0.546048403      0.864186823    
  -10.8999996      -1.57626551E-02  -1.74969230E-02  0.493430972      0.847819567    
  -10.0900002      -1.73026677E-02  -1.65228639E-02  0.430686325      0.820457101    
  -9.27000046      -1.71389766E-02  -2.12257802E-02  0.355887741      0.780763090    
  -8.44999981      -2.31127720E-02  -3.02925464E-02  0.268533140      0.726063311    
  -7.63000011      -4.64400239E-02  -4.01364192E-02  0.162720472      0.650864244    
  -6.80999994      -9.28139761E-02  -7.64415935E-02   2.18073558E-02  0.544229269    
  -6.00000000     -0.134839550     -0.112068631     -0.178778931      0.387848467    
  -5.17999983     -0.134126171     -0.134140283     -0.464850873      0.156851903    
  -4.36000013     -0.102546029     -0.133019075     -0.835920334     -0.160441667    
  -3.53999996      -9.09531489E-02  -9.35885683E-02  -1.27930176     -0.560737610    
  -2.73000002      -8.14241618E-02  -6.46657795E-02  -1.77838314      -1.02038252    
  -1.90999997      -7.34544247E-02  -4.41138260E-02  -2.33828020      -1.53026211    
  -1.09000003      -6.04707487E-02  -4.94301580E-02  -2.94672489      -2.07415223    
 -0.270000011      -5.34358807E-02  -6.14928119E-02  -3.59683013      -2.65241337    
  0.550000012      -4.79399450E-02  -8.01207423E-02  -4.28312445      -3.27312565    
   1.36000001      -8.96335468E-02  -9.72958505E-02  -5.00100899      -3.93960714    
   2.18000007     -0.111028679     -0.122890338      -5.78432798      -4.68078566    
   3.00000000     -0.104196608     -0.121338099      -6.63755751      -5.50003195    
   3.81999993     -0.100005172     -0.114589982      -7.56129265      -6.39999247    
   4.63999987     -0.163951650     -0.111186527      -8.56372547      -7.37756538    
   5.44999981     -0.202343002     -0.176217452      -9.65933704      -8.42901993    
   6.26999998     -0.417505562     -0.109450556      -10.9334860      -9.58919239    
   7.09000015     -0.789932549     -0.499224722      -12.5148020      -10.8997040    
   7.90999985     -0.360022783     -0.810592055      -14.4923944      -12.5327129    
   8.72999954      -9.71563458E-02 -0.259615630      -16.7401466      -14.5658035    
   9.53999996      -9.73321721E-02  -9.28699821E-02  -19.0690956      -16.8110638    
   10.3599997      -9.98163968E-02  -9.39328521E-02  -21.4922276      -19.1739635    
   11.1800003     -0.102912962     -0.100638002      -23.9825802      -21.6009750    
   12.0000000      -7.48845935E-02 -0.109092429      -26.5368958      -24.0959454    
   12.8100004      -7.48845935E-02  -7.48845935E-02  -29.1147652      -26.6262455    
   13.6300001      -7.48845935E-02  -7.48845935E-02  -31.7744980      -29.2435017    
   14.4499998      -7.48845935E-02  -7.48845935E-02  -34.4845848      -31.9111099    
   15.2700005      -7.48845935E-02  -7.48845935E-02  -37.2450256      -34.6290741    
   16.0900002      -7.48845935E-02  -7.48845935E-02  -40.0558167      -37.3973885    
   16.8999996      -7.48845935E-02  -7.48845935E-02  -42.8823700      -40.1819878    
   17.7199993      -7.48845935E-02  -7.48845935E-02  -45.7938652      -43.0510063    
   18.5400009      -7.48845935E-02  -7.48845935E-02  -48.7557220      -45.9703827    
   19.3600006      -7.48845935E-02  -7.48845935E-02  -51.7679214      -48.9401054    
   20.1800003      -7.48845935E-02  -7.48845935E-02  -54.8304710      -51.9601822    
   20.9899998      -7.48845935E-02  -7.48845935E-02  -57.9057198      -54.9934692    
   21.8099995      -7.48845935E-02  -7.48845935E-02  -61.0689774      -58.1142502    
   22.6299992      -7.48845935E-02  -7.48845935E-02  -64.2825851      -61.2853813    
   23.4500008      -7.48845935E-02  -7.48845935E-02  -67.5465546      -64.5068741    
   24.2700005      -7.48845935E-02  -7.48845935E-02  -70.8608704      -67.7787094    
   25.0799999      -7.48845935E-02  -7.48845935E-02  -74.1848068      -71.0606918    
   25.8999996      -7.48845935E-02  -7.48845935E-02  -77.5998306      -74.4332352    
   26.7199993      -7.48845935E-02  -7.48845935E-02  -81.0652008      -77.8561325    
   27.5400009      -7.48845935E-02  -7.48845935E-02  -84.5809326      -81.3293839    
   28.3500004      -7.48845935E-02  -7.48845935E-02  -88.1038208      -84.8103180    
   29.1700001      -7.48845935E-02  -7.48845935E-02  -91.7202530      -88.3842697    
   29.9899998      -7.48845935E-02  -7.48845935E-02  -95.3870316      -92.0085754    
   30.8099995      -7.48845935E-02  -7.48845935E-02  -99.1041641      -95.6832275    
   31.6299992      -7.48845935E-02  -7.48845935E-02  -102.871651      -99.4082413    
   32.4399986      -7.48845935E-02  -7.48845935E-02  -106.643234      -103.137863    
   33.2599983      -7.48845935E-02  -7.48845935E-02  -110.511421      -106.963577    
   34.0800018      -7.48845935E-02  -7.48845935E-02  -114.429985      -110.839661    
   34.9000015      -7.48845935E-02  -7.48845935E-02  -118.398880      -114.766075    
   35.7200012      -7.48845935E-02  -7.48845935E-02  -122.418129      -118.742851    
   36.5299988      -7.48845935E-02  -7.48845935E-02  -126.438393      -122.721161    
   37.3499985      -7.48845935E-02  -7.48845935E-02  -130.558350      -126.798630    
   38.1699982      -7.48845935E-02  -7.48845935E-02  -134.728653      -130.926453    
   38.9900017      -7.48845935E-02  -7.48845935E-02  -138.949326      -135.104660    
   39.8100014      -7.48845935E-02  -7.48845935E-02  -143.220337      -139.333191    
   40.6199989      -7.48845935E-02  -7.48845935E-02  -147.489288      -143.560196    
   41.4399986      -7.48845935E-02  -7.48845935E-02  -151.861008      -147.889420    
   42.2599983      -7.48845935E-02  -7.48845935E-02  -156.283066      -152.269012    
   43.0800018      -7.48845935E-02  -7.48845935E-02  -160.755508      -156.698975    
   43.9000015      -7.48845935E-02  -7.48845935E-02  -165.278275      -161.179276    
   44.7099991      -7.48845935E-02  -7.48845935E-02  -169.795929      -165.654968    
   45.5299988      -7.48845935E-02  -7.48845935E-02  -174.419403      -170.235962    
   46.3499985      -7.48845935E-02  -7.48845935E-02  -179.093231      -174.867310    
   47.1699982      -7.48845935E-02  -7.48845935E-02  -183.817413      -179.549011    
   47.9799995      -7.48845935E-02  -7.48845935E-02  -188.534027      -184.223679    
   48.7999992      -7.48845935E-02  -7.48845935E-02  -193.358917      -189.006088    
   49.6199989      -7.48845935E-02  -7.48845935E-02  -198.234161      -193.838852    
   50.4399986      -7.48845935E-02  -7.48845935E-02  -203.159744      -198.721954    
   51.2599983      -7.48845935E-02  -7.48845935E-02  -208.135681      -203.655426    
   52.0699997      -7.48845935E-02  -7.48845935E-02  -213.100998      -208.578781    
   52.8899994      -7.48845935E-02  -7.48845935E-02  -218.177643      -213.612946    
