 Elev(m)    dbdxp(-)    dbdxc(-)      I2p     I2c
  -15.0100002       0.00000000       0.00000000       0.00000000       0.00000000    
  -14.5100002       6.90659732E-02 -0.155240789       4.31662332E-03  -9.70254932E-03
  -14.0200005      0.135251060     -0.271776676       2.55470164E-02  -5.54081276E-02
  -13.5200005      0.205120236     -0.369649112       8.09931010E-02 -0.168279529    
  -13.0299997      0.271987438     -0.427700728      0.185997337     -0.368015409    
  -12.5299997      0.361046135     -0.521454155      0.361919671     -0.679966807    
  -12.0400000      0.391592652     -0.641758740      0.620136738      -1.11651564    
  -11.5500002      0.570845842     -0.752876043      0.983664453      -1.71002173    
  -11.0500002      0.831957996     -0.887563109       1.50121129      -2.50355363    
  -10.5600004       1.32139122      -1.48050296       2.22891307      -3.52969575    
  -10.0600004       1.03565943      -1.43249011       3.25061941      -4.90382528    
  -9.56999969      0.744271755      -1.35166466       4.50750828      -6.60290527    
  -9.06999969      0.446384013      -1.24439168       5.97343779      -8.66936970    
  -8.57999992      0.250223190      -1.13553143       7.52651358      -11.0022583    
  -8.07999992      0.236808375      -1.03651690       9.18437481      -13.6642199    
  -7.59000015      0.222605765     -0.712178886       10.8676214      -16.5152721    
  -7.09000015      0.208246142     -0.465177834       12.6402769      -19.6051598    
  -6.59999990      0.191276103     -0.429504961       14.4288397      -22.7612801    
  -6.09999990      0.172954991     -0.405828565       16.3011284      -26.0887947    
  -5.61000013      0.162369385     -0.379520833       18.1792355      -29.4500065    
  -5.11000013      0.155257195     -0.346690238       20.1360569      -32.9732857    
  -4.61999989      0.149162397     -0.311898410       22.0922222      -36.5117455    
  -4.13000011      0.144516855     -0.279841244       24.0850048      -40.1266975    
  -3.63000011      0.142313749     -0.253512412       26.1543655      -43.8849945    
  -3.14000010      0.141700879     -0.231351271       28.2176590      -47.6310921    
  -2.64000010      0.139906630     -0.209538594       30.3580494      -51.5108871    
  -2.15000010      0.137760624     -0.190136492       32.4902344      -55.3650665    
  -1.64999998      0.134269625     -0.172146857       34.6999359      -59.3450165    
  -1.15999997      0.130059063     -0.157696217       36.8986244      -63.2881737    
 -0.660000026      0.124185495     -0.145843938       39.1742592      -67.3509674    
 -0.170000002      0.116127804     -0.129189193       41.4349709      -71.3682861    
  0.330000013      0.107358888      -7.74685070E-02   43.7705040      -75.4973450    
  0.819999993      0.101886891      -5.82543574E-02   46.0860901      -79.5649643    
   1.32000005       9.88141671E-02  -4.73128296E-02   48.4742889      -83.7305069    
   1.80999994       9.90200788E-02  -4.06816565E-02   50.8393822      -87.8246994    
   2.30999994      0.105093114      -4.16960791E-02   53.2776108      -92.0129852    
   2.79999995      0.113327831      -4.60376740E-02   55.6932297      -96.1280365    
   3.29999995      0.119534723      -5.03839068E-02   58.1860695      -100.338463    
   3.78999996      0.126291826      -5.67564107E-02   60.6586838      -104.477287    
   4.28000021      0.128829479      -5.89011200E-02   63.1619911      -108.629768    
   4.78000021      0.162348852      -9.23379660E-02   65.7502060      -112.883522    
   5.26999998      0.244824648     -0.172286928       68.3299408      -117.078003    
   5.76999998      0.282965720     -0.206632808       71.0202332      -121.397972    
   6.26000023      0.317447484     -0.240327120       73.7265778      -125.682686    
   6.76000023      0.201656133     -0.251671493       76.5573578      -130.112961    
   7.25000000       7.08343312E-02 -0.171133801       79.3803406      -134.511185    
   7.75000000       3.33005674E-02 -0.120409183       82.2841339      -139.043274    
   8.23999977      -3.15968469E-02  -5.36789820E-02   85.1363373      -143.513474    
   8.73999977      -7.62901455E-02  -1.88744608E-02   88.0401077      -148.090073    
   9.22999954      -9.40291882E-02  -1.47817507E-02   90.8685455      -152.581696    
   9.72999954     -0.110003240      -3.60695459E-03   93.7315369      -157.168198    
   10.2200003     -0.126082778       1.30144907E-02   96.5100098      -161.663513    
   10.7200003     -0.140225694       3.35775986E-02   99.3140869      -166.247086    
   11.2100000     -0.146293849       4.93325777E-02   102.027870      -170.730942    
   11.6999998     -0.146293849       5.29742055E-02   104.706169      -175.203415    
   12.1999998     -0.146293849       5.29742055E-02   107.402924      -179.754303    
   12.6899996     -0.146293849       5.29742055E-02   110.009537      -184.201050    
   13.1899996     -0.146293849       5.29742055E-02   112.633156      -188.725433    
   13.6800003     -0.146293849       5.29742055E-02   115.168091      -193.146225    
   14.1800003     -0.146293849       5.29742055E-02   117.718552      -197.644135    
   14.6700001     -0.146293849       5.29742055E-02   120.181801      -202.038971    
   15.1700001     -0.146293849       5.29742055E-02   122.659119      -206.510376    
   15.6599998     -0.146293849       5.29742055E-02   125.050682      -210.879257    
   16.1599998     -0.146293849       5.29742055E-02   127.454857      -215.324188    
   16.6499996     -0.146293849       5.29742055E-02   129.774734      -219.667099    
   17.1499996     -0.146293849       5.29742055E-02   132.105759      -224.085541    
   17.6399994     -0.146293849       5.29742055E-02   134.353958      -228.402496    
   18.1399994     -0.146293849       5.29742055E-02   136.611832      -232.794464    
   18.6299992     -0.146293849       5.29742055E-02   138.788345      -237.085464    
   19.1299992     -0.146293849       5.29742055E-02   140.973068      -241.450928    
   19.6200008     -0.146293849       5.29742055E-02   143.077911      -245.715988    
   20.1100006     -0.146293849       5.29742055E-02   145.146896      -249.968048    
   20.6100006     -0.146293849       5.29742055E-02   147.221909      -254.293793    
   21.1000004     -0.146293849       5.29742055E-02   149.219208      -258.519897    
   21.6000004     -0.146293849       5.29742055E-02   151.221069      -262.819153    
   22.0900002     -0.146293849       5.29742055E-02   153.146683      -267.019287    
   22.5900002     -0.146293849       5.29742055E-02   155.075409      -271.292053    
   23.0799999     -0.146293849       5.29742055E-02   156.929337      -275.466248    
   23.5799999     -0.146293849       5.29742055E-02   158.784912      -279.712524    
   24.0699997     -0.146293849       5.29742055E-02   160.567154      -283.860779    
   24.5699997     -0.146293849       5.29742055E-02   162.349579      -288.080566    
   25.0599995     -0.146293849       5.29742055E-02   164.060150      -292.202850    
   25.5599995     -0.146293849       5.29742055E-02   165.769424      -296.396149    
   26.0499992     -0.146293849       5.29742055E-02   167.408310      -300.492462    
   26.5499992     -0.146293849       5.29742055E-02   169.044434      -304.659271    
   27.0400009     -0.146293849       5.29742055E-02   170.611633      -308.729645    
   27.5400009     -0.146293849       5.29742055E-02   172.174622      -312.869995    
   28.0300007     -0.146293849       5.29742055E-02   173.670135      -316.914398    
   28.5200005     -0.146293849       5.29742055E-02   175.129807      -320.945831    
   29.0200005     -0.146293849       5.29742055E-02   176.583069      -325.046417    
   29.5100002     -0.146293849       5.29742055E-02   177.971054      -329.051880    
   30.0100002     -0.146293849       5.29742055E-02   179.351166      -333.126007    
   30.5000000     -0.146293849       5.29742055E-02   180.667480      -337.105499    
   31.0000000     -0.146293849       5.29742055E-02   181.974442      -341.153137    
   31.4899998     -0.146293849       5.29742055E-02   183.219055      -345.106689    
   31.9899998     -0.146293849       5.29742055E-02   184.452881      -349.127838    
   32.4799995     -0.146293849       5.29742055E-02   185.625824      -353.055420    
   32.9799995     -0.146293849       5.29742055E-02   186.786499      -357.050079    
   33.4700012     -0.146293849       5.29742055E-02   187.887741      -360.951721    
   33.9700012     -0.146293849       5.29742055E-02   188.975281      -364.919891    
   34.4599991     -0.146293849       5.29742055E-02   190.004837      -368.795563    
