 Elev(m)    Area(m2)     Peri(m)      Radi(m)   Conv(m3/s)    topWidth(m)    newI1(m3)    dPdA(1/m)
   -24.88        0.00        0.00         NaN                 NaN               0.000           0.000             NaN
   -24.23       19.74       49.12        0.40             430.023              49.095           6.414           2.488
   -23.58       68.74      123.67        0.56            1858.777             123.633          35.163           1.522
   -22.93      159.89      156.04        1.02            6500.076             155.970         109.448           0.355
   -22.28      291.41      260.36        1.12           12565.431             260.261         256.081           0.793
   -21.63      498.17      353.38        1.41           25053.535             353.221         512.629           0.450
   -20.98      745.46      436.59        1.71           42597.602             436.368         916.707           0.337
   -20.33     1058.25      518.68        2.04           68093.797             518.407        1502.765           0.262
   -19.68     1399.96      532.96        2.63          106608.758             532.619        2301.480           0.042
   -19.03     1751.47      549.01        3.19          151826.969             548.602        3325.435           0.046
   -18.38     2112.03      562.06        3.76          204190.797             561.579        4580.752           0.036
   -17.73     2482.62      578.67        4.29          262192.531             578.113        6073.628           0.045
   -17.08     2862.72      592.21        4.83          327373.688             591.547        7810.419           0.036
   -16.43     3250.41      601.71        5.40          400284.031             600.934        9796.681           0.025
   -15.78     3643.68      610.35        5.97          479635.156             609.458       12036.687           0.022
   -15.13     4042.53      619.11        6.53          564900.875             618.106       14534.067           0.022
   -14.48     4445.73      623.47        7.13          658800.875             622.075       17292.045           0.011
   -13.83     4850.98      627.02        7.74          759022.938             625.180       20312.701           0.009
   -13.18     5258.39      631.96        8.32          863680.812             629.692       23597.404           0.012
   -12.53     5670.10      639.83        8.86          971262.375             637.154       27148.254           0.019
   -11.88     6085.31      643.84        9.45         1088120.375             640.739       30967.783           0.010
   -11.23     6502.84      647.86       10.04         1210347.750             644.323       35057.887           0.010
   -10.58     6922.69      651.64       10.62         1338169.875             647.664       39420.070           0.009
    -9.93     7344.38      654.62       11.22         1472286.625             650.173       44055.684           0.007
    -9.28     7767.70      657.60       11.81         1611540.875             652.683       48965.848           0.007
    -8.63     8192.65      660.57       12.40         1755849.625             655.192       54151.633           0.007
    -7.98     8619.23      663.55       12.99         1905137.000             657.702       59614.102           0.007
    -7.33     9047.32      666.13       13.58         2060100.750             659.792       65354.262           0.006
    -6.68     9476.74      668.68       14.17         2219961.000             661.857       71373.039           0.006
    -6.03     9907.51      671.24       14.76         2384606.250             663.922       77671.305           0.006
    -5.38    10339.62      673.79       15.35         2553975.000             665.987       84249.945           0.006
    -4.73    10773.07      676.35       15.93         2728007.500             668.052       91109.812           0.006
    -4.08    11207.87      678.95       16.51         2906523.250             670.165       98251.789           0.006
    -3.43    11644.07      681.59       17.08         3089481.500             672.322      105676.773           0.006
    -2.78    12081.67      684.23       17.66         3276945.500             674.479      113385.664           0.006
    -2.13    12520.67      686.87       18.23         3468869.500             676.636      121379.375           0.006
    -1.48    12961.07      689.52       18.80         3665210.750             678.793      129658.820           0.006
    -0.83    13402.86      692.08       19.37         3866198.000             680.870      138224.906           0.006
    -0.18    13846.15      695.07       19.92         4069973.500             683.534      147078.578           0.007
     0.47    14291.23      698.12       20.47         4277822.500             686.294      156220.891           0.007
     1.12    14738.11      701.18       21.02         4489988.500             689.054      165653.000           0.007
     1.77    15186.78      704.23       21.57         4706443.500             691.814      175376.109           0.007
     2.42    15637.24      707.29       22.11         4927163.500             694.574      185391.344           0.007
     3.07    16094.39      726.77       22.15         5076772.000             713.828      195701.484           0.043
     3.71    16568.51      780.17       21.24         5082442.500             767.027      206314.203           0.113
     4.36    17148.81      973.40       17.62         4644319.000             960.111      217269.531           0.333
     5.01    17775.69      981.52       18.11         4903485.500             968.110      228617.094           0.013
     5.66    18406.87      987.95       18.63         5174509.000             974.409      240373.406           0.010
     6.31    19041.90      993.71       19.16         5454291.000             980.014      252541.141           0.009
     6.96    19681.86     1007.19       19.54         5711667.500             993.356      265123.156           0.021
     7.61    20331.74     1018.51       19.96         5984685.500            1004.557      278124.250           0.017
     8.26    20984.53     1018.51       20.60         6308353.000            1004.557      291548.594           0.000
     8.91    21637.33     1018.51       21.24         6638804.000            1004.557      305397.156           0.000
     9.56    22290.12     1018.51       21.89         6975969.000            1004.557      319669.906           0.000
    10.21    22942.92     1018.51       22.53         7319783.500            1004.557      334366.906          -0.000
    10.86    23595.71     1018.51       23.17         7670182.000            1004.557      349488.062           0.000
    11.51    24248.50     1018.51       23.81         8027101.500            1004.557      365033.438           0.000
    12.16    24901.30     1018.51       24.45         8390488.000            1004.557      381003.031           0.000
    12.81    25554.09     1018.51       25.09         8760281.000            1004.557      397396.844          -0.000
    13.46    26206.89     1018.51       25.73         9136425.000            1004.557      414214.875           0.000
    14.11    26859.68     1018.51       26.37         9518870.000            1004.557      431457.094          -0.000
    14.76    27512.48     1018.51       27.01         9907560.000            1004.557      449123.531           0.000
    15.41    28165.27     1018.51       27.65        10302449.000            1004.557      467214.156          -0.000
    16.06    28818.07     1018.51       28.29        10703488.000            1004.557      485729.000           0.000
    16.71    29470.86     1018.51       28.94        11110629.000            1004.557      504668.062          -0.000
    17.36    30123.66     1018.51       29.58        11523826.000            1004.557      524031.312           0.000
    18.01    30776.45     1018.51       30.22        11943039.000            1004.557      543818.812          -0.000
    18.66    31429.25     1018.51       30.86        12368220.000            1004.557      564030.500          -0.000
    19.31    32082.04     1018.51       31.50        12799329.000            1004.557      584666.375           0.000
    19.96    32734.84     1018.51       32.14        13236328.000            1004.557      605726.438           0.000
    20.61    33387.63     1018.51       32.78        13679176.000            1004.557      627210.750           0.000
    21.26    34040.43     1018.51       33.42        14127831.000            1004.557      649119.250          -0.000
    21.91    34693.22     1018.51       34.06        14582264.000            1004.557      671452.000           0.000
    22.56    35346.02     1018.51       34.70        15042430.000            1004.557      694208.938          -0.000
    23.21    35998.81     1018.51       35.34        15508300.000            1004.557      717390.062          -0.000
    23.86    36651.61     1018.51       35.99        15979832.000            1004.557      740995.375           0.000
    24.51    37304.40     1018.51       36.63        16457001.000            1004.557      765024.938          -0.000
    25.16    37957.20     1018.51       37.27        16939766.000            1004.557      789478.688           0.000
    25.81    38609.99     1018.51       37.91        17428100.000            1004.557      814356.688          -0.000
    26.46    39262.79     1018.51       38.55        17921966.000            1004.557      839658.875           0.000
    27.11    39915.58     1018.51       39.19        18421344.000            1004.557      865385.250          -0.000
    27.76    40568.38     1018.51       39.83        18926190.000            1004.557      891535.750           0.000
    28.41    41221.17     1018.51       40.47        19436484.000            1004.557      918110.562          -0.000
    29.06    41873.96     1018.51       41.11        19952196.000            1004.557      945109.562          -0.000
    29.71    42526.76     1018.51       41.75        20473290.000            1004.557      972532.812           0.000
    30.36    43179.55     1018.51       42.39        20999752.000            1004.557     1000380.188           0.000
    31.01    43832.35     1018.51       43.04        21531540.000            1004.557     1028651.812           0.000
    31.66    44485.14     1018.51       43.68        22068638.000            1004.557     1057347.625          -0.000
    32.31    45137.94     1018.51       44.32        22611016.000            1004.557     1086467.875           0.000
    32.96    45790.73     1018.51       44.96        23158650.000            1004.557     1116012.125          -0.000
    33.61    46443.53     1018.51       45.60        23711514.000            1004.557     1145980.500          -0.000
    34.26    47096.32     1018.51       46.24        24269580.000            1004.557     1176373.250           0.000
    34.91    47749.12     1018.51       46.88        24832828.000            1004.557     1207190.125          -0.000
    35.56    48401.91     1018.51       47.52        25401230.000            1004.557     1238431.250           0.000
    36.21    49054.71     1018.51       48.16        25974772.000            1004.557     1270096.500          -0.000
    36.86    49707.50     1018.51       48.80        26553420.000            1004.557     1302186.000           0.000
    37.51    50360.30     1018.51       49.45        27137158.000            1004.557     1334699.500          -0.000
    38.16    51013.09     1018.51       50.09        27725960.000            1004.557     1367637.500           0.000
    38.81    51665.88     1018.51       50.73        28319808.000            1004.557     1400999.625          -0.000
    39.46    52318.68     1018.51       51.37        28918684.000            1004.557     1434785.875          -0.000
    40.11    52971.47     1018.51       52.01        29522554.000            1004.557     1468996.500           0.000
