 Elev(m)    Area(m2)     Peri(m)      Radi(m)   Conv(m3/s)    topWidth(m)    newI1(m3)    dPdA(1/m)
   -24.41        0.00        0.00         NaN                 NaN               0.000           0.000             NaN
   -23.81       19.80       50.70        0.39             423.185              50.683           5.946           2.561
   -23.21       57.54       87.98        0.65            1734.315              87.925          29.169           0.988
   -22.61      131.69      157.07        0.84            4683.296             156.954          85.987           0.932
   -22.01      246.62      226.29        1.09           10447.160             226.106         199.577           0.602
   -21.41      399.32      269.75        1.48           20747.168             269.526         393.527           0.285
   -20.81      571.97      307.35        1.86           34614.418             307.096         685.165           0.218
   -20.20      774.91      371.89        2.08           50567.484             371.610        1089.577           0.318
   -19.60     1008.64      403.97        2.50           74253.719             403.640        1625.103           0.137
   -19.00     1260.76      437.60        2.88          102109.227             437.206        2306.510           0.133
   -18.40     1532.23      466.85        3.28          135356.406             466.399        3145.127           0.108
   -17.80     1830.19      517.60        3.54          169911.812             517.029        4154.723           0.170
   -17.20     2145.58      533.48        4.02          217046.797             532.781        5348.482           0.050
   -16.60     2470.66      551.32        4.48          268623.438             550.494        6734.546           0.055
   -16.00     2807.72      573.14        4.90          323947.031             572.192        8319.422           0.065
   -15.40     3159.18      602.98        5.24          381195.438             601.910       10111.030           0.085
   -14.80     3530.01      631.24        5.59          444862.781             630.045       12119.517           0.076
   -14.20     3915.24      654.41        5.98          516127.312             653.108       14355.019           0.060
   -13.60     4315.91      680.15        6.35          591711.875             678.734       16826.488           0.064
   -13.00     4728.25      695.10        6.80          678987.688             693.567       19542.076           0.036
   -12.40     5148.76      708.79        7.26          772476.375             707.138       22507.734           0.033
   -11.80     5578.17      724.30        7.70          870163.000             722.527       25728.584           0.036
   -11.20     6015.79      735.82        8.18          976560.188             733.933       29209.770           0.026
   -10.60     6459.43      745.64        8.66         1089848.250             743.632       32955.562           0.022
   -10.00     6908.97      756.18        9.14         1207813.500             754.062       36969.535           0.023
    -9.40     7365.52      768.44        9.59         1329415.000             766.211       41255.574           0.027
    -8.79     7828.93      778.71       10.05         1458740.125             776.376       45817.836           0.022
    -8.19     8297.66      787.15       10.54         1595682.625             784.690       50659.980           0.018
    -7.59     8771.19      794.99       11.03         1738797.000             792.405       55785.043           0.017
    -6.99     9249.40      803.11       11.52         1886827.375             800.400       61195.883           0.017
    -6.39     9732.55      811.70       11.99         2039422.750             808.867       66895.375           0.018
    -5.79    10221.54      822.29       12.43         2194002.500             819.337       72886.758           0.022
    -5.19    10714.40      825.36       12.98         2367255.250             822.114       79172.953           0.006
    -4.59    11208.93      828.43       13.53         2545842.750             824.891       85755.625           0.006
    -3.99    11705.13      831.49       14.08         2729696.250             827.670       92635.766           0.006
    -3.39    12202.99      834.56       14.62         2918752.250             830.451       99814.375           0.006
    -2.79    12702.46      837.17       15.17         3114073.500             832.727      107292.453           0.005
    -2.19    13203.03      839.24       15.73         3315816.250             834.412      115070.797           0.004
    -1.59    13704.61      841.31       16.29         3522621.500             836.096      123150.039           0.004
    -0.99    14207.21      843.38       16.85         3734432.250             837.781      131530.797           0.004
    -0.39    14710.82      845.45       17.40         3951193.750             839.466      140213.688           0.004
     0.21    15215.44      847.52       17.95         4172853.250             841.150      149199.297           0.004
     0.81    15721.07      849.59       18.50         4399361.500             842.835      158488.250           0.004
     1.41    16228.00      853.24       19.02         4625088.000             846.190      168081.219           0.007
     2.01    16737.51      858.00       19.51         4851613.000             850.715      177979.406           0.009
     2.61    17249.82      865.79       19.92         5070991.500             858.274      188184.391           0.015
     3.22    17780.38      934.35       19.03         5069373.500             926.803      198702.500           0.129
     3.82    18341.35      948.20       19.34         5286614.000             940.594      209548.359           0.025
     4.42    18908.58      956.20       19.77         5530867.000             948.489      220732.969           0.014
     5.02    19480.53      964.15       20.20         5780478.500             956.346      232259.625           0.014
     5.62    20057.94      977.06       20.53         6015293.000             969.169      244131.391           0.022
     6.22    20639.94      977.06       21.12         6308997.500             969.169      256351.266           0.000
     6.82    21221.95      977.06       21.72         6608277.000             969.169      268920.656          -0.000
     7.42    21803.95      977.06       22.32         6913078.000             969.169      281839.531           0.000
     8.02    22385.95      977.06       22.91         7223352.500             969.169      295107.938           0.000
     8.62    22967.95      977.06       23.51         7539052.000             969.169      308725.844           0.000
     9.22    23549.96      977.06       24.10         7860130.000             969.169      322693.219           0.000
     9.82    24131.96      977.06       24.70         8186542.500             969.169      337010.125           0.000
    10.42    24713.96      977.06       25.29         8518246.000             969.169      351676.531           0.000
    11.02    25295.96      977.06       25.89         8855199.000             969.169      366692.438           0.000
    11.62    25877.97      977.06       26.49         9197360.000             969.169      382057.844          -0.000
    12.22    26459.97      977.06       27.08         9544690.000             969.169      397772.750           0.000
    12.82    27041.97      977.06       27.68         9897151.000             969.169      413837.156           0.000
    13.42    27623.97      977.06       28.27        10254706.000             969.169      430251.062           0.000
    14.02    28205.98      977.06       28.87        10617318.000             969.169      447014.500           0.000
    14.63    28787.98      977.06       29.46        10984954.000             969.169      464127.406           0.000
    15.23    29369.98      977.06       30.06        11357578.000             969.169      481589.812           0.000
    15.83    29951.99      977.06       30.66        11735160.000             969.169      499401.750          -0.000
    16.43    30533.99      977.06       31.25        12117662.000             969.169      517563.156           0.000
    17.03    31115.99      977.06       31.85        12505056.000             969.169      536074.125           0.000
    17.63    31697.99      977.06       32.44        12897313.000             969.169      554934.562           0.000
    18.23    32280.00      977.06       33.04        13294398.000             969.169      574144.500           0.000
    18.83    32862.00      977.06       33.63        13696289.000             969.169      593703.938           0.000
    19.43    33444.00      977.06       34.23        14102953.000             969.169      613612.875           0.000
    20.03    34026.00      977.06       34.82        14514359.000             969.169      633871.250           0.000
    20.63    34608.01      977.06       35.42        14930486.000             969.169      654479.250          -0.000
    21.23    35190.01      977.06       36.02        15351305.000             969.169      675436.688           0.000
    21.83    35772.01      977.06       36.61        15776786.000             969.169      696743.625           0.000
    22.43    36354.02      977.06       37.21        16206910.000             969.169      718400.125           0.000
    23.03    36936.02      977.06       37.80        16641650.000             969.169      740406.062           0.000
    23.63    37518.02      977.06       38.40        17080978.000             969.169      762761.500           0.000
    24.23    38100.02      977.06       38.99        17524878.000             969.169      785466.438           0.000
    24.83    38682.03      977.06       39.59        17973320.000             969.169      808520.938          -0.000
    25.43    39264.03      977.06       40.19        18426282.000             969.169      831924.875           0.000
    26.04    39846.03      977.06       40.78        18883742.000             969.169      855678.375           0.000
    26.64    40428.04      977.06       41.38        19345680.000             969.169      879781.375           0.000
    27.24    41010.04      977.06       41.97        19812072.000             969.169      904233.812           0.000
    27.84    41592.04      977.06       42.57        20282896.000             969.169      929035.750           0.000
    28.44    42174.04      977.06       43.16        20758134.000             969.169      954187.250           0.000
    29.04    42756.05      977.06       43.76        21237766.000             969.169      979688.250           0.000
    29.64    43338.05      977.06       44.36        21721768.000             969.169     1005538.750          -0.000
    30.24    43920.05      977.06       44.95        22210124.000             969.169     1031738.750           0.000
    30.84    44502.05      977.06       45.55        22702816.000             969.169     1058288.250           0.000
    31.44    45084.05      977.06       46.14        23199816.000             969.169     1085187.125           0.000
    32.04    45666.06      977.06       46.74        23701116.000             969.169     1112435.625           0.000
    32.64    46248.06      977.06       47.33        24206696.000             969.169     1140033.625           0.000
    33.24    46830.07      977.06       47.93        24716532.000             969.169     1167981.125           0.000
    33.84    47412.07      977.06       48.53        25230610.000             969.169     1196278.125           0.000
    34.44    47994.07      977.06       49.12        25748914.000             969.169     1224924.750          -0.000
    35.04    48576.07      977.06       49.72        26271426.000             969.169     1253920.750           0.000
    35.64    49158.08      977.06       50.31        26798126.000             969.169     1283266.250           0.000
