 Elev(m)    Area(m2)     Peri(m)      Radi(m)   Conv(m3/s)    topWidth(m)    newI1(m3)    dPdA(1/m)
   -42.60        0.00        0.00         NaN                 NaN               0.000           0.000             NaN
   -41.55       49.67       76.70        0.65            1487.111              76.667          26.120           1.544
   -40.50      148.22      110.47        1.34            7212.387             110.362         130.186           0.343
   -39.45      280.31      138.54        2.02           17936.879             138.314         355.538           0.212
   -38.39      436.63      159.08        2.74           34237.965             158.712         732.557           0.131
   -37.34      612.98      175.88        3.49           56362.973             175.329        1284.519           0.095
   -36.29      804.95      191.06        4.21           83990.594             190.314        2030.174           0.079
   -35.24     1013.83      207.62        4.88          116723.688             206.684        2986.618           0.079
   -34.19     1239.95      224.00        5.54          155205.531             222.881        4171.816           0.072
   -33.14     1481.13      237.05        6.25          200981.875             235.760        5602.757           0.054
   -32.08     1737.43      254.64        6.82          250006.328             253.186        7295.308           0.069
   -31.03     2011.97      269.13        7.48          307693.094             267.491        9267.015           0.053
   -29.98     2298.40      278.42        8.26          375524.000             276.515       11533.719           0.032
   -28.93     2593.39      286.44        9.05          450627.312             284.251       14106.172           0.027
   -27.88     2897.10      295.95        9.79          530298.188             293.468       16993.469           0.031
   -26.83     3210.45      305.02       10.53          616755.812             302.245       20205.254           0.029
   -25.77     3532.80      313.69       11.26          709998.125             310.603       23751.332           0.027
   -24.72     3863.58      321.77       12.01          810356.250             318.347       27640.875           0.024
   -23.67     4202.72      330.48       12.72          915895.938             326.718       31882.709           0.026
   -22.62     4551.30      340.68       13.36         1024998.750             336.592       36486.203           0.029
   -21.57     4911.57      353.03       13.91         1136444.500             348.643       41462.453           0.034
   -20.52     5284.15      364.53       14.50         1256596.000             359.811       46824.090           0.031
   -19.46     5668.57      377.02       15.04         1381258.875             371.972       52583.812           0.032
   -18.41     6066.33      388.32       15.62         1516388.625             382.937       58754.859           0.028
   -17.36     6473.14      395.56       16.36         1668937.750             389.787       65349.008           0.018
   -16.31     6886.15      402.21       17.12         1829732.250             396.067       72374.289           0.016
   -15.26     7306.51      409.74       17.83         1994837.750             403.294       79837.805           0.018
   -14.20     7734.39      417.11       18.54         2167377.500             410.363       87747.375           0.017
   -13.15     8169.65      424.39       19.25         2347218.500             417.331       96110.852           0.017
   -12.10     8613.39      436.16       19.75         2517226.250             428.838      104936.578           0.027
   -11.05     9070.26      446.53       20.31         2700994.500             438.963      114235.906           0.023
   -10.00     9536.48      455.39       20.94         2898119.250             447.550      124020.664           0.019
    -8.95    10012.02      464.93       21.53         3099825.250             456.843      134300.656           0.020
    -7.89    10497.75      475.18       22.09         3306098.500             466.863      145086.156           0.021
    -6.84    10994.93      492.56       22.32         3486651.000             484.005      156388.547           0.035
    -5.79    11530.28      527.36       21.86         3606255.000             518.582      168233.906           0.065
    -4.74    12080.99      538.11       22.45         3845758.000             529.082      180650.406           0.020
    -3.69    12644.72      553.10       22.86         4074192.500             543.836      193652.953           0.027
    -2.64    13226.43      574.01       23.04         4284004.000             564.514      207257.844           0.036
    -1.58    13831.20      593.13       23.32         4515728.500             583.360      221486.688           0.032
    -0.53    14452.61      607.67       23.78         4781073.000             597.677      236360.328           0.023
     0.52    15087.27      619.48       24.35         5070580.000             609.252      251894.500           0.019
     1.57    15734.14      632.11       24.89         5365386.500             621.650      268102.594           0.020
     2.62    16401.58      661.56       24.79         5578168.500             650.858      285001.875           0.044
     3.67    17093.17      687.80       24.85         5822665.500             676.908      302615.812           0.038
     4.73    17834.90      773.87       23.05         5777422.000             762.855      320983.469           0.116
     5.78    18704.99      918.65       20.36         5578982.000             907.516      340198.750           0.166
     6.83    19780.76     1197.78       16.51         5131148.000            1186.450      360437.312           0.259
     7.88    21114.46     1297.88       16.27         5422562.000            1286.389      381942.938           0.075
     8.93    22474.21     1310.29       17.15         5978916.000            1298.621      404864.969           0.009
     9.99    23849.75     1328.58       17.95         6540442.500            1316.715      429225.438           0.013
    11.04    25234.59     1328.58       18.99         7185571.000            1316.715      455037.469           0.000
    12.09    26619.44     1328.58       20.04         7854748.000            1316.715      482306.031           0.000
    13.14    28004.28     1328.58       21.08         8547549.000            1316.715      511031.094           0.000
    14.19    29389.13     1328.58       22.12         9263576.000            1316.715      541212.625           0.000
    15.24    30773.97     1328.58       23.16        10002459.000            1316.715      572850.688           0.000
    16.30    32158.82     1328.58       24.21        10763849.000            1316.715      605945.250           0.000
    17.35    33543.66     1328.58       25.25        11547421.000            1316.715      640496.312          -0.000
    18.40    34928.51     1328.58       26.29        12352862.000            1316.715      676503.875           0.000
    19.45    36313.35     1328.58       27.33        13179879.000            1316.715      713967.938           0.000
    20.50    37698.20     1328.58       28.37        14028197.000            1316.715      752888.500           0.000
    21.55    39083.04     1328.58       29.42        14897549.000            1316.715      793265.500           0.000
    22.61    40467.89     1328.58       30.46        15787686.000            1316.715      835099.188           0.000
    23.66    41852.73     1328.58       31.50        16698363.000            1316.715      878389.188           0.000
    24.71    43237.58     1328.58       32.54        17629360.000            1316.715      923135.750           0.000
    25.76    44622.43     1328.58       33.59        18580446.000            1316.715      969338.812          -0.000
    26.81    46007.27     1328.58       34.63        19551418.000            1316.715     1016998.375           0.000
    27.86    47392.12     1328.58       35.67        20542080.000            1316.715     1066114.500           0.000
    28.92    48776.96     1328.58       36.71        21552226.000            1316.715     1116687.125           0.000
    29.97    50161.81     1328.58       37.76        22581676.000            1316.715     1168716.125           0.000
    31.02    51546.65     1328.58       38.80        23630250.000            1316.715     1222201.625           0.000
    32.07    52931.50     1328.58       39.84        24697776.000            1316.715     1277143.875           0.000
    33.12    54316.34     1328.58       40.88        25784084.000            1316.715     1333542.375           0.000
    34.18    55701.19     1328.58       41.93        26889016.000            1316.715     1391397.500           0.000
    35.23    57086.04     1328.58       42.97        28012422.000            1316.715     1450709.000          -0.000
    36.28    58470.88     1328.58       44.01        29154140.000            1316.715     1511477.125           0.000
    37.33    59855.72     1328.58       45.05        30314028.000            1316.715     1573701.625           0.000
    38.38    61240.57     1328.58       46.09        31491950.000            1316.715     1637382.750           0.000
    39.43    62625.41     1328.58       47.14        32687764.000            1316.715     1702520.250           0.000
    40.49    64010.26     1328.58       48.18        33901336.000            1316.715     1769114.375           0.000
    41.54    65395.11     1328.58       49.22        35132544.000            1316.715     1837165.125           0.000
    42.59    66779.95     1328.58       50.26        36381256.000            1316.715     1906672.250           0.000
    43.64    68164.80     1328.58       51.31        37647352.000            1316.715     1977635.750          -0.000
    44.69    69549.64     1328.58       52.35        38930712.000            1316.715     2050055.875           0.000
    45.74    70934.48     1328.58       53.39        40231224.000            1316.715     2123932.500           0.000
    46.80    72319.34     1328.58       54.43        41548776.000            1316.715     2199265.500           0.000
    47.85    73704.18     1328.58       55.48        42883252.000            1316.715     2276055.000           0.000
    48.90    75089.02     1328.58       56.52        44234548.000            1316.715     2354301.250           0.000
    49.95    76473.87     1328.58       57.56        45602564.000            1316.715     2434003.750           0.000
    51.00    77858.71     1328.58       58.60        46987196.000            1316.715     2515162.750           0.000
    52.05    79243.55     1328.58       59.65        48388344.000            1316.715     2597778.250          -0.000
    53.11    80628.41     1328.58       60.69        49805924.000            1316.715     2681850.750           0.000
    54.16    82013.25     1328.58       61.73        51239816.000            1316.715     2767379.250           0.000
    55.21    83398.09     1328.58       62.77        52689944.000            1316.715     2854364.250           0.000
    56.26    84782.95     1328.58       63.81        54156224.000            1316.715     2942806.000           0.000
    57.31    86167.79     1328.58       64.86        55638540.000            1316.715     3032704.000           0.000
    58.37    87552.63     1328.58       65.90        57136836.000            1316.715     3124058.500           0.000
    59.42    88937.48     1328.58       66.94        58651012.000            1316.715     3216869.750           0.000
    60.47    90322.32     1328.58       67.98        60180988.000            1316.715     3311137.250          -0.000
    61.52    91707.16     1328.58       69.03        61726688.000            1316.715     3406861.250           0.000
    62.57    93092.02     1328.58       70.07        63288032.000            1316.715     3504042.000           0.000
