   493.037445      -23.9645348    
   536.312988      -23.9645348    
 NaN NaN
   480.535400      -23.3286610    
   544.107849      -23.3286610    
 NaN NaN
   470.578156      -22.6927872    
   551.520996      -22.6927872    
 NaN NaN
   455.856628      -22.0569134    
   559.181458      -22.0569134    
 NaN NaN
   445.833069      -21.4210396    
   567.803711      -21.4210396    
 NaN NaN
   433.992584      -20.7851658    
   575.090881      -20.7851658    
 NaN NaN
   409.745361      -20.1492920    
   582.727173      -20.1492920    
 NaN NaN
   388.298889      -19.5134182    
   590.812561      -19.5134182    
 NaN NaN
   362.105072      -18.8775444    
   599.422302      -18.8775444    
 NaN NaN
   349.700653      -18.2416706    
   611.599487      -18.2416706    
 NaN NaN
   338.753571      -17.6057968    
   624.075073      -17.6057968    
 NaN NaN
   327.946320      -16.9699230    
   637.025940      -16.9699230    
 NaN NaN
   316.708649      -16.3340492    
   654.762329      -16.3340492    
 NaN NaN
   304.241577      -15.6981754    
   675.061584      -15.6981754    
 NaN NaN
   284.696320      -15.0623016    
   691.915100      -15.0623016    
 NaN NaN
   273.176300      -14.4264278    
   706.664612      -14.4264278    
 NaN NaN
   265.849823      -13.7905540    
   723.962219      -13.7905540    
 NaN NaN
   259.838440      -13.1546803    
   771.328552      -13.1546803    
 NaN NaN
   254.721146      -12.5188065    
   810.076965      -12.5188065    
 NaN NaN
   249.843460      -11.8829327    
   873.965271      -11.8829327    
 NaN NaN
   245.890030      -11.2470589    
   898.081665      -11.2470589    
 NaN NaN
   242.244888      -10.6111851    
   916.944641      -10.6111851    
 NaN NaN
   238.332748      -9.97531128    
   935.789978      -9.97531128    
 NaN NaN
   234.063721      -9.33943748    
   969.342896      -9.33943748    
 NaN NaN
   230.353485      -8.70356369    
   997.516724      -8.70356369    
 NaN NaN
   227.797485      -8.06768990    
   1037.96167      -8.06768990    
 NaN NaN
   225.340378      -7.43181610    
   1066.12585      -7.43181610    
 NaN NaN
   222.971786      -6.79594231    
   1091.54919      -6.79594231    
 NaN NaN
   220.593948      -6.16006851    
   1098.71765      -6.16006851    
 NaN NaN
   218.188263      -5.52419472    
   1105.64795      -5.52419472    
 NaN NaN
   215.887711      -4.88832092    
   1112.10217      -4.88832092    
 NaN NaN
   213.736435      -4.25244713    
   1117.98145      -4.25244713    
 NaN NaN
   211.489288      -3.61657333    
   1124.25952      -3.61657333    
 NaN NaN
   208.273102      -2.98069954    
   1128.89575      -2.98069954    
 NaN NaN
   205.669312      -2.34482574    
   1132.95349      -2.34482574    
 NaN NaN
   203.194565      -1.70895195    
   1136.84424      -1.70895195    
 NaN NaN
   201.028107      -1.07307816    
   1140.67773      -1.07307816    
 NaN NaN
   198.758713     -0.437204361    
   1145.28613     -0.437204361    
 NaN NaN
   195.717850      0.198669434    
   1152.33215      0.198669434    
 NaN NaN
   190.290176      0.834543228    
   1164.83057      0.834543228    
 NaN NaN
   184.752686       1.47041702    
   1183.72595       1.47041702    
 NaN NaN
   140.735062       2.10629082    
   160.734589       2.10629082    
 NaN NaN
   176.597076       2.10629082    
   1186.24976       2.10629082    
 NaN NaN
   135.466705       2.74216461    
   1188.77356       2.74216461    
 NaN NaN
   130.663574       3.37803841    
   1194.53845       3.37803841    
 NaN NaN
   126.105583       4.01391220    
   1211.15369       4.01391220    
 NaN NaN
   121.426582       4.64978600    
   1220.53003       4.64978600    
 NaN NaN
   55.1190186       5.28565979    
   1224.82336       5.28565979    
 NaN NaN
   17.2683544       5.92153358    
   37.9157982       5.92153358    
 NaN NaN
   43.2102585       5.92153358    
   1228.39392       5.92153358    
 NaN NaN
   13.2139559       6.55740738    
   1231.88818       6.55740738    
 NaN NaN
   0.00000000       7.19328117    
   1232.73608       7.19328117    
 NaN NaN
   0.00000000       7.82915497    
   1232.73608       7.82915497    
 NaN NaN
   0.00000000       8.46502876    
   1232.73608       8.46502876    
 NaN NaN
   0.00000000       9.10090256    
   1232.73608       9.10090256    
 NaN NaN
   0.00000000       9.73677635    
   1232.73608       9.73677635    
 NaN NaN
   0.00000000       10.3726501    
   1232.73608       10.3726501    
 NaN NaN
   0.00000000       11.0085239    
   1232.73608       11.0085239    
 NaN NaN
   0.00000000       11.6443977    
   1232.73608       11.6443977    
 NaN NaN
   0.00000000       12.2802715    
   1232.73608       12.2802715    
 NaN NaN
   0.00000000       12.9161453    
   1232.73608       12.9161453    
 NaN NaN
   0.00000000       13.5520191    
   1232.73608       13.5520191    
 NaN NaN
   0.00000000       14.1878929    
   1232.73608       14.1878929    
 NaN NaN
   0.00000000       14.8237667    
   1232.73608       14.8237667    
 NaN NaN
   0.00000000       15.4596405    
   1232.73608       15.4596405    
 NaN NaN
   0.00000000       16.0955143    
   1232.73608       16.0955143    
 NaN NaN
   0.00000000       16.7313881    
   1232.73608       16.7313881    
 NaN NaN
   0.00000000       17.3672619    
   1232.73608       17.3672619    
 NaN NaN
   0.00000000       18.0031357    
   1232.73608       18.0031357    
 NaN NaN
   0.00000000       18.6390095    
   1232.73608       18.6390095    
 NaN NaN
   0.00000000       19.2748833    
   1232.73608       19.2748833    
 NaN NaN
   0.00000000       19.9107571    
   1232.73608       19.9107571    
 NaN NaN
   0.00000000       20.5466309    
   1232.73608       20.5466309    
 NaN NaN
   0.00000000       21.1825047    
   1232.73608       21.1825047    
 NaN NaN
   0.00000000       21.8183784    
   1232.73608       21.8183784    
 NaN NaN
   0.00000000       22.4542522    
   1232.73608       22.4542522    
 NaN NaN
   0.00000000       23.0901260    
   1232.73608       23.0901260    
 NaN NaN
   0.00000000       23.7259998    
   1232.73608       23.7259998    
 NaN NaN
   0.00000000       24.3618736    
   1232.73608       24.3618736    
 NaN NaN
   0.00000000       24.9977474    
   1232.73608       24.9977474    
 NaN NaN
   0.00000000       25.6336212    
   1232.73608       25.6336212    
 NaN NaN
   0.00000000       26.2694950    
   1232.73608       26.2694950    
 NaN NaN
   0.00000000       26.9053688    
   1232.73608       26.9053688    
 NaN NaN
   0.00000000       27.5412426    
   1232.73608       27.5412426    
 NaN NaN
   0.00000000       28.1771164    
   1232.73608       28.1771164    
 NaN NaN
   0.00000000       28.8129902    
   1232.73608       28.8129902    
 NaN NaN
   0.00000000       29.4488640    
   1232.73608       29.4488640    
 NaN NaN
   0.00000000       30.0847378    
   1232.73608       30.0847378    
 NaN NaN
   0.00000000       30.7206116    
   1232.73608       30.7206116    
 NaN NaN
   0.00000000       31.3564854    
   1232.73608       31.3564854    
 NaN NaN
   0.00000000       31.9923592    
   1232.73608       31.9923592    
 NaN NaN
   0.00000000       32.6282349    
   1232.73608       32.6282349    
 NaN NaN
   0.00000000       33.2641068    
   1232.73608       33.2641068    
 NaN NaN
   0.00000000       33.8999786    
   1232.73608       33.8999786    
 NaN NaN
   0.00000000       34.5358543    
   1232.73608       34.5358543    
 NaN NaN
   0.00000000       35.1717300    
   1232.73608       35.1717300    
 NaN NaN
   0.00000000       35.8076019    
   1232.73608       35.8076019    
 NaN NaN
   0.00000000       36.4434738    
   1232.73608       36.4434738    
 NaN NaN
   0.00000000       37.0793495    
   1232.73608       37.0793495    
 NaN NaN
   0.00000000       37.7152252    
   1232.73608       37.7152252    
 NaN NaN
   0.00000000       38.3510971    
   1232.73608       38.3510971    
 NaN NaN
   0.00000000       38.9869690    
   1232.73608       38.9869690    
 NaN NaN
