   259.656372      -15.6801300    
   299.168396      -15.6801300    
 NaN NaN
   248.111786      -15.0504131    
   309.459686      -15.0504131    
 NaN NaN
   230.988892      -14.4206963    
   366.318115      -14.4206963    
 NaN NaN
   219.194199      -13.7909794    
   381.051880      -13.7909794    
 NaN NaN
   401.372009      -13.7909794    
   413.561188      -13.7909794    
 NaN NaN
   212.598480      -13.1612635    
   435.705353      -13.1612635    
 NaN NaN
   208.939468      -12.5315466    
   452.996826      -12.5315466    
 NaN NaN
   205.929871      -11.9018297    
   480.025482      -11.9018297    
 NaN NaN
   203.051529      -11.2721128    
   502.663452      -11.2721128    
 NaN NaN
   200.520996      -10.6423960    
   563.973267      -10.6423960    
 NaN NaN
   198.405807      -10.0126791    
   578.366821      -10.0126791    
 NaN NaN
   196.368027      -9.38296223    
   622.389648      -9.38296223    
 NaN NaN
   194.343384      -8.75324631    
   720.723755      -8.75324631    
 NaN NaN
   734.394104      -8.75324631    
   763.351746      -8.75324631    
 NaN NaN
   192.318756      -8.12352943    
   772.642517      -8.12352943    
 NaN NaN
   189.876129      -7.49381256    
   783.224976      -7.49381256    
 NaN NaN
   186.850906      -6.86409569    
   792.231812      -6.86409569    
 NaN NaN
   183.876907      -6.23437881    
   800.138611      -6.23437881    
 NaN NaN
   181.011444      -5.60466194    
   811.393982      -5.60466194    
 NaN NaN
   845.665955      -5.60466194    
   849.465820      -5.60466194    
 NaN NaN
   177.356003      -4.97494507    
   862.548462      -4.97494507    
 NaN NaN
   174.121536      -4.34522867    
   916.196716      -4.34522867    
 NaN NaN
   170.905899      -3.71551180    
   928.328064      -3.71551180    
 NaN NaN
   168.226532      -3.08579493    
   940.212158      -3.08579493    
 NaN NaN
   165.547180      -2.45607829    
   949.425537      -2.45607829    
 NaN NaN
   162.812393      -1.82636154    
   956.471008      -1.82636154    
 NaN NaN
   159.917511      -1.19664478    
   961.235046      -1.19664478    
 NaN NaN
   156.991180     -0.566928029    
   965.610107     -0.566928029    
 NaN NaN
   153.561005       6.27887249E-02
   968.954163       6.27887249E-02
 NaN NaN
   150.098846      0.692505479    
   972.251892      0.692505479    
 NaN NaN
   147.087799       1.32222223    
   975.685242       1.32222223    
 NaN NaN
   144.003082       1.95193899    
   978.706665       1.95193899    
 NaN NaN
   140.907959       2.58165574    
   980.727539       2.58165574    
 NaN NaN
   134.818787       3.21137238    
   982.677368       3.21137238    
 NaN NaN
   128.545883       3.84108925    
   984.273804       3.84108925    
 NaN NaN
   122.578003       4.47080612    
   985.870300       4.47080612    
 NaN NaN
   110.341347       5.10052299    
   987.489075       5.10052299    
 NaN NaN
   99.6617737       5.73023939    
   989.385010       5.73023939    
 NaN NaN
   96.5489426       6.35995626    
   991.499695       6.35995626    
 NaN NaN
   94.5992432       6.98967314    
   994.208618       6.98967314    
 NaN NaN
   92.6495514       7.61938953    
   996.917542       7.61938953    
 NaN NaN
   90.6998520       8.24910641    
   1003.86285       8.24910641    
 NaN NaN
   1014.19714       8.24910641    
   1027.53625       8.24910641    
 NaN NaN
   1213.40942       8.24910641    
   1234.93555       8.24910641    
 NaN NaN
   44.0765915       8.87882328    
   57.6953392       8.87882328    
 NaN NaN
   76.9034576       8.87882328    
   1058.47070       8.87882328    
 NaN NaN
   1207.22437       8.87882328    
   1280.02722       8.87882328    
 NaN NaN
   27.8527412       9.50854015    
   1061.47876       9.50854015    
 NaN NaN
   1111.63831       9.50854015    
   1120.18738       9.50854015    
 NaN NaN
   1121.71399       9.50854015    
   1140.20630       9.50854015    
 NaN NaN
   1155.65601       9.50854015    
   1170.31458       9.50854015    
 NaN NaN
   1194.82507       9.50854015    
   1314.66150       9.50854015    
 NaN NaN
   22.9192924       10.1382570    
   1064.48682       10.1382570    
 NaN NaN
   1067.93103       10.1382570    
   1077.17090       10.1382570    
 NaN NaN
   1080.56287       10.1382570    
   1321.48206       10.1382570    
 NaN NaN
   19.4925461       10.7679739    
   1331.84937       10.7679739    
 NaN NaN
   16.9488659       11.3976898    
   1338.80383       11.3976898    
 NaN NaN
   14.4458456       12.0274067    
   1341.72961       12.0274067    
 NaN NaN
   12.0771875       12.6571236    
   1344.78284       12.6571236    
 NaN NaN
   9.66768742       13.2868404    
   1347.27124       13.2868404    
 NaN NaN
   6.82425022       13.9165573    
   1349.75964       13.9165573    
 NaN NaN
   3.41212773       14.5462742    
   1352.96619       14.5462742    
 NaN NaN
   5.16748696E-06   15.1759911    
   1359.56946       15.1759911    
 NaN NaN
   0.00000000       15.8057079    
   1359.56946       15.8057079    
 NaN NaN
   0.00000000       16.4354248    
   1359.56946       16.4354248    
 NaN NaN
   0.00000000       17.0651417    
   1359.56946       17.0651417    
 NaN NaN
   0.00000000       17.6948586    
   1359.56946       17.6948586    
 NaN NaN
   0.00000000       18.3245754    
   1359.56946       18.3245754    
 NaN NaN
   0.00000000       18.9542923    
   1359.56946       18.9542923    
 NaN NaN
   0.00000000       19.5840073    
   1359.56946       19.5840073    
 NaN NaN
   0.00000000       20.2137241    
   1359.56946       20.2137241    
 NaN NaN
   0.00000000       20.8434410    
   1359.56946       20.8434410    
 NaN NaN
   0.00000000       21.4731579    
   1359.56946       21.4731579    
 NaN NaN
   0.00000000       22.1028748    
   1359.56946       22.1028748    
 NaN NaN
   0.00000000       22.7325916    
   1359.56946       22.7325916    
 NaN NaN
   0.00000000       23.3623085    
   1359.56946       23.3623085    
 NaN NaN
   0.00000000       23.9920254    
   1359.56946       23.9920254    
 NaN NaN
   0.00000000       24.6217422    
   1359.56946       24.6217422    
 NaN NaN
   0.00000000       25.2514591    
   1359.56946       25.2514591    
 NaN NaN
   0.00000000       25.8811760    
   1359.56946       25.8811760    
 NaN NaN
   0.00000000       26.5108929    
   1359.56946       26.5108929    
 NaN NaN
   0.00000000       27.1406097    
   1359.56946       27.1406097    
 NaN NaN
   0.00000000       27.7703266    
   1359.56946       27.7703266    
 NaN NaN
   0.00000000       28.4000435    
   1359.56946       28.4000435    
 NaN NaN
   0.00000000       29.0297585    
   1359.56946       29.0297585    
 NaN NaN
   0.00000000       29.6594753    
   1359.56946       29.6594753    
 NaN NaN
   0.00000000       30.2891922    
   1359.56946       30.2891922    
 NaN NaN
   0.00000000       30.9189091    
   1359.56946       30.9189091    
 NaN NaN
   0.00000000       31.5486259    
   1359.56946       31.5486259    
 NaN NaN
   0.00000000       32.1783447    
   1359.56946       32.1783447    
 NaN NaN
   0.00000000       32.8080597    
   1359.56946       32.8080597    
 NaN NaN
   0.00000000       33.4377785    
   1359.56946       33.4377785    
 NaN NaN
   0.00000000       34.0674934    
   1359.56946       34.0674934    
 NaN NaN
   0.00000000       34.6972084    
   1359.56946       34.6972084    
 NaN NaN
   0.00000000       35.3269272    
   1359.56946       35.3269272    
 NaN NaN
   0.00000000       35.9566422    
   1359.56946       35.9566422    
 NaN NaN
   0.00000000       36.5863609    
   1359.56946       36.5863609    
 NaN NaN
   0.00000000       37.2160759    
   1359.56946       37.2160759    
 NaN NaN
   0.00000000       37.8457947    
   1359.56946       37.8457947    
 NaN NaN
   0.00000000       38.4755096    
   1359.56946       38.4755096    
 NaN NaN
   0.00000000       39.1052284    
   1359.56946       39.1052284    
 NaN NaN
   0.00000000       39.7349434    
   1359.56946       39.7349434    
 NaN NaN
   0.00000000       40.3646622    
   1359.56946       40.3646622    
 NaN NaN
   0.00000000       40.9943771    
   1359.56946       40.9943771    
 NaN NaN
   0.00000000       41.6240959    
   1359.56946       41.6240959    
 NaN NaN
   0.00000000       42.2538109    
   1359.56946       42.2538109    
 NaN NaN
   0.00000000       42.8835297    
   1359.56946       42.8835297    
 NaN NaN
   0.00000000       43.5132446    
   1359.56946       43.5132446    
 NaN NaN
   0.00000000       44.1429596    
   1359.56946       44.1429596    
 NaN NaN
   0.00000000       44.7726784    
   1359.56946       44.7726784    
 NaN NaN
   0.00000000       45.4023933    
   1359.56946       45.4023933    
 NaN NaN
   0.00000000       46.0321121    
   1359.56946       46.0321121    
 NaN NaN
   0.00000000       46.6618271    
   1359.56946       46.6618271    
 NaN NaN
