 Elev(m)    Area(m2)     Peri(m)      Radi(m)   Conv(m3/s)    topWidth(m)    newI1(m3)    dPdA(1/m)
   -23.96        0.00        0.00         NaN                 NaN               0.000           0.000             NaN
   -23.33       19.57       73.26        0.27             324.610              73.240           6.113           3.744
   -22.71       99.04      168.46        0.59            2780.312             168.413          43.169           1.198
   -22.08      213.15      195.86        1.09            9020.731             195.780         140.704           0.240
   -21.46      362.28      298.48        1.21           16488.609             298.368         320.479           0.688
   -20.83      559.05      337.87        1.65           31283.682             337.730         608.320           0.200
   -20.21      784.34      373.76        2.10           51424.324             373.595        1028.024           0.159
   -19.58     1025.67      400.90        2.56           76745.094             400.692        1593.506           0.112
   -18.96     1285.90      431.41        2.98          106531.484             431.169        2315.685           0.117
   -18.33     1562.50      469.28        3.33          139361.297             468.995        3205.583           0.137
   -17.71     1881.83      542.33        3.47          172524.984             541.989        4281.662           0.229
   -17.08     2225.90      559.99        3.97          223417.219             559.587        5564.999           0.051
   -16.46     2580.80      577.11        4.47          280207.156             576.651        7066.707           0.048
   -15.83     2945.94      591.52        4.98          343652.750             590.998        8793.369           0.039
   -15.21     3319.95      606.19        5.48          412610.062             605.606       10750.961           0.039
   -14.58     3702.27      618.54        5.99          488197.438             617.879       12944.842           0.032
   -13.96     4091.90      629.67        6.50          569979.938             628.934       15379.895           0.029
   -13.34     4487.73      638.65        7.03          658562.375             637.823       18060.342           0.023
   -12.71     4888.88      647.00        7.56          753017.750             646.079       20989.781           0.021
   -12.09     5294.92      654.49        8.09          853542.500             653.448       24171.404           0.018
   -11.46     5705.36      661.43        8.63          959860.500             660.265       27608.109           0.017
   -10.84     6120.07      668.51        9.15         1071310.500             667.213       31302.609           0.017
   -10.21     6539.13      675.51        9.68         1188058.125             674.085       35257.594           0.017
    -9.59     6962.38      682.40       10.20         1310079.000             680.820       39475.734           0.016
    -8.96     7390.24      690.39       10.70         1435807.375             688.649       43959.781           0.019
    -8.34     7822.54      696.70       11.23         1568945.625             694.802       48712.566           0.015
    -7.71     8258.47      702.53       11.76         1707852.500             700.461       53736.594           0.013
    -7.09     8697.88      708.36       12.28         1851739.500             706.125       59034.098           0.013
    -6.46     9141.04      714.73       12.79         1999676.250             712.226       64607.336           0.014
    -5.84     9587.82      719.93       13.32         2154754.500             717.058       70458.609           0.012
    -5.21    10036.41      722.12       13.90         2320689.000             718.788       76589.609           0.005
    -4.59    10486.08      724.31       14.48         2491529.000             720.517       83001.250           0.005
    -3.96    10936.83      726.50       15.05         2667208.000             722.247       89694.188           0.005
    -3.34    11388.65      728.68       15.63         2847663.250             723.977       96669.117           0.005
    -2.71    11841.56      730.83       16.20         3032953.250             725.658      103926.695           0.005
    -2.09    12295.45      732.82       16.78         3223301.750             727.173      111467.578           0.004
    -1.46    12750.29      734.82       17.35         3418260.000             728.689      119292.375           0.004
    -0.84    13206.08      736.82       17.92         3617775.750             730.205      127401.664           0.004
    -0.21    13662.84      739.08       18.49         3820933.500             731.998      135796.062           0.005
     0.41    14120.97      741.88       19.03         4026677.750             734.390      144476.281           0.006
     1.04    14580.59      744.64       19.58         4236975.000             736.738      153443.219           0.006
     1.66    15041.66      747.37       20.13         4451716.500             739.064      162697.797           0.006
     2.29    15504.18      750.11       20.67         4670791.000             741.389      172240.938           0.006
     2.91    15968.16      752.85       21.21         4894165.500             743.715      182073.516           0.006
     3.54    16435.49      763.67       21.52         5086603.500             754.239      192197.062           0.023
     4.16    17007.33      976.79       17.41         4570028.500             967.270      202645.266           0.373
     4.79    17627.59     1018.95       17.30         4716434.500            1009.341      213465.906           0.068
     5.41    18261.19     1034.85       17.65         4950959.000            1025.137      224678.281           0.025
     6.04    18907.54     1051.65       17.98         5190442.500            1041.824      236290.531           0.026
     6.66    19563.82     1071.78       18.25         5425153.000            1061.837      248309.750           0.031
     7.28    20230.34     1080.84       18.72         5704604.500            1070.866      260742.250           0.014
     7.91    20899.46     1080.84       19.34         6022526.000            1070.866      273592.031           0.000
     8.53    21568.58     1080.84       19.96         6347307.000            1070.866      286859.906          -0.000
     9.16    22237.71     1080.84       20.57         6678875.500            1070.866      300545.844           0.000
     9.78    22906.82     1080.84       21.19         7017162.500            1070.866      314649.906           0.000
    10.41    23575.94     1080.84       21.81         7362103.000            1070.866      329172.031          -0.000
    11.03    24245.06     1080.84       22.43         7713632.500            1070.866      344112.281           0.000
    11.66    24914.18     1080.84       23.05         8071690.000            1070.866      359470.625           0.000
    12.28    25583.30     1080.84       23.67         8436218.000            1070.866      375247.031           0.000
    12.91    26252.42     1080.84       24.29         8807158.000            1070.866      391441.562          -0.000
    13.53    26921.54     1080.84       24.91         9184453.000            1070.866      408054.156           0.000
    14.16    27590.66     1080.84       25.53         9568053.000            1070.866      425084.875           0.000
    14.78    28259.78     1080.84       26.15         9957909.000            1070.866      442533.688          -0.000
    15.41    28928.90     1080.84       26.77        10353966.000            1070.866      460400.562           0.000
    16.03    29598.02     1080.84       27.38        10756177.000            1070.866      478685.531           0.000
    16.66    30267.14     1080.84       28.00        11164497.000            1070.866      497388.594          -0.000
    17.28    30936.26     1080.84       28.62        11578879.000            1070.866      516509.781           0.000
    17.91    31605.38     1080.84       29.24        11999279.000            1070.866      536049.000           0.000
    18.53    32274.50     1080.84       29.86        12425657.000            1070.866      556006.375          -0.000
    19.16    32943.62     1080.84       30.48        12857968.000            1070.866      576381.812           0.000
    19.78    33612.74     1080.84       31.10        13296173.000            1070.866      597175.375           0.000
    20.41    34281.86     1080.84       31.72        13740234.000            1070.866      618387.000          -0.000
    21.03    34950.98     1080.84       32.34        14190111.000            1070.866      640016.750           0.000
    21.66    35620.10     1080.84       32.96        14645762.000            1070.866      662064.562           0.000
    22.28    36289.22     1080.84       33.58        15107161.000            1070.866      684530.438           0.000
    22.91    36958.34     1080.84       34.19        15574267.000            1070.866      707414.438          -0.000
    23.53    37627.46     1080.84       34.81        16047040.000            1070.866      730716.562           0.000
    24.16    38296.58     1080.84       35.43        16525455.000            1070.866      754436.750           0.000
    24.78    38965.70     1080.84       36.05        17009476.000            1070.866      778575.000          -0.000
    25.41    39634.82     1080.84       36.67        17499068.000            1070.866      803131.375           0.000
    26.03    40303.94     1080.84       37.29        17994202.000            1070.866      828105.875           0.000
    26.65    40973.06     1080.84       37.91        18494850.000            1070.866      853498.438          -0.000
    27.28    41642.18     1080.84       38.53        19000978.000            1070.866      879309.125           0.000
    27.90    42311.30     1080.84       39.15        19512550.000            1070.866      905537.812           0.000
    28.53    42980.42     1080.84       39.77        20029552.000            1070.866      932184.688          -0.000
    29.15    43649.54     1080.84       40.38        20551946.000            1070.866      959249.625           0.000
    29.78    44318.66     1080.84       41.00        21079700.000            1070.866      986732.625           0.000
    30.40    44987.78     1080.84       41.62        21612800.000            1070.866     1014633.750           0.000
    31.03    45656.90     1080.84       42.24        22151212.000            1070.866     1042952.938          -0.000
    31.65    46326.02     1080.84       42.86        22694906.000            1070.866     1071690.250           0.000
    32.28    46995.14     1080.84       43.48        23243864.000            1070.866     1100845.625           0.000
    32.90    47664.26     1080.84       44.10        23798060.000            1070.866     1130419.125          -0.000
    33.53    48333.38     1080.84       44.72        24357462.000            1070.866     1160410.625           0.000
    34.15    49002.50     1080.84       45.34        24922052.000            1070.866     1190820.375           0.000
    34.78    49671.62     1080.84       45.96        25491808.000            1070.866     1221648.125          -0.000
    35.40    50340.74     1080.84       46.58        26066700.000            1070.866     1252893.875           0.000
    36.03    51009.86     1080.84       47.19        26646714.000            1070.866     1284558.125           0.000
    36.65    51678.98     1080.84       47.81        27231824.000            1070.866     1316640.125          -0.000
    37.28    52348.10     1080.84       48.43        27821998.000            1070.866     1349140.250           0.000
    37.90    53017.22     1080.84       49.05        28417226.000            1070.866     1382058.500           0.000
    38.53    53686.34     1080.84       49.67        29017488.000            1070.866     1415394.750          -0.000
