184.39	RS=184.39  
0	11.61897567
9.15009614	9.826752512
18.29714363	8.168639767
27.44724093	7.815071814
36.59733591	7.476744209
45.74438456	7.15670386
54.89448186	6.86409614
64.04457451	7.437119884
73.19467181	7.7724
76.80655367	7.808976256
82.34171814	7.866887837
91.49182009	7.869935907
100.6419127	7.815071814
109.7889637	7.62304807
118.9390564	7.513319884
128.089149	7.580376256
137.239251	6.144767953
146.3862927	3.608832047
155.5363946	3.28269614
164.6864873	3.230880116
173.8335382	2.947416023
182.9836402	1.75564807
192.1337235	-1.283208012
201.2807745	-4.42264807
210.4308765	-6.824471814
219.5809598	-7.074407721
228.7310618	-6.809232047
237.8781127	-8.351519884
247.0282147	-10.55217567
256.178298	-12.00912047
265.325349	-12.40840772
274.475451	-12.47546409
283.6255529	-12.44803205
292.7725853	-12.59433591
301.9226873	-13.21612819
311.0727892	-13.74647953
320.2198216	-14.37132047
329.3699235	-14.54810386
338.5200255	-14.49628842
347.6701274	-14.42008842
356.8171784	-14.34998456
365.9672804	-14.31036023
375.1173451	-14.27378456
384.2643961	-14.27683205
393.414498	-14.29207181
402.5646	-14.2494
411.711651	-14.11833591
420.8617529	-13.98117567
430.0118549	-13.9446
439.1619196	-14.13967181
448.3089706	-14.60296795
457.4590726	-15.0114
466.6091745	-15.30705637
475.7562255	-15.50212819
484.9063274	-15.54784749
494.0564294	-15.66062433
503.2034804	-15.88617567
512.3535451	-16.13611158
521.5036471	-16.21231158
530.650698	-16.11477567
539.8008	-15.96237567
548.950902	-15.85874363
558.1010039	-15.79778456
567.2480549	-15.48688842
576.3981196	-15.14551158
585.5482216	-14.83766409
594.6952726	-14.48714363
603.8453745	-13.97507953
612.9954765	-13.59712819
622.1425274	-13.41729614
631.2925922	-13.28623205
640.4426941	-13.34414363
649.5927961	-13.50263977
658.7398471	-13.90192819
667.889949	-14.17015251
677.040051	-14.37741544
686.187102	-14.49019228
695.3372039	-14.56943977
704.4873059	-14.61516023
713.6343568	-14.53896023
722.7844588	-14.31645637
731.9345607	-14.22806409
741.0845883	-14.12443205
750.2316393	-14.17624749
759.3817412	-14.31036023
768.5318432	-14.34693591
777.6788941	-14.19453591
786.8289961	-13.88973591
795.979098	-13.47825637
805.126149	-13.07287181
814.276251	-12.67053591
823.4263529	-12.45412819
832.5734039	-12.38097567
850.8736078	-11.94816023
860.0237098	-11.96644749
869.1707607	-11.97559228
878.3207883	-11.66469614
887.4708902	-10.98194363
896.6179412	-10.20470386
905.7680432	-9.21410386
914.9181451	-8.52830386
924.0651961	-7.69924807
933.215298	-7.306055791
942.3654	-6.961632047
951.512451	-6.790944209
960.6625529	-6.760464093
969.8126549	-6.55624807
978.9627568	-5.775960233
988.1098078	-4.248911872
997.2599098	-2.523743919
1006.410012	-0.499871996
1015.556988	1.664208012
1024.70709	2.837688128
1033.857192	3.846575965
1043.004243	3.721608012
1052.154345	3.462527895
1061.304447	6.071616023
1066.44951	6.976871814
1070.451498	7.677912163
1079.6016	8.049767953
1088.751702	7.726680116
1097.898753	7.360919884
1107.048855	7.327392279
1116.198957	7.31824807
1125.346008	7.638287837
1134.49611	9.052560233
1143.646212	11.37513591
	
