 Elev(m)    Area(m2)     Peri(m)      Radi(m)   Conv(m3/s)    topWidth(m)    newI1(m3)    dPdA(1/m)
   -23.83        0.00        0.00         NaN                 NaN               0.000           0.000             NaN
   -23.24       11.33       42.41        0.27             188.105              42.382           3.331           3.742
   -22.65       43.77       68.48        0.64            1299.358              68.420          19.527           0.804
   -22.06      102.59      133.90        0.77            3436.103             133.824          62.542           1.112
   -21.48      208.04      252.71        0.82            7309.351             252.608         153.832           1.127
   -20.89      378.68      323.05        1.17           16839.906             322.879         326.261           0.412
   -20.30      584.85      380.62        1.54           31151.092             380.386         609.431           0.279
   -19.71      815.12      403.12        2.02           52136.133             402.841        1020.865           0.098
   -19.12     1060.08      431.23        2.46           77235.609             430.901        1571.964           0.115
   -18.54     1324.21      481.20        2.75          104015.797             480.837        2272.676           0.189
   -17.95     1616.95      505.87        3.20          140344.484             505.450        3137.046           0.084
   -17.36     1917.79      518.26        3.70          183525.359             517.787        4175.862           0.041
   -16.77     2225.38      529.25        4.20          231895.453             528.715        5393.490           0.036
   -16.19     2539.17      539.54        4.71          285232.844             538.932        6793.736           0.033
   -15.60     2859.08      550.31        5.20          343055.312             549.643        8380.220           0.034
   -15.01     3185.54      562.16        5.67          405001.688             561.426       10156.662           0.036
   -14.42     3519.07      573.69        6.13          471689.469             572.886       12127.066           0.035
   -13.83     3858.22      581.67        6.63          544820.562             580.782       14295.165           0.024
   -13.25     4201.62      588.50        7.14          623148.812             587.501       16663.857           0.020
   -12.66     4548.83      595.01        7.64          706118.500             593.902       19235.512           0.019
   -12.07     4899.69      601.20        8.15          793713.125             599.966       22012.320           0.018
   -11.48     5254.15      607.63        8.65          885399.938             606.276       24996.420           0.018
   -10.90     5612.55      614.76        9.13          980671.688             613.291       28190.014           0.020
   -10.31     5975.10      621.98        9.61         1080071.250             620.385       31595.484           0.020
    -9.72     6341.72      628.74       10.09         1184203.625             627.017       35215.250           0.018
    -9.13     6712.07      634.93       10.57         1293212.875             633.078       39051.605           0.017
    -8.54     7086.32      642.85       11.02         1403955.000             640.863       43106.785           0.021
    -7.96     7466.18      654.65       11.40         1513158.375             652.517       47383.594           0.031
    -7.37     7853.06      665.78       11.80         1627691.000             663.498       51885.734           0.029
    -6.78     8247.17      679.34       12.14         1742513.250             676.921       56617.402           0.034
    -6.19     8646.75      684.57       12.63         1875865.750             681.969       61582.328           0.013
    -5.61     9048.99      689.60       13.12         2013709.500             686.833       66782.898           0.012
    -5.02     9454.23      694.96       13.60         2155080.750             692.067       72220.773           0.013
    -4.43     9862.46      699.93       14.09         2301440.750             696.891       77897.719           0.012
    -3.84    10273.70      705.62       14.56         2450318.250             702.453       83815.500           0.014
    -3.25    10688.29      712.61       15.00         2600195.000             709.311       89975.977           0.017
    -2.67    11115.79      738.08       15.06         2711606.500             734.674       96383.938           0.060
    -2.08    11550.93      748.35       15.44         2864309.000             744.798      103045.422           0.024
    -1.49    11989.48      751.26       15.96         3039957.250             747.417      109963.664           0.007
    -0.90    12429.56      754.18       16.48         3219847.000             750.048      117140.133           0.007
    -0.32    12871.29      757.44       16.99         3403033.250             753.024      124575.750           0.007
     0.27    13314.80      761.35       17.49         3588353.750             756.666      132271.531           0.009
     0.86    13761.38      766.79       17.95         3773230.250             761.853      140228.906           0.012
     1.45    14210.08      770.10       18.45         3969060.500             764.892      148449.391           0.007
     2.04    14667.02      807.70       18.16         4053200.000             802.204      156936.031           0.082
     2.62    15145.41      832.61       18.19         4190175.500             826.810      165697.547           0.052
     3.21    15638.48      854.31       18.31         4344823.000             848.257      174744.562           0.044
     3.80    16144.67      891.68       18.11         4452833.500             885.470      184085.250           0.074
     4.39    16685.81      944.92       17.66         4525932.500             938.604      193733.750           0.098
     4.97    17248.00      972.24       17.74         4692910.500             965.800      203706.484           0.049
     5.56    17818.00      982.58       18.13         4919399.500             976.061      214011.969           0.018
     6.15    18391.71      982.58       18.72         5186215.000             976.061      224653.578           0.000
     6.74    18965.42      982.58       19.30         5458638.000             976.061      235632.391           0.000
     7.33    19539.12      982.58       19.89         5736610.500             976.061      246948.422           0.000
     7.91    20112.83      982.58       20.47         6020079.500             976.061      258601.672           0.000
     8.50    20686.53      982.58       21.05         6308989.500             976.061      270592.125           0.000
     9.09    21260.24      982.58       21.64         6603292.500             976.061      282919.781          -0.000
     9.68    21833.94      982.58       22.22         6902937.500             976.061      295584.625           0.000
    10.26    22407.65      982.58       22.80         7207880.000             976.061      308586.719           0.000
    10.85    22981.36      982.58       23.39         7518070.500             976.061      321926.000           0.000
    11.44    23555.06      982.58       23.97         7833467.500             976.061      335602.531           0.000
    12.03    24128.77      982.58       24.56         8154028.500             976.061      349616.219           0.000
    12.62    24702.47      982.58       25.14         8479711.000             976.061      363967.156           0.000
    13.20    25276.18      982.58       25.72         8810475.000             976.061      378655.281          -0.000
    13.79    25849.88      982.58       26.31         9146283.000             976.061      393680.625           0.000
    14.38    26423.59      982.58       26.89         9487096.000             976.061      409043.188           0.000
    14.97    26997.29      982.58       27.48         9832879.000             976.061      424742.938           0.000
    15.55    27571.00      982.58       28.06        10183596.000             976.061      440779.906           0.000
    16.14    28144.71      982.58       28.64        10539212.000             976.061      457154.094           0.000
    16.73    28718.41      982.58       29.23        10899694.000             976.061      473865.469           0.000
    17.32    29292.12      982.58       29.81        11265010.000             976.061      490914.094           0.000
    17.91    29865.82      982.58       30.40        11635126.000             976.061      508299.906          -0.000
    18.49    30439.53      982.58       30.98        12010014.000             976.061      526023.000           0.000
    19.08    31013.23      982.58       31.56        12389642.000             976.061      544083.188           0.000
    19.67    31586.94      982.58       32.15        12773981.000             976.061      562480.688           0.000
    20.26    32160.64      982.58       32.73        13163001.000             976.061      581215.312           0.000
    20.84    32734.35      982.58       33.31        13556675.000             976.061      600287.188           0.000
    21.43    33308.05      982.58       33.90        13954976.000             976.061      619696.250           0.000
    22.02    33881.76      982.58       34.48        14357878.000             976.061      639442.562           0.000
    22.61    34455.46      982.58       35.07        14765354.000             976.061      659526.062          -0.000
    23.20    35029.17      982.58       35.65        15177379.000             976.061      679946.750           0.000
    23.78    35602.88      982.58       36.23        15593927.000             976.061      700704.688           0.000
    24.37    36176.58      982.58       36.82        16014973.000             976.061      721799.812           0.000
    24.96    36750.29      982.58       37.40        16440496.000             976.061      743232.125           0.000
    25.55    37323.99      982.58       37.99        16870468.000             976.061      765001.688           0.000
    26.13    37897.70      982.58       38.57        17304872.000             976.061      787108.438           0.000
    26.72    38471.41      982.58       39.15        17743682.000             976.061      809552.438           0.000
    27.31    39045.11      982.58       39.74        18186874.000             976.061      832333.562          -0.000
    27.90    39618.82      982.58       40.32        18634432.000             976.061      855452.000           0.000
    28.49    40192.52      982.58       40.90        19086330.000             976.061      878907.688           0.000
    29.07    40766.23      982.58       41.49        19542548.000             976.061      902700.500           0.000
    29.66    41339.93      982.58       42.07        20003068.000             976.061      926830.500           0.000
    30.25    41913.64      982.58       42.66        20467870.000             976.061      951297.750           0.000
    30.84    42487.34      982.58       43.24        20936928.000             976.061      976102.188           0.000
    31.42    43061.05      982.58       43.82        21410232.000             976.061     1001243.812           0.000
    32.01    43634.75      982.58       44.41        21887754.000             976.061     1026722.625          -0.000
    32.60    44208.46      982.58       44.99        22369486.000             976.061     1052538.875           0.000
    33.19    44782.17      982.58       45.58        22855400.000             976.061     1078692.125           0.000
    33.78    45355.88      982.58       46.16        23345486.000             976.061     1105182.625           0.000
    34.36    45929.58      982.58       46.74        23839716.000             976.061     1132010.375           0.000
    34.95    46503.29      982.58       47.33        24338084.000             976.061     1159175.250           0.000
