 Elev(m)    dbdxp(-)    dbdxc(-)      I2p     I2c
  -34.7000008       0.00000000       0.00000000       0.00000000       0.00000000    
  -33.8499985      -1.59974080E-02  -1.89807974E-02  -2.88954726E-03  -3.42842494E-03
  -33.0000000       7.59442290E-03  -5.61298896E-03  -1.01864133E-02  -1.47275208E-02
  -32.1500015       2.15663724E-02   2.88615599E-02  -1.37338666E-02  -2.62695570E-02
  -31.2999992       4.15070541E-02   3.34755257E-02  -6.21462823E-04  -2.23526731E-02
  -30.4500008       4.09984216E-02   4.75804023E-02   3.87861617E-02   7.46464729E-03
  -29.6000004       4.99409065E-02   5.37715033E-02  0.109522410       7.02295303E-02
  -28.7500000       5.88395186E-02   5.15587106E-02  0.216333166      0.170326486    
  -27.8999996       5.61780408E-02   6.10023700E-02  0.363567561      0.309780180    
  -27.0499992       5.63884526E-02   6.32132739E-02  0.551909447      0.492001802    
  -26.2000008       5.81576861E-02   6.20743297E-02  0.781273186      0.719289660    
  -25.3500004       6.00812249E-02   6.78297803E-02   1.05268443      0.992672086    
  -24.5000000       6.69396594E-02   9.36868042E-02   1.36839569       1.31869256    
  -23.6499996       7.19350874E-02  0.116340131       1.73213470       1.71182334    
  -22.7999992       8.83419141E-02  0.103707328       2.14990807       2.18263650    
  -21.9400005      0.103273422       8.83688405E-02   2.63649678       2.73389530    
  -21.0900002      0.104157329       8.42668265E-02   3.18990898       3.34502482    
  -20.2399998      0.101125449       8.72962624E-02   3.81786776       4.01832533    
  -19.3899994       9.53094587E-02   9.11148116E-02   4.51838684       4.75484037    
  -18.5400009       9.47684199E-02   9.42774639E-02   5.28871822       5.55706596    
  -17.6900005      0.103159599      0.107315466       6.12913561       6.42919254    
  -16.8400002      0.113635868      0.121275783       7.04446220       7.37902117    
  -15.9899998      0.119299717      0.121109717       8.04102230       8.41392040    
  -15.1400003      0.117565878      0.122953422       9.12243843       9.53668308    
  -14.2900000      0.118930019      0.125500754       10.2893572       10.7484093    
  -13.4399996      0.124277547      0.128002226       11.5429230       12.0508013    
  -12.5900002      0.126115039      0.130772874       12.8856440       13.4457216    
  -11.7399998      0.122799963      0.123691313       14.3185539       14.9333487    
  -10.8900003      0.118183650      0.119667061       15.8399506       16.5108929    
  -10.0400000      0.112095118      0.115728483       17.4464722       18.1749134    
  -9.18999958      0.100399882      0.108743243       19.1329689       19.9219990    
  -8.34000015       9.47588161E-02   9.42886621E-02   20.8930950       21.7462997    
  -7.48999977       9.64319333E-02   8.50778744E-02   22.7230091       23.6396732    
  -6.63999987      0.107991226       8.05331990E-02   24.6243801       25.5953579    
  -5.78999996      0.113399193       8.74325857E-02   26.6026649       27.6112957    
  -4.94000006      0.114240646       9.29390267E-02   28.6620541       29.6901512    
  -4.09000015      0.112405039       9.56665426E-02   30.8034992       31.8356533    
  -3.23000002      0.112682194       9.51658934E-02   33.0522156       34.0753365    
  -2.38000011      0.114577115       9.73771289E-02   35.3569603       36.3586197    
  -1.52999997      0.116211630      0.105285168       37.7444420       38.7132912    
 -0.680000007      0.118359037      0.111598983       40.2159767       41.1437416    
  0.170000002      0.121345639      0.119247936       42.7731819       43.6550636    
   1.01999998      0.122992955      0.355856627       45.4178123       46.2938995    
   1.87000000      0.127498850      0.555013001       48.1518250       49.1830788    
   2.72000003      0.179082230      0.543021977       50.9864616       52.4351158    
   3.56999993      0.498656392      0.324446648       53.9988861       56.0421753    
   4.42000008      0.499093592      0.445164531       57.3139496       59.9449310    
   5.26999998      0.417153507      0.526212335       60.9747314       64.1621552    
   6.11999989      0.410544276      0.388420045       64.9505081       68.7200394    
   6.96999979      0.433972210      0.251242489       69.2283325       73.5586624    
   7.82000017      0.352568001      0.231749192       73.8007736       78.6000748    
   8.67000008      0.257289708      0.231749192       78.6254349       83.8124466    
   9.52000046      0.231739774      0.231749192       83.6485825       89.1922531    
   10.3699999      0.231739774      0.231749192       88.8437729       94.7395020    
   11.2200003      0.231739774      0.231749192       94.2064056       100.454193    
   12.0699997      0.231739774      0.231749192       99.7364578       106.336311    
   12.9200001      0.231739774      0.231749192       105.433952       112.385880    
   13.7700005      0.231739774      0.231749192       111.298882       118.602890    
   14.6199999      0.231739774      0.231749192       117.331238       124.987328    
   15.4799995      0.231739774      0.231749192       123.602974       131.615311    
   16.3299999      0.231739774      0.231749192       129.970200       138.334625    
   17.1800003      0.231739774      0.231749192       136.504852       145.221390    
   18.0300007      0.231739774      0.231749192       143.206955       152.275604    
   18.8799992      0.231739774      0.231749192       150.076462       159.497223    
   19.7299995      0.231739774      0.231749192       157.113419       166.886307    
   20.5799999      0.231739774      0.231749192       164.317795       174.442825    
   21.4300003      0.231739774      0.231749192       171.689621       182.166794    
   22.2800007      0.231739774      0.231749192       179.228867       190.058197    
   23.1299992      0.231739774      0.231749192       186.935547       198.117020    
   23.9799995      0.231739774      0.231749192       194.809662       206.343292    
   24.8299999      0.231739774      0.231749192       202.851212       214.737015    
   25.6800003      0.231739774      0.231749192       211.060196       223.298172    
   26.5300007      0.231739774      0.231749192       219.436600       232.026764    
   27.3799992      0.231739774      0.231749192       227.980438       240.922791    
   28.2299995      0.231739774      0.231749192       236.691711       249.986267    
   29.0799999      0.231739774      0.231749192       245.570419       259.217163    
   29.9300003      0.231739774      0.231749192       254.616577       268.615540    
   30.7800007      0.231739774      0.231749192       263.830139       278.181335    
   31.6299992      0.231739774      0.231749192       273.211151       287.914551    
   32.4799995      0.231739774      0.231749192       282.759583       297.815216    
   33.3300018      0.231739774      0.231749192       292.475464       307.883331    
   34.1899986      0.231739774      0.231749192       302.474030       318.238281    
   35.0400009      0.231739774      0.231749192       312.524811       328.641296    
   35.8899994      0.231739774      0.231749192       322.742950       339.211700    
   36.7400017      0.231739774      0.231749192       333.128571       349.949585    
   37.5900002      0.231739774      0.231749192       343.681580       360.854889    
   38.4399986      0.231739774      0.231749192       354.402039       371.927612    
   39.2900009      0.231739774      0.231749192       365.289948       383.167816    
   40.1399994      0.231739774      0.231749192       376.345276       394.575409    
   40.9900017      0.231739774      0.231749192       387.568054       406.150513    
   41.8400002      0.231739774      0.231749192       398.958252       417.892975    
   42.6899986      0.231739774      0.231749192       410.515839       429.802917    
   43.5400009      0.231739774      0.231749192       422.240936       441.880310    
   44.3899994      0.231739774      0.231749192       434.133423       454.125122    
   45.2400017      0.231739774      0.231749192       446.193359       466.537415    
   46.0900002      0.231739774      0.231749192       458.420715       479.117065    
   46.9399986      0.231739774      0.231749192       470.815460       491.864197    
   47.7900009      0.231739774      0.231749192       483.377716       504.778809    
   48.6399994      0.231739774      0.231749192       496.107361       517.860779    
   49.4900017      0.231739774      0.231749192       509.004486       531.110291    
   50.3400002      0.231739774      0.231749192       522.068970       544.527161    
