 Elev(m)    Area(m2)     Peri(m)      Radi(m)   Conv(m3/s)    topWidth(m)    newI1(m3)    dPdA(1/m)
   -39.39        0.00        0.00         NaN                 NaN               0.000           0.000             NaN
   -38.40       15.85       25.51        0.62             461.732              25.407           7.855           1.609
   -37.41       47.28       38.07        1.24            2184.867              37.806          39.138           0.400
   -36.42       90.69       50.67        1.79            5348.073              50.232         107.510           0.290
   -35.43      147.92       67.00        2.21           10032.646              66.395         225.754           0.285
   -34.44      224.50       89.30        2.51           16603.658              88.542         410.306           0.291
   -33.45      320.44      104.98        3.05           26970.199             104.050         680.346           0.164
   -32.45      430.08      118.42        3.63           40648.234             117.297        1052.262           0.123
   -31.46      554.48      135.19        4.10           56829.422             133.910        1540.155           0.135
   -30.47      696.31      154.37        4.51           76035.281             152.940        2159.975           0.135
   -29.48      857.51      173.72        4.94           99437.875             172.124        2929.961           0.120
   -28.49     1045.40      225.20        4.64          116364.086             223.436        3872.934           0.274
   -27.50     1275.49      241.63        5.28          154676.141             239.694        5023.035           0.071
   -26.51     1519.50      254.47        5.97          200046.344             252.351        6408.078           0.053
   -25.52     1775.46      266.32        6.67          251561.078             263.999        8040.871           0.046
   -24.53     2042.74      278.12        7.34          308741.531             275.624        9932.954           0.044
   -23.53     2321.95      290.65        7.99          371164.406             287.996       12095.846           0.045
   -22.54     2614.00      304.27        8.59          438592.688             301.471       14541.825           0.047
   -21.55     2919.69      318.38        9.17          511674.469             315.431       17284.014           0.046
   -20.56     3240.13      335.44        9.66          587831.938             332.364       20336.471           0.053
   -19.57     3577.63      350.82       10.20          672969.125             347.592       23714.975           0.046
   -18.58     3928.24      363.27       10.81          768370.812             359.866       27434.461           0.036
   -17.59     4290.31      374.52       11.46          872088.562             370.917       31507.109           0.031
   -16.60     4663.60      386.20       12.08          981869.250             382.405       35944.168           0.031
   -15.61     5048.98      399.62       12.63         1095555.375             395.640       40757.172           0.035
   -14.62     5449.10      415.86       13.10         1211451.875             411.702       45959.430           0.041
   -13.62     5862.90      427.42       13.72         1343836.500             423.059       51565.023           0.028
   -12.63     6286.91      437.17       14.38         1487143.375             432.577       57585.785           0.023
   -11.64     6721.59      450.80       14.91         1628749.500             445.993       64032.066           0.031
   -10.65     7170.55      464.02       15.45         1779459.125             458.964       70916.227           0.029
    -9.66     7629.56      472.70       16.14         1949101.125             467.303       78250.320           0.019
    -8.67     8096.62      480.92       16.84         2127413.750             475.174       86043.336           0.018
    -7.68     8571.36      488.73       17.54         2314348.250             482.638       94303.047           0.016
    -6.69     9052.93      495.63       18.27         2511534.750             489.164      103036.664           0.014
    -5.70     9541.01      502.67       18.98         2715566.250             495.854      112250.773           0.014
    -4.70    10035.91      509.97       19.68         2926115.000             502.828      121951.992           0.015
    -3.71    10538.79      521.24       20.22         3128624.000             513.807      132147.656           0.022
    -2.72    11056.60      538.64       20.53         3315591.750             530.953      142849.125           0.034
    -1.73    11590.43      554.80       20.89         3516691.750             546.849      154071.719           0.030
    -0.74    12139.20      568.53       21.35         3737173.750             560.363      165830.797           0.025
     0.25    12700.51      580.70       21.87         3973072.750             572.350      178139.953           0.022
     1.24    13276.27      597.17       22.23         4198765.500             588.650      191012.594           0.029
     2.23    13866.05      609.59       22.75         4452710.000             600.889      204462.797           0.021
     3.22    14466.68      620.31       23.32         4723562.500             611.425      218502.906           0.018
     4.22    15078.44      632.34       23.85         4996741.000             623.291      233143.812           0.020
     5.21    15723.54      716.62       21.94         4929272.000             707.411      248407.547           0.131
     6.20    16464.51      808.55       20.36         4911014.500             799.231      264358.125           0.124
     7.19    17327.49      932.63       18.58         4861987.500             923.245      281103.531           0.144
     8.18    18250.45      948.04       19.25         5243621.000             938.527      298733.969           0.017
     9.17    19186.36      959.22       20.00         5655049.000             949.521      317285.562           0.012
    10.16    20134.64      979.31       20.56         6044375.500             969.441      336770.844           0.021
    11.15    21095.44      979.31       21.54         6532698.000             969.441      357202.125           0.000
    12.14    22056.24      979.31       22.52         7036081.000             969.441      378585.688           0.000
    13.14    23017.04      979.31       23.50         7554299.000             969.441      400921.469           0.000
    14.13    23977.84      979.31       24.48         8087143.000             969.441      424209.469           0.000
    15.12    24938.64      979.31       25.47         8634417.000             969.441      448449.750           0.000
    16.11    25899.44      979.31       26.45         9195933.000             969.441      473642.250           0.000
    17.10    26860.24      979.31       27.43         9771508.000             969.441      499786.969           0.000
    18.09    27821.04      979.31       28.41        10360978.000             969.441      526884.000           0.000
    19.08    28781.84      979.31       29.39        10964179.000             969.441      554933.188           0.000
    20.07    29742.64      979.31       30.37        11580954.000             969.441      583934.562           0.000
    21.06    30703.45      979.31       31.35        12211161.000             969.441      613888.312           0.000
    22.06    31664.25      979.31       32.33        12854653.000             969.441      644794.188           0.000
    23.05    32625.05      979.31       33.31        13511296.000             969.441      676652.438           0.000
    24.04    33585.85      979.31       34.30        14180960.000             969.441      709462.812           0.000
    25.03    34546.65      979.31       35.28        14863518.000             969.441      743225.438           0.000
    26.02    35507.45      979.31       36.26        15558852.000             969.441      777940.312           0.000
    27.01    36468.25      979.31       37.24        16266845.000             969.441      813607.438           0.000
    28.00    37429.05      979.31       38.22        16987382.000             969.441      850226.812           0.000
    28.99    38389.85      979.31       39.20        17720358.000             969.441      887798.375           0.000
    29.98    39350.65      979.31       40.18        18465666.000             969.441      926322.188           0.000
    30.97    40311.45      979.31       41.16        19223208.000             969.441      965798.312           0.000
    31.97    41272.25      979.31       42.14        19992882.000             969.441     1006226.562           0.000
    32.96    42233.05      979.31       43.13        20774596.000             969.441     1047607.062           0.000
    33.95    43193.86      979.31       44.11        21568258.000             969.441     1089939.875           0.000
    34.94    44154.66      979.31       45.09        22373774.000             969.441     1133225.000           0.000
    35.93    45115.46      979.32       46.07        23191064.000             969.441     1177462.125           0.000
    36.92    46076.26      979.32       47.05        24020042.000             969.441     1222651.625           0.000
    37.91    47037.06      979.32       48.03        24860622.000             969.441     1268793.500           0.000
    38.90    47997.86      979.31       49.01        25712732.000             969.441     1315887.250          -0.000
    39.89    48958.66      979.31       49.99        26576288.000             969.441     1363933.500           0.000
    40.89    49919.46      979.31       50.97        27451214.000             969.441     1412932.000           0.000
    41.88    50880.26      979.31       51.95        28337442.000             969.441     1462882.625           0.000
    42.87    51841.06      979.31       52.94        29234898.000             969.441     1513785.625           0.000
    43.86    52801.86      979.31       53.92        30143512.000             969.441     1565640.750           0.000
    44.85    53762.66      979.31       54.90        31063216.000             969.441     1618448.000           0.000
    45.84    54723.46      979.31       55.88        31993942.000             969.441     1672207.750           0.000
    46.83    55684.27      979.31       56.86        32935626.000             969.441     1726919.750           0.000
    47.82    56645.07      979.31       57.84        33888212.000             969.441     1782583.875           0.000
    48.81    57605.87      979.31       58.82        34851620.000             969.441     1839200.125           0.000
    49.81    58566.67      979.31       59.80        35825804.000             969.441     1896768.750           0.000
    50.80    59527.47      979.31       60.78        36810708.000             969.441     1955289.625           0.000
    51.79    60488.27      979.31       61.77        37806256.000             969.441     2014762.500           0.000
    52.78    61449.07      979.31       62.75        38812412.000             969.441     2075187.875           0.000
    53.77    62409.88      979.31       63.73        39829112.000             969.441     2136565.500           0.000
    54.76    63370.67      979.31       64.71        40856292.000             969.441     2198895.000           0.000
    55.75    64331.47      979.32       65.69        41893912.000             969.441     2262177.250           0.000
    56.74    65292.28      979.32       66.67        42941916.000             969.441     2326411.500           0.000
    57.73    66253.07      979.32       67.65        44000244.000             969.441     2391597.750           0.000
    58.73    67213.88      979.32       68.63        45068868.000             969.441     2457736.750           0.000
    59.72    68174.68      979.32       69.61        46147724.000             969.441     2524827.750           0.000
