 Elev(m)    dbdxp(-)    dbdxc(-)      I2p     I2c
  -37.4000015       0.00000000       0.00000000       0.00000000       0.00000000    
  -36.4500008       1.27343155E-04  -4.40830691E-03   2.87318453E-05  -9.94625851E-04
  -35.5099983       4.86824289E-03   4.89084329E-03   1.21272169E-03  -2.85406923E-03
  -34.5600014       6.69780979E-03  -4.24314663E-03   6.13403274E-03  -4.47943201E-03
  -33.6199989       2.27237828E-02   2.63540447E-02   2.02239454E-02  -9.54317569E-04
  -32.6699982       3.31108272E-02   4.29683849E-02   5.36290817E-02   2.31849067E-02
  -31.7299995       4.53633666E-02   5.56912944E-02  0.116853341       8.48063305E-02
  -30.7800007       5.26936054E-02   5.13291582E-02  0.220391691      0.193253055    
  -29.8400002       4.92395572E-02   5.17354459E-02  0.367730260      0.347704738    
  -28.8899994       4.59569879E-02   9.20020044E-02  0.560869098      0.559236944    
  -27.9500008       7.26167411E-02   8.62174407E-02  0.799980283      0.840842247    
  -27.0000000       6.92239329E-02   7.53844976E-02   1.10010719       1.20168841    
  -26.0599995       6.37118071E-02   7.76046813E-02   1.45873451       1.62933207    
  -25.1100006       6.73160404E-02   7.85637870E-02   1.88041401       2.13091087    
  -24.1700001       6.86984733E-02   7.96123520E-02   2.35759592       2.69776392    
  -23.2199993       6.90212697E-02   8.63274410E-02   2.90128899       3.34339643    
  -22.2800007       7.09115565E-02  0.107938528       3.50157619       4.06310892    
  -21.3299999       7.80086964E-02  0.124039657       4.17308760       4.88618469    
  -20.3899994       9.55164060E-02  0.122837178       4.90992832       5.80808687    
  -19.4400005      0.100725807      0.126502842       5.73761892       6.85116148    
  -18.5000000      0.100426011      0.129996985       6.64579391       7.99679613    
  -17.5499992      0.108583741      0.132697105       7.65569115       9.27114677    
  -16.6100006      0.118150875      0.141481772       8.75277424       10.6525879    
  -15.6599998      0.115191005      0.149550885       9.96479130       12.1755962    
  -14.7200003      0.113137797      0.147334769       11.2676582       13.8145294    
  -13.7700005      0.114550240      0.143751934       12.6867275       15.6028471    
  -12.8299999      0.131693974      0.127491295       14.1972504       17.4985256    
  -11.8800001      0.136720866      0.123267412       15.8393707       19.5314960    
  -10.9399996      0.137026161      0.121537194       17.5858955       21.6542835    
  -9.98999977      0.131299049      0.117112346       19.4726448       23.9081440    
  -9.05000019      0.124541461      0.112325609       21.4571629       26.2433262    
  -8.10000038      0.123149559      0.113956906       23.5757885       28.7056198    
  -7.15999985      0.124346934      0.117162608       25.7832508       31.2446632    
  -6.21000004      0.131217644      0.109272681       28.1271076       33.9133949    
  -5.26999998      0.148245797      0.109206796       30.5663986       36.6538811    
  -4.32000017      0.147100016      0.297234684       33.1606598       39.5639954    
  -3.38000011      0.123745643      0.305063725       35.8546600       42.6701126    
  -2.43000007      0.197270229      0.212322891       38.7102089       46.0604515    
  -1.49000001      0.244909108      0.174261287       41.7071342       49.6178360    
 -0.540000021      0.235177740      0.181270391       44.9429665       53.3795738    
  0.400000006      0.182830021      0.169490725       48.3462296       57.2602310    
   1.35000002      0.166366711      0.189544171       51.9577942       61.3414764    
   2.28999996      0.189642996      0.444839329       55.6896248       65.6030502    
   3.24000001      0.179203168      0.934874356       59.6238480       70.3628616    
   4.17999983      0.181640506       1.42850304       63.6804161       75.9138336    
   5.13000011      0.417975187       1.40239131       67.9959793       82.6901474    
   6.07000017       1.11098111      0.724930108       72.7449493       90.5071030    
   7.01999998       1.63911653       5.18070087E-02   78.5062332       99.0573425    
   7.96000004       1.22364056       2.85369828E-02   85.4667435       107.709114    
   8.90999985      0.583259165       4.26506065E-03   93.5480194       116.478256    
   9.85000038       9.56287682E-02  -3.86214443E-02   102.100807       125.154671    
   10.8000002       3.22287753E-02  -3.86214443E-02   110.924957       133.898285    
   11.7399998      -4.16509836E-04  -3.86214443E-02   119.691948       142.515182    
   12.6899996      -3.86244729E-02  -3.86214443E-02   128.550491       151.189087    
   13.6300001      -3.86244729E-02  -3.86214443E-02   137.289658       159.737015    
   14.5799999      -3.86244729E-02  -3.86214443E-02   146.087112       168.341202    
   15.5200005      -3.86244729E-02  -3.86214443E-02   154.757294       176.820160    
   16.4699993      -3.86244729E-02  -3.86214443E-02   163.485016       185.354630    
   17.4099998      -3.86244729E-02  -3.86214443E-02   172.086212       193.764603    
   18.3600006      -3.86244729E-02  -3.86214443E-02   180.744247       202.229370    
   19.2999992      -3.86244729E-02  -3.86214443E-02   189.276443       210.570358    
   20.2500000      -3.86244729E-02  -3.86214443E-02   197.864746       218.965424    
   21.1900005      -3.86244729E-02  -3.86214443E-02   206.327972       227.237442    
   22.1399994      -3.86244729E-02  -3.86214443E-02   214.846558       235.562775    
   23.0799999      -3.86244729E-02  -3.86214443E-02   223.240799       243.765808    
   24.0300007      -3.86244729E-02  -3.86214443E-02   231.689667       252.021454    
   24.9699993      -3.86244729E-02  -3.86214443E-02   240.014923       260.155487    
   25.9200001      -3.86244729E-02  -3.86214443E-02   248.394073       268.341431    
   26.8600006      -3.86244729E-02  -3.86214443E-02   256.650360       276.406525    
   27.8099995      -3.86244729E-02  -3.86214443E-02   264.959778       284.522705    
   28.7500000      -3.86244729E-02  -3.86214443E-02   273.147064       292.518829    
   29.7000008      -3.86244729E-02  -3.86214443E-02   281.386810       300.565308    
   30.6399994      -3.86244729E-02  -3.86214443E-02   289.505096       308.492432    
   31.5900002      -3.86244729E-02  -3.86214443E-02   297.675110       316.469238    
   32.5299988      -3.86244729E-02  -3.86214443E-02   305.724396       324.327362    
   33.4799995      -3.86244729E-02  -3.86214443E-02   313.824707       332.234436    
   34.4199982      -3.86244729E-02  -3.86214443E-02   321.805023       340.023590    
   35.3699989      -3.86244729E-02  -3.86214443E-02   329.835602       347.860962    
   36.3100014      -3.86244729E-02  -3.86214443E-02   337.746979       355.581177    
   37.2599983      -3.86244729E-02  -3.86214443E-02   345.707794       363.348816    
   38.2000008      -3.86244729E-02  -3.86214443E-02   353.550201       371.000031    
   39.1500015      -3.86244729E-02  -3.86214443E-02   361.441345       378.697968    
   40.0900002      -3.86244729E-02  -3.86214443E-02   369.214722       386.280212    
   41.0400009      -3.86244729E-02  -3.86214443E-02   377.036133       393.908447    
   41.9799995      -3.86244729E-02  -3.86214443E-02   384.740540       401.421692    
   42.9300003      -3.86244729E-02  -3.86214443E-02   392.492218       408.980194    
   43.8699989      -3.86244729E-02  -3.86214443E-02   400.127655       416.424469    
   44.8199997      -3.86244729E-02  -3.86214443E-02   407.809631       423.913269    
   45.7599983      -3.86244729E-02  -3.86214443E-02   415.376068       431.288574    
   46.7099991      -3.86244729E-02  -3.86214443E-02   422.988312       438.707672    
   47.6500015      -3.86244729E-02  -3.86214443E-02   430.485809       446.014008    
   48.5999985      -3.86244729E-02  -3.86214443E-02   438.028320       453.363373    
   49.5400009      -3.86244729E-02  -3.86214443E-02   445.456818       460.600739    
   50.4900017      -3.86244729E-02  -3.86214443E-02   452.929657       467.880402    
   51.4300003      -3.86244729E-02  -3.86214443E-02   460.289124       475.048767    
   52.3800011      -3.86244729E-02  -3.86214443E-02   467.692230       482.258728    
   53.3199997      -3.86244729E-02  -3.86214443E-02   474.982727       489.358093    
   54.2700005      -3.86244729E-02  -3.86214443E-02   482.316132       496.498352    
   55.2099991      -3.86244729E-02  -3.86214443E-02   489.537659       503.528748    
   56.1599998      -3.86244729E-02  -3.86214443E-02   496.801331       510.599304    
   57.0999985      -3.86244729E-02  -3.86214443E-02   503.953857       517.560730    
