   732.306091      -30.7598076    
   759.112366      -30.7598076    
 NaN NaN
   725.465942      -29.9789085    
   764.310242      -29.9789085    
 NaN NaN
   652.926697      -29.1980114    
   665.978027      -29.1980114    
 NaN NaN
   719.382935      -29.1980114    
   768.647949      -29.1980114    
 NaN NaN
   625.782593      -28.4171143    
   681.550903      -28.4171143    
 NaN NaN
   712.444092      -28.4171143    
   772.027039      -28.4171143    
 NaN NaN
   606.896362      -27.6362171    
   775.687012      -27.6362171    
 NaN NaN
   583.903381      -26.8553200    
   779.197937      -26.8553200    
 NaN NaN
   574.442566      -26.0744209    
   782.820068      -26.0744209    
 NaN NaN
   566.829163      -25.2935238    
   786.530823      -25.2935238    
 NaN NaN
   560.629333      -24.5126266    
   790.374023      -24.5126266    
 NaN NaN
   555.293457      -23.7317276    
   794.707764      -23.7317276    
 NaN NaN
   549.986572      -22.9508305    
   802.277222      -22.9508305    
 NaN NaN
   544.721069      -22.1699333    
   810.381592      -22.1699333    
 NaN NaN
   539.330933      -21.3890362    
   816.911133      -21.3890362    
 NaN NaN
   533.811646      -20.6081390    
   824.993774      -20.6081390    
 NaN NaN
   526.973694      -19.8272400    
   831.811829      -19.8272400    
 NaN NaN
   518.480469      -19.0463428    
   837.960449      -19.0463428    
 NaN NaN
   509.312927      -18.2654457    
   843.189270      -18.2654457    
 NaN NaN
   499.480286      -17.4845467    
   848.182190      -17.4845467    
 NaN NaN
   486.786652      -16.7036495    
   852.681396      -16.7036495    
 NaN NaN
   471.794403      -15.9227524    
   856.701050      -15.9227524    
 NaN NaN
   451.549927      -15.1418552    
   859.218811      -15.1418552    
 NaN NaN
   435.460449      -14.3609571    
   861.736572      -14.3609571    
 NaN NaN
   425.138031      -13.5800591    
   864.254395      -13.5800591    
 NaN NaN
   417.619720      -12.7991619    
   866.970520      -12.7991619    
 NaN NaN
   412.308960      -12.0182648    
   869.974426      -12.0182648    
 NaN NaN
   407.791931      -11.2373667    
   872.978271      -11.2373667    
 NaN NaN
   403.893860      -10.4564686    
   876.623718      -10.4564686    
 NaN NaN
   398.729156      -9.67557144    
   880.716125      -9.67557144    
 NaN NaN
   392.975098      -8.89467430    
   885.245544      -8.89467430    
 NaN NaN
   388.565674      -8.11377621    
   890.820374      -8.11377621    
 NaN NaN
   385.023926      -7.33287859    
   898.112976      -7.33287859    
 NaN NaN
   380.185211      -6.55198097    
   903.925537      -6.55198097    
 NaN NaN
   375.300964      -5.77108335    
   908.056641      -5.77108335    
 NaN NaN
   370.167328      -4.99018574    
   911.816101      -4.99018574    
 NaN NaN
   364.725708      -4.20928812    
   915.028687      -4.20928812    
 NaN NaN
   358.931366      -3.42839050    
   918.004272      -3.42839050    
 NaN NaN
   353.467285      -2.64749289    
   921.009644      -2.64749289    
 NaN NaN
   347.594391      -1.86659527    
   924.610413      -1.86659527    
 NaN NaN
   341.213318      -1.08569765    
   928.754333      -1.08569765    
 NaN NaN
   332.886108     -0.304800034    
   932.812317     -0.304800034    
 NaN NaN
   323.608856      0.476097584    
   936.357605      0.476097584    
 NaN NaN
   313.741211       1.25699520    
   939.448242       1.25699520    
 NaN NaN
   307.268829       2.03789282    
   942.806580       2.03789282    
 NaN NaN
   299.827515       2.81879044    
   948.330627       2.81879044    
 NaN NaN
   1023.89893       2.81879044    
   1035.24023       2.81879044    
 NaN NaN
   272.405365       3.59968805    
   954.231689       3.59968805    
 NaN NaN
   1020.36377       3.59968805    
   1040.51587       3.59968805    
 NaN NaN
   258.316162       4.38058567    
   960.079529       4.38058567    
 NaN NaN
   1017.37250       4.38058567    
   1059.87976       4.38058567    
 NaN NaN
   1084.33447       4.38058567    
   1084.85571       4.38058567    
 NaN NaN
   0.00000000       5.16148329    
  0.558541059       5.16148329    
 NaN NaN
   88.1056900       5.16148329    
   218.795197       5.16148329    
 NaN NaN
   225.771591       5.16148329    
   971.286438       5.16148329    
 NaN NaN
   1014.69379       5.16148329    
   1178.66406       5.16148329    
 NaN NaN
   1289.30872       5.16148329    
   1304.13416       5.16148329    
 NaN NaN
   0.00000000       5.94238091    
   5.59718800       5.94238091    
 NaN NaN
   57.3261681       5.94238091    
   1372.29492       5.94238091    
 NaN NaN
   0.00000000       6.72327852    
   11.7008219       6.72327852    
 NaN NaN
   47.7910690       6.72327852    
   1379.80237       6.72327852    
 NaN NaN
   0.00000000       7.50417614    
   22.3083134       7.50417614    
 NaN NaN
   22.3083134       7.50417614    
   1383.67017       7.50417614    
 NaN NaN
   0.00000000       8.28507423    
   1383.67017       8.28507423    
 NaN NaN
   0.00000000       9.06597137    
   1383.67017       9.06597137    
 NaN NaN
   0.00000000       9.84686852    
   1383.67017       9.84686852    
 NaN NaN
   0.00000000       10.6277666    
   1383.67017       10.6277666    
 NaN NaN
   0.00000000       11.4086647    
   1383.67017       11.4086647    
 NaN NaN
   0.00000000       12.1895618    
   1383.67017       12.1895618    
 NaN NaN
   0.00000000       12.9704590    
   1383.67017       12.9704590    
 NaN NaN
   0.00000000       13.7513571    
   1383.67017       13.7513571    
 NaN NaN
   0.00000000       14.5322552    
   1383.67017       14.5322552    
 NaN NaN
   0.00000000       15.3131523    
   1383.67017       15.3131523    
 NaN NaN
   0.00000000       16.0940495    
   1383.67017       16.0940495    
 NaN NaN
   0.00000000       16.8749466    
   1383.67017       16.8749466    
 NaN NaN
   0.00000000       17.6558456    
   1383.67017       17.6558456    
 NaN NaN
   0.00000000       18.4367428    
   1383.67017       18.4367428    
 NaN NaN
   0.00000000       19.2176399    
   1383.67017       19.2176399    
 NaN NaN
   0.00000000       19.9985390    
   1383.67017       19.9985390    
 NaN NaN
   0.00000000       20.7794361    
   1383.67017       20.7794361    
 NaN NaN
   0.00000000       21.5603333    
   1383.67017       21.5603333    
 NaN NaN
   0.00000000       22.3412304    
   1383.67017       22.3412304    
 NaN NaN
   0.00000000       23.1221275    
   1383.67017       23.1221275    
 NaN NaN
   0.00000000       23.9030266    
   1383.67017       23.9030266    
 NaN NaN
   0.00000000       24.6839237    
   1383.67017       24.6839237    
 NaN NaN
   0.00000000       25.4648209    
   1383.67017       25.4648209    
 NaN NaN
   0.00000000       26.2457199    
   1383.67017       26.2457199    
 NaN NaN
   0.00000000       27.0266171    
   1383.67017       27.0266171    
 NaN NaN
   0.00000000       27.8075142    
   1383.67017       27.8075142    
 NaN NaN
   0.00000000       28.5884113    
   1383.67017       28.5884113    
 NaN NaN
   0.00000000       29.3693085    
   1383.67017       29.3693085    
 NaN NaN
   0.00000000       30.1502075    
   1383.67017       30.1502075    
 NaN NaN
   0.00000000       30.9311047    
   1383.67017       30.9311047    
 NaN NaN
   0.00000000       31.7120018    
   1383.67017       31.7120018    
 NaN NaN
   0.00000000       32.4929008    
   1383.67017       32.4929008    
 NaN NaN
   0.00000000       33.2737961    
   1383.67017       33.2737961    
 NaN NaN
   0.00000000       34.0546951    
   1383.67017       34.0546951    
 NaN NaN
   0.00000000       34.8355942    
   1383.67017       34.8355942    
 NaN NaN
   0.00000000       35.6164894    
   1383.67017       35.6164894    
 NaN NaN
   0.00000000       36.3973885    
   1383.67017       36.3973885    
 NaN NaN
   0.00000000       37.1782837    
   1383.67017       37.1782837    
 NaN NaN
   0.00000000       37.9591827    
   1383.67017       37.9591827    
 NaN NaN
   0.00000000       38.7400818    
   1383.67017       38.7400818    
 NaN NaN
   0.00000000       39.5209770    
   1383.67017       39.5209770    
 NaN NaN
   0.00000000       40.3018761    
   1383.67017       40.3018761    
 NaN NaN
   0.00000000       41.0827751    
   1383.67017       41.0827751    
 NaN NaN
   0.00000000       41.8636703    
   1383.67017       41.8636703    
 NaN NaN
   0.00000000       42.6445694    
   1383.67017       42.6445694    
 NaN NaN
   0.00000000       43.4254684    
   1383.67017       43.4254684    
 NaN NaN
   0.00000000       44.2063637    
   1383.67017       44.2063637    
 NaN NaN
   0.00000000       44.9872627    
   1383.67017       44.9872627    
 NaN NaN
   0.00000000       45.7681580    
   1383.67017       45.7681580    
 NaN NaN
   0.00000000       46.5490570    
   1383.67017       46.5490570    
 NaN NaN
