	RS=90.343* 
0	3.761232047
6.230112163	3.73989614
10.16507953	3.907535907
12.45412819	4.047743919
18.68423977	4.684775965
20.33015907	4.846319884
24.91130502	4.526280116
30.49524093	4.133088128
31.13836912	4.069080116
37.36847953	3.453383977
37.57879228	3.43509614
40.65727181	3.13029614
43.59554363	3.108959942
49.82261005	3.023616023
50.82235367	3.008375965
56.04967181	2.993135907
60.98743088	2.89255193
62.27673823	2.801111872
68.5038	2.249424035
71.79258995	1.944624035
78.13548186	-1.746504006
80.6958	-3.307080116
87.76716372	-3.782567953
89.60205637	-4.322064093
97.3957946	-6.833616023
98.50831274	-7.022592279
107.0274765	-7.946135907
107.4115181	-7.936992279
116.3177745	-7.69924807
116.6530564	-7.69315193
125.2240309	-7.516367953
126.2847382	-7.586471814
134.1302873	-8.055864093
135.9164201	-8.23569614
143.0334927	-8.9154
145.545051	-9.59815193
151.939749	-11.76223205
155.1736819	-12.53337567
160.8460147	-14.02384749
164.8023127	-14.93824749
169.7522618	-16.05381544
174.4339853	-16.92859228
178.6554765	-17.65706409
184.0656765	-18.33981544
187.5617235	-18.68423977
193.694298	-19.31822433
196.4679892	-19.56206409
203.3229382	-20.09241544
205.3711853	-20.25091274
212.9515598	-20.82088726
214.277451	-20.92452047
222.583251	-21.39695907
223.183698	-21.42744093
232.0899637	-21.717
232.2149235	-21.717
240.9931598	-21.66213591
241.8435637	-21.63775135
249.8994255	-21.42744093
251.4721853	-21.37562316
258.8056726	-21.15921544
261.1008255	-21.11959228
267.7119382	-20.98243088
270.732498	-20.97024093
276.6151529	-20.92147181
280.3641892	-20.91232819
285.5214	-20.92756912
289.9897598	-20.95195135
294.4276471	-21.01900772
299.621451	-21.08911274
303.3308618	-21.11044865
309.2500726	-21.13483088
312.2371274	-21.12873591
318.8817451	-21.09215907
321.1433745	-21.07082316
328.5104039	-21.01900772
330.0496216	-21.00986409
338.1390255	-21.00681544
338.9528549	-21.01291274
347.770698	-21.07387181
347.859102	-21.07387181
356.765349	-21.12873591
357.3993196	-21.13178456
365.6715961	-21.21103088
367.0310294	-21.22932047
374.5717784	-21.34209498
376.659651	-21.37867181
383.4780255	-21.49754363
386.2882726	-21.54631274
392.3842726	-21.64689498
395.9199451	-21.71395135
401.2905196	-21.82063088
405.5486039	-21.91207181
410.1937529	-22.01265637
415.1802765	-22.07361544
419.1	-22.11019228
424.8058471	-22.14981544
428.0062471	-22.15286409
434.4375196	-22.1742
436.9094804	-22.16505637
444.0692294	-22.14372047
445.8157274	-22.14676912
453.697851	-22.05837684
454.7219745	-22.05227953
463.3295235	-21.82367953
463.6282216	-21.81453591
472.5314549	-21.30552047
472.9550941	-21.27808726
481.437702	-20.65324865
482.5868039	-20.62276912
490.343949	-20.3454
492.2184765	-20.31796912
499.2501961	-20.26615135
501.847098	-20.28748726
508.1534294	-20.36673591
511.4787706	-20.40940772
517.0596765	-20.50084865
521.1043784	-20.56180772
525.9659235	-20.64410502
530.736051	-20.74164093
534.8691196	-20.83612819
540.3677235	-20.88489498
543.7754039	-20.92147181
549.9963451	-20.94280772
552.681651	-20.95195135
559.6280549	-21.00986409
561.587898	-21.02510502
569.2536255	-21.15616912
570.4910941	-21.17445637
578.885298	-21.37562316
579.3973784	-21.38781544
588.3036255	-21.68956912
588.5169706	-21.69261544
597.2098726	-21.93645637
598.1456294	-21.94864865
606.1131059	-22.06752047
607.774251	-22.09190502
615.0193529	-22.18334363
617.4028726	-22.21687181
623.9256	-22.28697684
627.0345451	-22.33879228
632.8318471	-22.43023088
636.6662549	-22.54605637
641.7350432	-22.71369498
646.2948393	-22.92095907
650.6412902	-23.14651274
655.923498	-23.38425637
659.5476117	-23.54275135
665.5521568	-23.75915907
668.4508078	-23.84450502
675.1837922	-23.96337684
677.3570549	-23.98775907
684.815502	-24.02738456
686.263302	-24.02738456
694.4441607	-24.33523088
695.169549	-24.35961544
704.0727451	-24.51811274
713.0186549	-24.04872047
713.606898	-24.02128726
721.9675412	-23.45740772
723.144102	-23.37206409
730.913451	-22.57653591
732.6813059	-22.46375907
739.8593607	-21.87854363
742.2154588	-21.74138456
748.8051961	-21.50973591
751.7525883	-21.17445637
757.7511059	-20.44293591
761.2897922	-19.57120772
766.6969412	-18.27580772
770.8239451	-17.24558456
775.642851	-15.97456795
780.361149	-14.859
784.5887607	-13.71295251
789.892251	-11.60068842
793.5376471	-10.13155251
796.8539098	-8.872728186
799.4294549	-7.894319884
801.8770078	-6.955535907
802.4835568	-6.723887837
808.9666588	-4.928616023
811.4293922	-4.096511872
818.5008117	-1.731263948
820.375302	-1.231391988
827.3643451	0.045720002
828.300102	0.262128004
836.224902	2.179320029
843.3724471	2.810256081
845.1616588	2.883408012
850.5169412	3.621024035
854.0922393	4.258056081
857.6645607	4.73049614
863.0228941	5.4102
864.8090549	5.33704807
871.9566	4.42264807
	
