   269.665894      -23.3835258    
   294.370178      -23.3835258    
 NaN NaN
   264.036804      -22.7183304    
   305.167755      -22.7183304    
 NaN NaN
   261.171844      -22.0531349    
   318.350250      -22.0531349    
 NaN NaN
   258.306915      -21.3879395    
   333.395111      -21.3879395    
 NaN NaN
   255.441986      -20.7227440    
   436.686127      -20.7227440    
 NaN NaN
   252.299606      -20.0575485    
   454.263031      -20.0575485    
 NaN NaN
   249.118378      -19.3923531    
   481.064728      -19.3923531    
 NaN NaN
   245.929230      -18.7271576    
   500.141907      -18.7271576    
 NaN NaN
   242.156418      -18.0619621    
   515.811279      -18.0619621    
 NaN NaN
   238.383621      -17.3967667    
   532.829285      -17.3967667    
 NaN NaN
   234.971008      -16.7315712    
   595.847168      -16.7315712    
 NaN NaN
   231.799911      -16.0663757    
   612.552368      -16.0663757    
 NaN NaN
   228.628815      -15.4011793    
   630.282593      -15.4011793    
 NaN NaN
   225.682877      -14.7359838    
   658.711426      -14.7359838    
 NaN NaN
   222.822052      -14.0707884    
   671.794739      -14.0707884    
 NaN NaN
   219.961227      -13.4055929    
   696.477905      -13.4055929    
 NaN NaN
   217.230927      -12.7403975    
   716.000977      -12.7403975    
 NaN NaN
   214.611343      -12.0752020    
   739.966797      -12.0752020    
 NaN NaN
   211.991760      -11.4100065    
   788.565063      -11.4100065    
 NaN NaN
   209.402481      -10.7448111    
   797.033081      -10.7448111    
 NaN NaN
   207.262253      -10.0796156    
   803.424561      -10.0796156    
 NaN NaN
   205.122025      -9.41442013    
   808.978333      -9.41442013    
 NaN NaN
   202.981812      -8.74922466    
   814.023499      -8.74922466    
 NaN NaN
   200.841583      -8.08402824    
   818.814575      -8.08402824    
 NaN NaN
   199.082169      -7.41883326    
   822.251709      -7.41883326    
 NaN NaN
   197.414154      -6.75363779    
   825.273376      -6.75363779    
 NaN NaN
   195.746140      -6.08844233    
   828.295044      -6.08844233    
 NaN NaN
   194.078140      -5.42324638    
   832.551270      -5.42324638    
 NaN NaN
   192.410126      -4.75805092    
   837.218567      -4.75805092    
 NaN NaN
   190.612030      -4.09285545    
   843.869202      -4.09285545    
 NaN NaN
   188.566483      -3.42765999    
   853.228516      -3.42765999    
 NaN NaN
   186.520935      -2.76246452    
   863.321106      -2.76246452    
 NaN NaN
   184.475388      -2.09726906    
   869.112854      -2.09726906    
 NaN NaN
   182.429840      -1.43207347    
   873.791077      -1.43207347    
 NaN NaN
   178.767426     -0.766877949    
   876.354431     -0.766877949    
 NaN NaN
   174.906708     -0.101682425    
   878.474121     -0.101682425    
 NaN NaN
   170.657776      0.563513100    
   880.593811      0.563513100    
 NaN NaN
   166.065933       1.22870862    
   882.713501       1.22870862    
 NaN NaN
   161.542633       1.89390421    
   885.550110       1.89390421    
 NaN NaN
   157.076096       2.55909967    
   889.026123       2.55909967    
 NaN NaN
   152.017395       3.22429514    
   892.502075       3.22429514    
 NaN NaN
   146.384903       3.88949060    
   899.177429       3.88949060    
 NaN NaN
   71.7834091       4.55468607    
   82.4130096       4.55468607    
 NaN NaN
   141.285675       4.55468607    
   903.730896       4.55468607    
 NaN NaN
   965.572021       4.55468607    
   1003.50336       4.55468607    
 NaN NaN
   1261.81372       4.55468607    
   1272.95105       4.55468607    
 NaN NaN
   23.6070118       5.21988201    
   95.2554245       5.21988201    
 NaN NaN
   136.123840       5.21988201    
   906.695007       5.21988201    
 NaN NaN
   961.950378       5.21988201    
   1009.73615       5.21988201    
 NaN NaN
   1252.04797       5.21988201    
   1280.26904       5.21988201    
 NaN NaN
   17.5188770       5.88507748    
   117.104736       5.88507748    
 NaN NaN
   129.496262       5.88507748    
   909.659119       5.88507748    
 NaN NaN
   958.328735       5.88507748    
   1017.73395       5.88507748    
 NaN NaN
   1220.66235       5.88507748    
   1285.27222       5.88507748    
 NaN NaN
   14.9566746       6.55027294    
   1049.62866       6.55027294    
 NaN NaN
   1152.69104       6.55027294    
   1288.30774       6.55027294    
 NaN NaN
   12.3944721       7.21546841    
   1291.34326       7.21546841    
 NaN NaN
   1317.66724       7.21546841    
   1321.02148       7.21546841    
 NaN NaN
   9.83226967       7.88066387    
   1294.61841       7.88066387    
 NaN NaN
   1314.13574       7.88066387    
   1321.02148       7.88066387    
 NaN NaN
   4.23622417       8.54585934    
   1298.70947       8.54585934    
 NaN NaN
   1309.45032       8.54585934    
   1321.02148       8.54585934    
 NaN NaN
   0.00000000       9.21105480    
   1302.80054       9.21105480    
 NaN NaN
   1302.80054       9.21105480    
   1321.02148       9.21105480    
 NaN NaN
   0.00000000       9.87625027    
   1321.02148       9.87625027    
 NaN NaN
   0.00000000       10.5414457    
   1321.02148       10.5414457    
 NaN NaN
   0.00000000       11.2066412    
   1321.02148       11.2066412    
 NaN NaN
   0.00000000       11.8718367    
   1321.02148       11.8718367    
 NaN NaN
   0.00000000       12.5370321    
   1321.02148       12.5370321    
 NaN NaN
   0.00000000       13.2022285    
   1321.02148       13.2022285    
 NaN NaN
   0.00000000       13.8674240    
   1321.02148       13.8674240    
 NaN NaN
   0.00000000       14.5326195    
   1321.02148       14.5326195    
 NaN NaN
   0.00000000       15.1978149    
   1321.02148       15.1978149    
 NaN NaN
   0.00000000       15.8630104    
   1321.02148       15.8630104    
 NaN NaN
   0.00000000       16.5282059    
   1321.02148       16.5282059    
 NaN NaN
   0.00000000       17.1934013    
   1321.02148       17.1934013    
 NaN NaN
   0.00000000       17.8585968    
   1321.02148       17.8585968    
 NaN NaN
   0.00000000       18.5237923    
   1321.02148       18.5237923    
 NaN NaN
   0.00000000       19.1889877    
   1321.02148       19.1889877    
 NaN NaN
   0.00000000       19.8541832    
   1321.02148       19.8541832    
 NaN NaN
   0.00000000       20.5193787    
   1321.02148       20.5193787    
 NaN NaN
   0.00000000       21.1845741    
   1321.02148       21.1845741    
 NaN NaN
   0.00000000       21.8497696    
   1321.02148       21.8497696    
 NaN NaN
   0.00000000       22.5149651    
   1321.02148       22.5149651    
 NaN NaN
   0.00000000       23.1801605    
   1321.02148       23.1801605    
 NaN NaN
   0.00000000       23.8453560    
   1321.02148       23.8453560    
 NaN NaN
   0.00000000       24.5105515    
   1321.02148       24.5105515    
 NaN NaN
   0.00000000       25.1757469    
   1321.02148       25.1757469    
 NaN NaN
   0.00000000       25.8409424    
   1321.02148       25.8409424    
 NaN NaN
   0.00000000       26.5061378    
   1321.02148       26.5061378    
 NaN NaN
   0.00000000       27.1713333    
   1321.02148       27.1713333    
 NaN NaN
   0.00000000       27.8365288    
   1321.02148       27.8365288    
 NaN NaN
   0.00000000       28.5017242    
   1321.02148       28.5017242    
 NaN NaN
   0.00000000       29.1669197    
   1321.02148       29.1669197    
 NaN NaN
   0.00000000       29.8321171    
   1321.02148       29.8321171    
 NaN NaN
   0.00000000       30.4973125    
   1321.02148       30.4973125    
 NaN NaN
   0.00000000       31.1625080    
   1321.02148       31.1625080    
 NaN NaN
   0.00000000       31.8277035    
   1321.02148       31.8277035    
 NaN NaN
   0.00000000       32.4928970    
   1321.02148       32.4928970    
 NaN NaN
   0.00000000       33.1580925    
   1321.02148       33.1580925    
 NaN NaN
   0.00000000       33.8232880    
   1321.02148       33.8232880    
 NaN NaN
   0.00000000       34.4884834    
   1321.02148       34.4884834    
 NaN NaN
   0.00000000       35.1536789    
   1321.02148       35.1536789    
 NaN NaN
   0.00000000       35.8188744    
   1321.02148       35.8188744    
 NaN NaN
   0.00000000       36.4840698    
   1321.02148       36.4840698    
 NaN NaN
   0.00000000       37.1492653    
   1321.02148       37.1492653    
 NaN NaN
   0.00000000       37.8144608    
   1321.02148       37.8144608    
 NaN NaN
   0.00000000       38.4796562    
   1321.02148       38.4796562    
 NaN NaN
   0.00000000       39.1448517    
   1321.02148       39.1448517    
 NaN NaN
   0.00000000       39.8100510    
   1321.02148       39.8100510    
 NaN NaN
   0.00000000       40.4752464    
   1321.02148       40.4752464    
 NaN NaN
   0.00000000       41.1404419    
   1321.02148       41.1404419    
 NaN NaN
   0.00000000       41.8056374    
   1321.02148       41.8056374    
 NaN NaN
   0.00000000       42.4708328    
   1321.02148       42.4708328    
 NaN NaN
