	RS=208.34* 
0	13.24051158
6.85190386	12.91132819
13.70380772	11.36599228
20.55875907	10.06144749
25.88361544	9.241535907
27.40761544	8.964167953
34.25952047	8.674607721
41.11447181	8.354567953
47.96637451	7.812023744
51.77637451	7.589519884
54.81828186	7.424928186
61.67018456	7.501128186
68.52208726	8.647176256
75.37398995	8.506967953
77.65998995	8.427719884
82.22589265	8.336280116
89.0778	8.177783977
95.93274902	8.068055791
96.87457991	8.061960233
102.7846564	8.031480116
103.5436054	8.028432047
109.6335127	8.025383977
111.8219745	8.013192279
116.4884618	7.991855791
123.3403691	8.104632047
129.4333181	8.193023744
130.1922765	8.202167953
137.0441745	8.357616023
143.8991235	8.284464093
150.7479799	8.278367953
155.3169382	8.293607721
157.5998873	8.324087837
164.4517853	8.601455791
171.3067529	8.76604807
178.158651	8.894064093
181.200549	8.939783977
185.010549	9.015983977
191.8624471	9.159239767
198.7143637	9.14704807
205.5662618	9.2202
207.0933127	9.232392279
212.4181598	9.171432047
219.2731274	9.409176256
226.1250255	9.351264093
232.9769235	8.894064093
241.6088618	8.278367953
242.2946618	8.275319884
250.237749	7.900416023
251.615451	7.833360233
258.8666363	6.48004807
260.9362402	6.010655791
267.4985745	4.940807721
270.2570108	4.361688128
276.1274618	3.264408012
279.5778	2.657856081
284.756349	1.8288
288.8985892	1.225295994
293.3882873	0.637031974
298.2163274	0.036575999
302.0171745	-0.390143991
307.537098	-1.005839985
310.6430108	-1.289304006
316.8579059	-1.853183977
319.274949	-2.023871959
326.1756255	-2.453640058
327.9038549	-2.545080116
335.4963961	-2.880359942
336.5327235	-2.926080116
344.8172039	-3.236975965
345.1646804	-3.249167953
353.793549	-3.544824035
354.1379745	-3.557016023
362.4255059	-3.819143919
363.4556941	-3.852672105
371.0543745	-4.053840058
372.776502	-4.087367953
379.6832804	-4.309872105
382.0972726	-4.389119884
388.3152	-4.587240058
391.4180804	-4.690872105
396.9441059	-4.821935907
400.738851	-4.904232047
405.5729745	-4.989576256
410.0596216	-5.087112163
414.2048941	-5.18464807
419.3804294	-5.273039767
422.8338	-5.34009614
428.698149	-5.458967953
431.4657196	-5.510783977
438.0189196	-5.666232047
440.0946255	-5.687567953
447.3397274	-5.733287837
448.7234941	-5.733287837
456.660498	-5.678423744
457.3524	-5.678423744
465.9813059	-5.64489614
474.6101745	-5.730239767
475.3020765	-5.733287837
483.2420941	-5.830823744
484.6228471	-5.846064093
491.871	-5.9436
493.9406039	-5.964935907
500.4999059	-6.083807721
503.2613745	-6.1722
509.1318255	-6.352032047
512.5790941	-6.467855791
517.7606941	-6.614160233
521.899902	-6.745223744
526.392651	-6.915912163
531.2206726	-7.056119884
535.0215196	-7.248144209
540.5414804	-7.598664093
543.6504255	-7.818119884
549.862251	-8.250935907
552.2823451	-8.400287837
559.1799706	-8.717280116
560.911251	-8.796528186
568.5007784	-9.29944807
569.5401196	-9.360407721
577.821549	-9.893807721
578.1720765	-9.909047488
586.8009451	-10.20165637
587.1423196	-10.20775251
595.432902	-10.27480772
596.4631274	-10.27480772
604.0617706	-10.19860772
605.783898	-10.17727181
612.6876255	-10.07059228
615.1047059	-10.03401544
621.3195451	-9.970007721
624.4254393	-9.948671814
629.948451	-9.957815442
633.7431961	-9.963911581
638.5773568	-10.02182433
643.0640039	-10.07363977
647.2092393	-10.16203205
652.3848117	-10.28395251
655.8381451	-10.38758456
661.7055451	-10.61008842
664.470102	-10.74724749
671.0263529	-11.14653591
673.0990078	-11.28674363
680.3471607	-11.81709614
681.7278393	-11.89939228
689.6678941	-12.34135251
690.3597961	-12.36268842
698.988702	-12.50899228
707.6176078	-12.53337567
708.3034078	-12.53642433
716.2494902	-12.63700772
717.6241412	-12.65529614
724.8783961	-12.82598456
726.944949	-12.88084749
733.5103529	-13.06677567
736.2657568	-13.14907181
742.1392588	-13.34109614
745.5864902	-13.46606409
750.7680902	-13.71295251
754.907298	-13.96898456
759.3969961	-14.33169614
764.2281059	-14.72793591
768.025902	-15.04492819
773.5488393	-15.44116795
776.6548078	-15.61795251
782.8665961	-15.98371158
785.2866902	-16.07210386
792.1874039	-16.29765637
793.9155961	-16.35556795
801.5082117	-16.56587953
802.5475529	-16.59636023
810.8289451	-16.81581544
811.1764588	-16.82800772
819.8052902	-17.17243205
820.1497529	-17.18767181
828.4372471	-17.58086409
829.4705607	-17.62658456
837.0661529	-17.98015251
838.7912941	-18.06549614
845.6981098	-18.42516023
848.112102	-18.55622433
854.3269412	-18.95246409
857.4329098	-19.13839228
862.9558471	-19.38527953
866.7505922	-19.54072819
871.5878039	-19.70532047
876.0714	-19.83943088
880.2167098	-19.94001544
885.3922078	-20.06193591
888.8455412	-20.15947181
894.7129412	-20.33320772
897.477498	-20.43074363
904.030698	-20.68372819
906.1064039	-20.77212047
913.3515059	-21.10130502
914.7353098	-21.16531274
922.6722393	-21.51278456
923.3641412	-21.54326409
931.9930471	-21.89378456
938.3512078	-21.79929498
943.5450117	-21.44572819
944.7031922	-21.27808726
951.0613529	-20.09241544
955.0999529	-19.31822433
957.4163883	-18.71167181
963.7684471	-17.21205637
966.6548941	-16.5354
970.1266078	-15.82826409
976.4785922	-14.16405637
978.2129607	-13.73733591
982.8367529	-12.65529614
989.1917883	-11.38123205
989.767902	-11.26540772
995.5438471	-9.951720465
1001.322843	-8.781287837
1001.902008	-8.650223744
1008.253992	-7.205471814
1012.877859	-6.208776256
1014.612153	-5.8674
1020.967188	-4.511040058
1024.4328	-3.718559942
1027.319247	-3.154680116
1033.677408	-1.962912017
1035.987741	-1.624583977
1040.029392	-0.749808012
1046.387553	0.448056009
1047.539706	0.640079971
1052.340306	3.934967953
1052.742588	4.209288128
1055.208447	6.031992279
1059.094647	8.91235193
1067.741859	9.625583977
1068.406302	9.637776256
1076.388996	9.079992279
1077.717957	8.98855193
1085.036208	8.38809614
1087.029612	8.174735907
1093.680294	7.790687837
1096.341192	7.662671814
1102.324455	7.360919884
1105.652847	7.248144209
1110.971592	7.171944209
1114.964502	7.129271814
1119.618804	7.135367953
1124.276157	7.16889614
1128.265941	7.296912163
1133.58171	7.531607721
1136.910102	7.69010386
1142.89329	7.958328186
1145.554188	8.055864093
1152.204945	8.327135907
1154.2014	8.482583977
1161.5166	9.22629614
1162.848612	9.503664093
1170.828255	11.39342433
1171.495749	11.53972819
1180.13991	13.15821544
	
