 Elev(m)    dbdxp(-)    dbdxc(-)      I2p     I2c
  -19.0100002       0.00000000       0.00000000       0.00000000       0.00000000    
  -18.3299999      -2.12653168E-02  -1.28121572E-02  -2.45827273E-03  -1.48108671E-03
  -17.6599998      -2.15825792E-02  -1.55075639E-02  -1.22557357E-02  -7.67346052E-03
  -16.9799995      -2.70892754E-02  -1.86692216E-02  -3.27051952E-02  -2.11339984E-02
  -16.2999992      -3.67618613E-02  -6.21015914E-02  -6.61623254E-02  -4.78824936E-02
  -15.6199999      -1.29773822E-02  -6.55221520E-03 -0.112750456      -9.19044390E-02
  -14.9499998      -1.24893524E-02  -7.33660674E-03 -0.167262763     -0.144704252    
  -14.2700005      -2.68963035E-02  -1.16883749E-02 -0.230041638     -0.202072948    
  -13.5900002      -1.82312857E-02  -2.10694186E-02 -0.302590340     -0.265427828    
  -12.9200001      -1.06684929E-02  -1.56006934E-02 -0.382552952     -0.335821152    
  -12.2399998      -1.01968814E-02  -9.61409137E-03 -0.469412088     -0.414355785    
  -11.5600004      -2.47259140E-02  -9.69104469E-03 -0.562720180     -0.498036832    
  -10.8800001      -3.98086049E-02  -2.15186346E-02 -0.667525709     -0.587557495    
  -10.2100000      -5.35321943E-02  -4.37468551E-02 -0.788930595     -0.686861098    
  -9.52999973      -1.90049857E-02  -1.66852772E-02 -0.931162059     -0.802064955    
  -8.85000038      -3.48053016E-02  -4.34381142E-03  -1.08799899     -0.926685572    
  -8.18000031     -0.162401289      -2.30677575E-02  -1.27145588      -1.05503762    
  -7.50000000      -3.18379737E-02 -0.122668870      -1.50256181      -1.20527411    
  -6.82000017      -2.01669452E-03  -1.78151596E-02  -1.76003528      -1.38859761    
  -6.13999987      -3.07669467E-03   6.51138136E-03  -2.02201128      -1.58946800    
  -5.46999979      -3.92263196E-02  -9.91045381E-04  -2.28560519      -1.78803360    
  -4.78999996     -0.212427393      -5.77326268E-02  -2.58704138      -1.99572265    
  -4.11000013      -2.18297727E-03 -0.191712186      -2.94237781      -2.23903584    
  -3.44000006      -5.17493933E-02  -1.10586891E-02  -3.32316756      -2.53062344    
  -2.75999999      -3.24651343E-03  -5.13376854E-02  -3.72213984      -2.85686636    
  -2.07999992     -0.134322986      -1.92803834E-02  -4.14337254      -3.19848561    
  -1.39999998      -6.21964969E-02 -0.179026186      -4.60322618      -3.57119274    
 -0.730000019       4.51282226E-02  -8.01973045E-02  -5.08067369      -3.99097228    
  -5.00000007E-02   5.58684915E-02   2.27178484E-02  -5.55551577      -4.45318079    
  0.629999995       6.10177852E-02   3.18010151E-02  -6.00517035      -4.91573143    
   1.29999995       6.40275478E-02   3.61484475E-02  -6.42044401      -5.35741520    
   1.98000002       6.74806684E-02   4.06341255E-02  -6.81247425      -5.78907728    
   2.66000009       6.96845278E-02   4.72409800E-02  -7.17344522      -6.20170546    
   3.33999991       7.13983774E-02   5.16682304E-02  -7.50225115      -6.59274101    
   4.01000023       7.24161118E-02   5.50038181E-02  -7.79352713      -6.95442915    
   4.69000006       7.34045431E-02   5.75111099E-02  -8.05591679      -7.29636145    
   5.36999989       7.47939125E-02   5.90441115E-02  -8.28431797      -7.61181307    
   6.03999996       6.14850596E-02   8.91533345E-02  -8.47672653      -7.89221859    
   6.71999979      -1.47800557E-02  0.105914474      -8.65108871      -8.13738346    
   7.40000010     -0.113034241       1.90163516E-02  -8.83482838      -8.34555626    
   8.07999992     -0.221828818     -0.228850573      -9.07205200      -8.56354427    
   8.75000000      -2.51470096E-02 -0.332664907      -9.37247944      -8.86713791    
   9.43000031       3.26139890E-02  -2.40450799E-02  -9.70465183      -9.28044128    
   10.1099997       3.47019956E-02   3.38001139E-02  -10.0281782      -9.73385143    
   10.7799997       3.44430171E-02   3.68600525E-02  -10.3312874      -10.1713152    
   11.4600000       3.35818827E-02   3.55240665E-02  -10.6231833      -10.5988951    
   12.1400003       3.10941227E-02   3.43126841E-02  -10.8997383      -11.0100327    
   12.8199997       2.74064336E-02   3.22890021E-02  -11.1620541      -11.4053984    
   13.4899998       2.90862694E-02   2.75229588E-02  -11.4073191      -11.7804499    
   14.1700001       3.02542057E-02   3.15642618E-02  -11.6429520      -12.1474581    
   14.8500004       3.00800931E-02   2.76745073E-02  -11.8647499      -12.5007877    
   15.5200005       3.00800931E-02   3.00686415E-02  -12.0694599      -12.8354988    
   16.2000008       3.00800931E-02   3.00686415E-02  -12.2634201      -13.1616774    
   16.8799992       3.00800931E-02   3.00686415E-02  -12.4434700      -13.4739523    
   17.5599995       3.00800931E-02   3.00686415E-02  -12.6096125      -13.7723246    
   18.2299995       3.00800931E-02   3.00686415E-02  -12.7595034      -14.0525064    
   18.9099998       3.00800931E-02   3.00686415E-02  -12.8978271      -14.3230715    
   19.5900002       3.00800931E-02   3.00686415E-02  -13.0222425      -14.5797319    
   20.2600002       3.00800931E-02   3.00686415E-02  -13.1310205      -14.8188162    
   20.9400005       3.00800931E-02   3.00686415E-02  -13.2276173      -15.0476694    
   21.6200008       3.00800931E-02   3.00686415E-02  -13.3103046      -15.2626190    
   22.2999992       3.00800931E-02   3.00686415E-02  -13.3790836      -15.4636631    
   22.9699993       3.00800931E-02   3.00686415E-02  -13.4330435      -15.6479511    
   23.6499996       3.00800931E-02   3.00686415E-02  -13.4740038      -15.8211889    
   24.3299999       3.00800931E-02   3.00686415E-02  -13.5010557      -15.9805231    
   25.0000000       3.00800931E-02   3.00686415E-02  -13.5139017      -16.1237125    
   25.6800003       3.00800931E-02   3.00686415E-02  -13.5131359      -16.2552395    
   26.3600006       3.00800931E-02   3.00686415E-02  -13.4984598      -16.3728619    
   27.0400009       3.00800931E-02   3.00686415E-02  -13.4698753      -16.4765816    
   27.7099991       3.00800931E-02   3.00686415E-02  -13.4279041      -16.5649738    
   28.3899994       3.00800931E-02   3.00686415E-02  -13.3715010      -16.6408863    
   29.0699997       3.00800931E-02   3.00686415E-02  -13.3011894      -16.7028942    
   29.7399998       3.00800931E-02   3.00686415E-02  -13.2181044      -16.7501888    
   30.4200001       3.00800931E-02   3.00686415E-02  -13.1199741      -16.7843895    
   31.1000004       3.00800931E-02   3.00686415E-02  -13.0079355      -16.8046856    
   31.7800007       3.00800931E-02   3.00686415E-02  -12.8819876      -16.8110790    
   32.4500008       3.00800931E-02   3.00686415E-02  -12.7440844      -16.8035774    
   33.1300011       3.00800931E-02   3.00686415E-02  -12.5903187      -16.7821617    
   33.8100014       3.00800931E-02   3.00686415E-02  -12.4226427      -16.7468433    
   34.4799995       3.00800931E-02   3.00686415E-02  -12.2436275      -16.6982441    
   35.1599998       3.00800931E-02   3.00686415E-02  -12.0481339      -16.6351185    
   35.8400002       3.00800931E-02   3.00686415E-02  -11.8387318      -16.5580883    
   36.5200005       3.00800931E-02   3.00686415E-02  -11.6154203      -16.4671555    
   37.1899986       3.00800931E-02   3.00686415E-02  -11.3815870      -16.3637581    
   37.8699989       3.00800931E-02   3.00686415E-02  -11.1304569      -16.2450180    
   38.5499992       3.00800931E-02   3.00686415E-02  -10.8654184      -16.1123734    
   39.2200012       3.00800931E-02   3.00686415E-02  -10.5904703      -15.9678774    
   39.9000015       3.00800931E-02   3.00686415E-02  -10.2976131      -15.8074245    
   40.5800018       3.00800931E-02   3.00686415E-02  -9.99084759      -15.6330690    
   41.2599983       3.00800931E-02   3.00686415E-02  -9.67017460      -15.4448109    
   41.9300003       3.00800931E-02   3.00686415E-02  -9.34040833      -15.2455177    
   42.6100006       3.00800931E-02   3.00686415E-02  -8.99191475      -15.0294504    
   43.2900009       3.00800931E-02   3.00686415E-02  -8.62951279      -14.7994804    
   43.9599991       3.00800931E-02   3.00686415E-02  -8.25863552      -14.5590906    
   44.6399994       3.00800931E-02   3.00686415E-02  -7.86841536      -14.3013124    
   45.3199997       3.00800931E-02   3.00686415E-02  -7.46428585      -14.0296297    
   46.0000000       3.00800931E-02   3.00686415E-02  -7.04624796      -13.7440443    
   46.6699982       3.00800931E-02   3.00686415E-02  -6.62055206      -13.4488573    
   47.3499985       3.00800931E-02   3.00686415E-02  -6.17469597      -13.1354647    
   48.0299988       3.00800931E-02   3.00686415E-02  -5.71493053      -12.8081675    
   48.7000008       3.00800931E-02   3.00686415E-02  -5.24811840      -12.4718809    
