	RS=85.780* 
0	4.453127895
7.095744209	3.084575965
10.64666409	2.67004807
14.19453591	2.59689614
18.34286409	2.523743919
21.29332819	2.471927895
28.39212047	2.5146
31.94304093	2.532888128
35.48786409	2.50850386
39.54475367	2.484119884
42.58361005	2.462783977
49.68544633	2.3622
53.23331814	2.28295193
56.78118995	2.1336
63.87998456	1.645920029
72.45705637	-5.190744209
74.35901005	-8.339328186
81.02803088	-18.23008842
84.83803088	-19.89124865
89.60205637	-21.11654363
95.31705637	-22.30526409
98.17608186	-22.91486409
105.7930309	-25.16124093
106.7501073	-25.42641544
115.3241235	-27.79166409
116.2751073	-28.01416912
123.898149	-29.56255135
126.7541235	-30.01060772
132.4721745	-30.92500772
137.233149	-31.53155907
141.043149	-32.01314363
147.7121745	-32.54959228
149.6202255	-32.6898
158.194251	-32.88792047
166.5457598	-32.69589498
167.7619274	-32.64103088
174.8972873	-32.16249498
177.3295853	-31.99790502
183.254898	-31.40354363
186.9003127	-31.07131274
191.6064255	-30.75736912
196.4679892	-30.45866409
199.9609853	-30.27883088
206.0356471	-29.97707953
208.3155637	-29.90697684
215.6063745	-29.67837684
216.6670726	-29.66008726
225.021651	-29.50464093
225.177102	-29.50464093
233.3762108	-29.36747953
234.7447598	-29.35528726
241.7307892	-29.23336912
244.3124363	-29.19984093
250.082298	-29.12973591
253.8801127	-29.11144865
258.4368765	-29.11754363
263.4477892	-29.1084
266.7914363	-29.04744093
273.018498	-28.84627181
275.1429637	-28.77312047
282.5892255	-28.4226
283.4975235	-28.37383088
291.852102	-27.8892
292.156902	-27.87091274
300.2066618	-27.45943088
301.7245598	-27.37408726
308.5581892	-27.04795135
311.2952873	-26.91993591
316.912749	-26.75534363
320.8629451	-26.65171274
325.2673274	-26.52369498
330.4306216	-26.38958456
333.6188549	-26.26461544
339.998298	-26.02077684
341.9764471	-25.94457684
349.5720765	-25.51480772
350.3279745	-25.47213591
358.679502	-25.03932047
359.1397529	-25.02103088
367.0370941	-24.69794363
368.7074294	-24.61564865
375.3886216	-24.24684093
378.2751059	-24.09444093
383.7432	-23.78049498
387.8427451	-23.57932819
392.0977784	-23.35682316
397.4134726	-23.09164865
400.4523196	-23.00630502
406.981149	-22.83561544
408.8038471	-22.79294363
416.5518765	-22.61006409
417.1584255	-22.60092047
425.5130039	-22.44852047
426.1195529	-22.43632819
433.8644941	-22.24430502
435.6902804	-22.19858456
442.2190726	-22.08885637
445.2579196	-22.03094363
450.573651	-21.98522316
454.8255961	-21.95474363
458.9251784	-21.93950502
464.3932726	-21.93645637
467.2797196	-21.93340772
473.964	-21.91816912
475.634298	-21.90902316
483.5347274	-21.87244865
483.9888765	-21.87244865
492.3404039	-21.82367953
493.1024039	-21.81758456
500.6949451	-21.77795907
502.6700804	-21.76272047
509.0495235	-21.72004865
512.2377196	-21.70785637
517.401051	-21.6408
521.8084471	-21.57984093
525.7586804	-21.4884
531.3761235	-21.336
534.1101706	-21.25370502
540.9438	-21.0312
542.464749	-21.00072047
550.5145274	-20.75992819
550.8193274	-20.74164093
559.1708549	-20.26310502
560.0852549	-20.19909498
567.5253961	-19.70227181
569.6528941	-19.58949498
575.8799745	-19.16582433
579.2205706	-18.90979228
584.2345529	-18.59889614
588.7882471	-18.37029614
592.5860804	-18.20570386
598.3589745	-17.92223977
600.9406216	-17.80032047
607.929702	-17.54428842
609.2952	-17.49856795
617.4973784	-17.22424749
617.6467274	-17.22424749
626.0013059	-17.08708842
627.0650549	-17.07794363
634.3558471	-16.98040772
636.6326941	-16.93468842
642.7103883	-16.87067953
646.2034588	-16.86763205
651.0619529	-16.91030386
655.771098	-16.93773591
659.4164941	-16.98345637
665.3388117	-17.04441544
667.7711098	-15.59661544
674.906451	-10.30223977
676.1226	-9.14095193
684.4801922	1.530095994
691.4966941	1.542287983
695.2152393	1.548383977
698.5162471	1.578863948
705.538851	1.670304006
705.9503607	1.6764
712.5553529	1.712975965
716.6854078	1.7526
719.5779568	1.743455936
726.5975098	1.694687983
727.4204549	1.691640058
733.6169883	1.624583977
738.1585529	1.606295994
740.6365412	1.606295994
747.6560941	1.883663948
748.8936	1.880616023
753.8953412	1.874520029
754.6756471	1.874520029
759.631698	1.874520029
761.6952	1.883663948
768.7178039	1.9812
770.3667451	1.886712017
775.7343059	1.658112017
781.1048432	1.780032047
782.7538588	1.865375965
789.7763883	2.200655936
791.8398902	2.28904807
796.7928902	2.258567953
802.5750117	2.173224035
803.8154941	2.148840058
806.418498	2.127504006
810.8350471	2.090928041
813.3100588	2.097024035
817.8546	2.106167953
824.0451059	2.249424035
824.8741529	2.28904807
831.8937059	2.569464093
834.7862549	2.651759942
838.9132588	2.779775965
845.521302	2.81635193
845.9328117	2.828543919
852.9553412	3.151632047
856.256349	3.35584807
859.9718432	3.834383977
866.9913961	5.279135907
	
