 Elev(m)    Area(m2)     Peri(m)      Radi(m)   Conv(m3/s)    topWidth(m)    newI1(m3)    dPdA(1/m)
   -29.11        0.00        0.00         NaN                 NaN               0.000           0.000             NaN
   -28.34       20.50       41.13        0.50             515.308              41.092           7.865           2.007
   -27.57       62.27       66.07        0.94            2394.281              65.971          39.623           0.597
   -26.80      120.25       84.20        1.43            6099.505              84.021         109.657           0.313
   -26.04      189.34       96.38        1.96           11879.132              96.091         228.448           0.176
   -25.27      267.23      107.22        2.49           19649.311             106.816         403.639           0.139
   -24.50      353.43      118.52        2.98           29289.160             118.002         641.795           0.131
   -23.73      448.46      130.76        3.43           40795.727             130.146         949.492           0.129
   -22.97      554.59      148.13        3.74           53486.457             147.447        1334.376           0.164
   -22.20      698.13      216.67        3.22           60920.641             215.932        1815.062           0.477
   -21.43      875.47      247.87        3.53           81215.367             247.093        2418.872           0.176
   -20.66     1099.76      325.32        3.38           99086.984             324.461        3176.789           0.345
   -19.90     1373.71      378.14        3.63          129851.383             377.213        4125.889           0.193
   -19.13     1670.34      397.16        4.21          174083.969             396.135        5293.929           0.064
   -18.36     1997.11      451.91        4.42          215125.688             450.803        6701.175           0.168
   -17.59     2347.85      462.78        5.07          277288.000             461.528        8368.393           0.031
   -16.83     2705.31      471.18        5.74          346975.125             469.774       10307.354           0.024
   -16.06     3068.33      477.88        6.42          423984.250             476.298       12522.775           0.018
   -15.29     3436.36      484.57        7.09          507364.250             482.801       15018.709           0.018
   -14.52     3809.45      491.57        7.75          596722.750             489.616       17799.020           0.019
   -13.76     4187.81      498.53        8.40          692221.375             496.382       20867.672           0.018
   -12.99     4571.60      506.26        9.03          792975.000             503.926       24228.764           0.020
   -12.22     4961.27      513.99        9.65          899657.062             511.481       27886.648           0.020
   -11.45     5356.39      520.94       10.28         1013108.438             518.229       31845.668           0.018
   -10.69     5756.67      527.86       10.91         1132405.375             524.942       36109.895           0.017
    -9.92     6162.08      534.73       11.52         1257519.750             531.614       40683.273           0.017
    -9.15     6572.70      542.08       12.13         1387586.750             538.757       45569.773           0.018
    -8.38     6989.12      549.99       12.71         1522389.500             546.483       50773.621           0.019
    -7.62     7411.93      559.24       13.25         1660407.625             555.551       56299.484           0.022
    -6.85     7841.38      566.77       13.84         1807636.125             562.888       62152.371           0.018
    -6.08     8275.68      573.05       14.44         1963077.500             568.966       68336.688           0.014
    -5.32     8714.65      579.32       15.04         2124204.500             575.031       74856.094           0.014
    -4.55     9158.57      586.73       15.61         2288136.500             582.268       81714.281           0.017
    -3.78     9608.43      594.72       16.16         2456246.750             590.112       88915.414           0.018
    -3.01    10064.62      603.29       16.68         2628478.500             598.536       96464.211           0.019
    -2.25    10526.90      612.22       17.19         2805132.000             607.294      104365.438           0.019
    -1.48    10998.44      627.94       17.52         2967118.000             622.857      112624.984           0.033
    -0.71    11483.01      645.79       17.78         3129139.500             640.580      121251.406           0.037
     0.06    11982.79      666.98       17.97         3287866.500             661.647      130255.531           0.042
     0.82    12495.47      679.77       18.38         3481276.250             674.312      139648.156           0.025
     1.59    13015.93      687.66       18.93         3697751.750             682.041      149437.203           0.015
     2.36    13543.02      702.65       19.27         3894278.000             696.875      159628.203           0.028
     3.13    14089.61      727.33       19.37         4065096.750             721.445      170231.203           0.045
     3.89    14648.12      739.31       19.81         4290219.000             733.320      181258.234           0.021
     4.66    15214.76      749.50       20.30         4528839.000             743.393      192717.000           0.018
     5.43    15799.93      809.00       19.53         4583387.500             802.762      204617.734           0.102
     6.20    16470.32      945.01       17.43         4428662.500             938.584      217000.234           0.203
     6.96    17207.94      980.17       17.56         4649507.500             973.537      229923.016           0.048
     7.73    17960.07      993.53       18.08         4948269.000             986.681      243417.422           0.018
     8.50    18721.84     1006.45       18.60         5257489.500             999.389      257492.734           0.017
     9.27    19495.83     1025.15       19.02         5556126.500            1017.931      272157.344           0.024
    10.03    20277.02     1025.15       19.78         5932112.500            1017.931      287418.688           0.000
    10.80    21058.20     1025.15       20.54         6317881.000            1017.931      303279.562           0.000
    11.57    21839.39     1025.15       21.30         6713311.000            1017.931      319739.875          -0.000
    12.34    22620.58     1025.15       22.07         7118284.500            1017.931      336799.750           0.000
    13.10    23401.76     1025.15       22.83         7532691.000            1017.931      354459.094           0.000
    13.87    24182.95     1025.15       23.59         7956426.000            1017.931      372717.969           0.000
    14.64    24964.13     1025.15       24.35         8389386.000            1017.931      391576.312          -0.000
    15.41    25745.32     1025.15       25.11         8831473.000            1017.931      411034.188           0.000
    16.17    26526.51     1025.15       25.88         9282595.000            1017.931      431091.531           0.000
    16.94    27307.69     1025.15       26.64         9742662.000            1017.931      451748.406           0.000
    17.71    28088.88     1025.15       27.40        10211589.000            1017.931      473004.781          -0.000
    18.48    28870.07     1025.15       28.16        10689291.000            1017.931      494860.656           0.000
    19.24    29651.25     1025.15       28.92        11175690.000            1017.931      517316.031           0.000
    20.01    30432.44     1025.15       29.69        11670708.000            1017.931      540370.938           0.000
    20.78    31213.63     1025.15       30.45        12174273.000            1017.931      564025.312          -0.000
    21.54    31994.81     1025.15       31.21        12686307.000            1017.931      588279.188           0.000
    22.31    32776.00     1025.15       31.97        13206746.000            1017.931      613132.562           0.000
    23.08    33557.19     1025.15       32.73        13735523.000            1017.931      638585.438           0.000
    23.85    34338.37     1025.15       33.50        14272568.000            1017.931      664637.875          -0.000
    24.61    35119.56     1025.15       34.26        14817821.000            1017.931      691289.750           0.000
    25.38    35900.75     1025.15       35.02        15371221.000            1017.931      718541.125           0.000
    26.15    36681.93     1025.15       35.78        15932709.000            1017.931      746392.062           0.000
    26.92    37463.12     1025.15       36.54        16502224.000            1017.931      774842.375          -0.000
    27.68    38244.30     1025.15       37.31        17079712.000            1017.931      803892.250           0.000
    28.45    39025.49     1025.15       38.07        17665116.000            1017.931      833541.688           0.000
    29.22    39806.68     1025.15       38.83        18258388.000            1017.931      863790.625           0.000
    29.99    40587.86     1025.15       39.59        18859476.000            1017.931      894639.000          -0.000
    30.75    41369.05     1025.15       40.35        19468322.000            1017.931      926086.938           0.000
    31.52    42150.23     1025.15       41.12        20084880.000            1017.931      958134.312           0.000
    32.29    42931.42     1025.15       41.88        20709106.000            1017.931      990781.188           0.000
    33.06    43712.61     1025.15       42.64        21340950.000            1017.931     1024027.562           0.000
    33.82    44493.79     1025.15       43.40        21980368.000            1017.931     1057873.500           0.000
    34.59    45274.98     1025.15       44.16        22627316.000            1017.931     1092319.000           0.000
    35.36    46056.17     1025.15       44.93        23281748.000            1017.931     1127363.875           0.000
    36.13    46837.35     1025.15       45.69        23943620.000            1017.931     1163008.250           0.000
    36.89    47618.54     1025.15       46.45        24612896.000            1017.931     1199252.250           0.000
    37.66    48399.73     1025.15       47.21        25289530.000            1017.931     1236095.625           0.000
    38.43    49180.91     1025.15       47.97        25973486.000            1017.931     1273538.625           0.000
    39.20    49962.10     1025.15       48.74        26664726.000            1017.931     1311581.000           0.000
    39.96    50743.29     1025.15       49.50        27363202.000            1017.931     1350223.000           0.000
    40.73    51524.47     1025.15       50.26        28068886.000            1017.931     1389464.375           0.000
    41.50    52305.66     1025.15       51.02        28781740.000            1017.931     1429305.375           0.000
    42.27    53086.85     1025.15       51.78        29501732.000            1017.931     1469745.875           0.000
    43.03    53868.03     1025.15       52.55        30228812.000            1017.931     1510785.750           0.000
    43.80    54649.22     1025.15       53.31        30962962.000            1017.931     1552425.250           0.000
    44.57    55430.41     1025.15       54.07        31704144.000            1017.931     1594664.250           0.000
    45.33    56211.59     1025.15       54.83        32452320.000            1017.931     1637502.625           0.000
    46.10    56992.78     1025.15       55.59        33207458.000            1017.931     1680940.625           0.000
    46.87    57773.96     1025.15       56.36        33969532.000            1017.931     1724978.125           0.000
    47.64    58555.15     1025.15       57.12        34738504.000            1017.931     1769615.000           0.000
