 Elev(m)    dbdxp(-)    dbdxc(-)      I2p     I2c
  -16.7299995       0.00000000       0.00000000       0.00000000       0.00000000    
  -16.2000008     -0.161235467      -1.14697739E-02  -1.13227088E-02  -8.05461139E-04
  -15.6700001     -0.284949183      -3.37636955E-02  -6.53013811E-02  -5.59289521E-03
  -15.1400003     -0.383221477      -6.37596548E-02 -0.197535366      -2.04053894E-02
  -14.6099997     -0.456057847     -0.103228368     -0.435630023      -5.37931733E-02
  -14.0799999     -0.562786400     -0.149632126     -0.804210722     -0.116664685    
  -13.5500002     -0.752998710     -0.181015342      -1.33674026     -0.220512912    
  -13.0200005     -0.754824936     -0.486700922      -2.06755710     -0.394471020    
  -12.4899998      -1.21754849     -0.507962048      -3.04277158     -0.685169697    
  -11.9600000      -1.45923531     -0.492667556      -4.34447050      -1.11598706    
  -11.4300003      -1.38150251     -0.528734803      -6.03363657      -1.68880117    
  -10.8999996      -1.27015078     -0.537107110      -8.10850811      -2.40819263    
  -10.3699999      -1.14618683     -0.428565055      -10.5392742      -3.27024579    
  -9.84000015      -1.06265628     -0.313063711      -13.2948437      -4.25219393    
  -9.31000042     -0.712179422     -0.561298966      -16.3301659      -5.34762478    
  -8.77000046     -0.445350736     -0.730595887      -19.6310368      -6.61700773    
  -8.23999977     -0.426642448     -0.671668172      -23.0148125      -8.05376244    
  -7.71000004     -0.400618106     -0.625716329      -26.5179119      -9.68009758    
  -7.17999983     -0.371036053     -0.490100235      -30.1332989      -11.4758997    
  -6.65000010     -0.334275126     -0.441964537      -33.8524017      -13.4155130    
  -6.11999989     -0.296013147     -0.371462762      -37.6652985      -15.4777060    
  -5.59000015     -0.264847159     -0.308576375      -41.5618439      -17.6447735    
  -5.05999994     -0.240004778     -0.264432997      -45.5332298      -19.8998394    
  -4.53000021     -0.216578618     -0.234199733      -49.5721283      -22.2301598    
  -4.00000000     -0.194834933     -0.150437325      -53.6719856      -24.6225090    
  -3.47000003     -0.175006643      -6.21858947E-02  -57.8267059      -27.0567989    
  -2.94000006     -0.159048259      -4.73483577E-02  -62.0308571      -29.5137138    
  -2.41000009     -0.146844789      -4.50991206E-02  -66.2799454      -31.9848118    
  -1.88000000     -0.128806755      -5.36688529E-02  -70.5698776      -34.4693375    
  -1.35000002      -7.32961521E-02 -0.101820685      -74.8933563      -36.9717216    
 -0.819999993      -5.55439070E-02 -0.109874628      -79.2400818      -39.4998894    
 -0.289999992      -4.52072546E-02 -0.103878371      -83.6029205      -42.0579300    
  0.250000000      -4.04636636E-02  -9.70755517E-02  -88.0613098      -44.6936455    
  0.779999971      -4.32997607E-02  -8.85791108E-02  -92.4491425      -47.3079643    
   1.30999994      -4.72395346E-02  -8.48629847E-02  -96.8492126      -49.9474983    
   1.84000003      -5.35766818E-02  -8.05243105E-02  -101.262726      -52.6108246    
   2.36999989      -5.83676435E-02  -7.77793527E-02  -105.691177      -55.2968826    
   2.90000010      -8.17045420E-02  -7.49944076E-02  -110.137337      -58.0047913    
   3.43000007     -0.154002577      -7.11656883E-02  -114.609871      -60.7336884    
   3.96000004     -0.199533209      -7.32855126E-02  -119.123795      -63.4829941    
   4.48999977     -0.239278376      -6.46466017E-02  -123.693352      -66.2521286    
   5.01999998     -0.253228337      -8.42047259E-02  -128.328323      -69.0414047    
   5.55000019     -0.167838559     -0.166781574      -133.027435      -71.8587570    
   6.07999992     -0.115638129     -0.219827861      -137.776031      -74.7208862    
   6.61000013      -4.23685834E-02 -0.288081944      -142.555634      -77.6458282    
   7.13999987      -1.24823898E-02 -0.277338326      -147.350174      -80.6461487    
   7.67000008      -1.11833783E-02 -0.196653008      -152.150238      -83.7194672    
   8.19999981       3.16376635E-03 -0.112026028      -156.952515      -86.8477402    
   8.73999977       2.08950695E-02  -1.12183942E-02  -161.844299      -90.0657806    
   9.27000046       4.67479452E-02  -9.14423261E-03  -166.639023      -93.2344742    
   9.80000019       5.29742055E-02   1.47511985E-03  -171.421982      -96.4051361    
   10.3299999       5.29742055E-02   1.36028910E-02  -176.190506      -99.5752716    
   10.8599997       5.29742055E-02   3.57931964E-02  -180.944153      -102.740883    
   11.3900003       5.29742055E-02   4.97833192E-02  -185.682922      -105.897026    
   11.9200001       5.29742055E-02   5.29742055E-02  -190.406799      -109.039932    
   12.4499998       5.29742055E-02   5.29742055E-02  -195.115799      -112.168182    
   12.9799995       5.29742055E-02   5.29742055E-02  -199.809921      -115.281555    
   13.5100002       5.29742055E-02   5.29742055E-02  -204.489166      -118.380051    
   14.0400000       5.29742055E-02   5.29742055E-02  -209.153519      -121.463661    
   14.5699997       5.29742055E-02   5.29742055E-02  -213.802994      -124.532387    
   15.1000004       5.29742055E-02   5.29742055E-02  -218.437607      -127.586243    
   15.6300001       5.29742055E-02   5.29742055E-02  -223.057312      -130.625214    
   16.1599998       5.29742055E-02   5.29742055E-02  -227.662155      -133.649307    
   16.6900005       5.29742055E-02   5.29742055E-02  -232.252121      -136.658508    
   17.2199993       5.29742055E-02   5.29742055E-02  -236.827179      -139.652832    
   17.7600002       5.29742055E-02   5.29742055E-02  -241.473572      -142.688644    
   18.2900009       5.29742055E-02   5.29742055E-02  -246.018890      -145.653214    
   18.8199997       5.29742055E-02   5.29742055E-02  -250.549316      -148.602905    
   19.3500004       5.29742055E-02   5.29742055E-02  -255.064880      -151.537704    
   19.8799992       5.29742055E-02   5.29742055E-02  -259.565552      -154.457626    
   20.4099998       5.29742055E-02   5.29742055E-02  -264.051361      -157.362686    
   20.9400005       5.29742055E-02   5.29742055E-02  -268.522278      -160.252853    
   21.4699993       5.29742055E-02   5.29742055E-02  -272.978302      -163.128128    
   22.0000000       5.29742055E-02   5.29742055E-02  -277.419464      -165.988541    
   22.5300007       5.29742055E-02   5.29742055E-02  -281.845734      -168.834061    
   23.0599995       5.29742055E-02   5.29742055E-02  -286.257111      -171.664703    
   23.5900002       5.29742055E-02   5.29742055E-02  -290.653625      -174.480469    
   24.1200008       5.29742055E-02   5.29742055E-02  -295.035278      -177.281357    
   24.6499996       5.29742055E-02   5.29742055E-02  -299.402008      -180.067352    
   25.1800003       5.29742055E-02   5.29742055E-02  -303.753876      -182.838486    
   25.7099991       5.29742055E-02   5.29742055E-02  -308.090881      -185.594711    
   26.2399998       5.29742055E-02   5.29742055E-02  -312.412994      -188.336075    
   26.7800007       5.29742055E-02   5.29742055E-02  -316.801636      -191.114151    
   27.3099995       5.29742055E-02   5.29742055E-02  -321.093964      -193.825745    
   27.8400002       5.29742055E-02   5.29742055E-02  -325.371429      -196.522461    
   28.3700008       5.29742055E-02   5.29742055E-02  -329.634033      -199.204315    
   28.8999996       5.29742055E-02   5.29742055E-02  -333.881744      -201.871262    
   29.4300003       5.29742055E-02   5.29742055E-02  -338.114563      -204.523346    
   29.9599991       5.29742055E-02   5.29742055E-02  -342.332520      -207.160538    
   30.4899998       5.29742055E-02   5.29742055E-02  -346.535583      -209.782867    
   31.0200005       5.29742055E-02   5.29742055E-02  -350.723785      -212.390305    
   31.5499992       5.29742055E-02   5.29742055E-02  -354.897064      -214.982849    
   32.0800018       5.29742055E-02   5.29742055E-02  -359.055511      -217.560547    
   32.6100006       5.29742055E-02   5.29742055E-02  -363.199036      -220.123337    
   33.1399994       5.29742055E-02   5.29742055E-02  -367.327698      -222.671249    
   33.6699982       5.29742055E-02   5.29742055E-02  -371.441467      -225.204269    
   34.2000008       5.29742055E-02   5.29742055E-02  -375.540405      -227.722443    
   34.7299995       5.29742055E-02   5.29742055E-02  -379.624420      -230.225708    
   35.2599983       5.29742055E-02   5.29742055E-02  -383.693542      -232.714096    
   35.7999992       5.29742055E-02   5.29742055E-02  -387.824463      -235.234436    
   36.3300018       5.29742055E-02   5.29742055E-02  -391.863861      -237.693069    
