   227.169235      -33.3071442    
   266.122437      -33.3071442    
 NaN NaN
   222.111847      -32.5163078    
   280.298828      -32.5163078    
 NaN NaN
   217.379639      -31.7254753    
   298.218964      -31.7254753    
 NaN NaN
   212.818420      -30.9346409    
   315.323486      -30.9346409    
 NaN NaN
   208.401596      -30.1438065    
   326.834290      -30.1438065    
 NaN NaN
   204.591370      -29.3529720    
   339.488464      -29.3529720    
 NaN NaN
   201.186508      -28.5621376    
   362.377686      -28.5621376    
 NaN NaN
   198.450638      -27.7713051    
   379.261444      -27.7713051    
 NaN NaN
   195.910721      -26.9804707    
   391.400543      -26.9804707    
 NaN NaN
   193.193817      -26.1896362    
   405.497833      -26.1896362    
 NaN NaN
   189.910553      -25.3988018    
   424.740509      -25.3988018    
 NaN NaN
   508.990051      -25.3988018    
   612.939087      -25.3988018    
 NaN NaN
   185.962570      -24.6079674    
   628.145447      -24.6079674    
 NaN NaN
   181.250183      -23.8171329    
   641.969971      -23.8171329    
 NaN NaN
   176.337784      -23.0263004    
   649.831421      -23.0263004    
 NaN NaN
   167.003632      -22.2354660    
   656.723694      -22.2354660    
 NaN NaN
   150.058914      -21.4446316    
   663.066711      -21.4446316    
 NaN NaN
   142.317291      -20.6537971    
   668.198181      -20.6537971    
 NaN NaN
   137.304092      -19.8629627    
   672.587097      -19.8629627    
 NaN NaN
   134.153641      -19.0721302    
   676.058289      -19.0721302    
 NaN NaN
   131.004425      -18.2812958    
   679.499084      -18.2812958    
 NaN NaN
   126.110481      -17.4904613    
   682.792847      -17.4904613    
 NaN NaN
   118.702003      -16.6996269    
   686.284912      -16.6996269    
 NaN NaN
   96.6218414      -15.9087934    
   689.934387      -15.9087934    
 NaN NaN
   94.5923843      -15.1179590    
   694.972107      -15.1179590    
 NaN NaN
   92.5345612      -14.3271246    
   698.846436      -14.3271246    
 NaN NaN
   90.4767303      -13.5362911    
   699.992859      -13.5362911    
 NaN NaN
   88.2978973      -12.7454567    
   701.045044      -12.7454567    
 NaN NaN
   86.4571609      -11.9546223    
   701.988586      -11.9546223    
 NaN NaN
   85.7382736      -11.1637888    
   702.932068      -11.1637888    
 NaN NaN
   85.0193787      -10.3729544    
   703.875549      -10.3729544    
 NaN NaN
   84.3004913      -9.58212090    
   704.819031      -9.58212090    
 NaN NaN
   83.5816040      -8.79128647    
   705.762512      -8.79128647    
 NaN NaN
   82.8627090      -8.00045204    
   706.705994      -8.00045204    
 NaN NaN
   82.1438217      -7.20961857    
   707.644531      -7.20961857    
 NaN NaN
   81.4249344      -6.41878414    
   708.500244      -6.41878414    
 NaN NaN
   80.7060471      -5.62795019    
   709.197876      -5.62795019    
 NaN NaN
   79.9871521      -4.83711624    
   709.864197      -4.83711624    
 NaN NaN
   79.2682648      -4.04628181    
   710.530518      -4.04628181    
 NaN NaN
   78.4258499      -3.25544786    
   711.196777      -3.25544786    
 NaN NaN
   77.0939178      -2.46461391    
   711.863098      -2.46461391    
 NaN NaN
   75.4662628      -1.67377985    
   712.529419      -1.67377985    
 NaN NaN
   73.8386078     -0.882945776    
   713.195740     -0.882945776    
 NaN NaN
   72.2109528      -9.21117067E-02
   713.862061      -9.21117067E-02
 NaN NaN
   70.5833054      0.698722363    
   714.528381      0.698722363    
 NaN NaN
   65.0073242       1.48955643    
   715.194702       1.48955643    
 NaN NaN
   51.4804268       2.28039050    
   715.861023       2.28039050    
 NaN NaN
   42.2196159       3.07122469    
   716.527283       3.07122469    
 NaN NaN
   34.6878242       3.86205864    
   745.580444       3.86205864    
 NaN NaN
   0.00000000       4.65289259    
   10.0303564       4.65289259    
 NaN NaN
   28.3881969       4.65289259    
   753.723694       4.65289259    
 NaN NaN
   0.00000000       5.44372654    
   760.351074       5.44372654    
 NaN NaN
   0.00000000       6.23456097    
   760.351074       6.23456097    
 NaN NaN
   0.00000000       7.02539492    
   760.351074       7.02539492    
 NaN NaN
   0.00000000       7.81622887    
   760.351074       7.81622887    
 NaN NaN
   0.00000000       8.60706329    
   760.351074       8.60706329    
 NaN NaN
   0.00000000       9.39789677    
   760.351074       9.39789677    
 NaN NaN
   0.00000000       10.1887312    
   760.351074       10.1887312    
 NaN NaN
   0.00000000       10.9795656    
   760.351074       10.9795656    
 NaN NaN
   0.00000000       11.7703991    
   760.351074       11.7703991    
 NaN NaN
   0.00000000       12.5612335    
   760.351074       12.5612335    
 NaN NaN
   0.00000000       13.3520679    
   760.351074       13.3520679    
 NaN NaN
   0.00000000       14.1429014    
   760.351074       14.1429014    
 NaN NaN
   0.00000000       14.9337358    
   760.351074       14.9337358    
 NaN NaN
   0.00000000       15.7245693    
   760.351074       15.7245693    
 NaN NaN
   0.00000000       16.5154037    
   760.351074       16.5154037    
 NaN NaN
   0.00000000       17.3062382    
   760.351074       17.3062382    
 NaN NaN
   0.00000000       18.0970726    
   760.351074       18.0970726    
 NaN NaN
   0.00000000       18.8879051    
   760.351074       18.8879051    
 NaN NaN
   0.00000000       19.6787395    
   760.351074       19.6787395    
 NaN NaN
   0.00000000       20.4695740    
   760.351074       20.4695740    
 NaN NaN
   0.00000000       21.2604084    
   760.351074       21.2604084    
 NaN NaN
   0.00000000       22.0512428    
   760.351074       22.0512428    
 NaN NaN
   0.00000000       22.8420753    
   760.351074       22.8420753    
 NaN NaN
   0.00000000       23.6329098    
   760.351074       23.6329098    
 NaN NaN
   0.00000000       24.4237442    
   760.351074       24.4237442    
 NaN NaN
   0.00000000       25.2145786    
   760.351074       25.2145786    
 NaN NaN
   0.00000000       26.0054131    
   760.351074       26.0054131    
 NaN NaN
   0.00000000       26.7962475    
   760.351074       26.7962475    
 NaN NaN
   0.00000000       27.5870800    
   760.351074       27.5870800    
 NaN NaN
   0.00000000       28.3779144    
   760.351074       28.3779144    
 NaN NaN
   0.00000000       29.1687489    
   760.351074       29.1687489    
 NaN NaN
   0.00000000       29.9595833    
   760.351074       29.9595833    
 NaN NaN
   0.00000000       30.7504177    
   760.351074       30.7504177    
 NaN NaN
   0.00000000       31.5412502    
   760.351074       31.5412502    
 NaN NaN
   0.00000000       32.3320847    
   760.351074       32.3320847    
 NaN NaN
   0.00000000       33.1229210    
   760.351074       33.1229210    
 NaN NaN
   0.00000000       33.9137535    
   760.351074       33.9137535    
 NaN NaN
   0.00000000       34.7045860    
   760.351074       34.7045860    
 NaN NaN
   0.00000000       35.4954224    
   760.351074       35.4954224    
 NaN NaN
   0.00000000       36.2862549    
   760.351074       36.2862549    
 NaN NaN
   0.00000000       37.0770912    
   760.351074       37.0770912    
 NaN NaN
   0.00000000       37.8679237    
   760.351074       37.8679237    
 NaN NaN
   0.00000000       38.6587563    
   760.351074       38.6587563    
 NaN NaN
   0.00000000       39.4495926    
   760.351074       39.4495926    
 NaN NaN
   0.00000000       40.2404251    
   760.351074       40.2404251    
 NaN NaN
   0.00000000       41.0312614    
   760.351074       41.0312614    
 NaN NaN
   0.00000000       41.8220940    
   760.351074       41.8220940    
 NaN NaN
   0.00000000       42.6129265    
   760.351074       42.6129265    
 NaN NaN
   0.00000000       43.4037628    
   760.351074       43.4037628    
 NaN NaN
   0.00000000       44.1945953    
   760.351074       44.1945953    
 NaN NaN
   0.00000000       44.9854317    
   760.351074       44.9854317    
 NaN NaN
