   418.256378      -18.4051037    
   484.715973      -18.4051037    
 NaN NaN
   616.858765      -18.4051037    
   629.630371      -18.4051037    
 NaN NaN
   413.936401      -17.8181210    
   507.375793      -17.8181210    
 NaN NaN
   596.744995      -17.8181210    
   639.858154      -17.8181210    
 NaN NaN
   671.440552      -17.8181210    
   694.538269      -17.8181210    
 NaN NaN
   409.110565      -17.2311363    
   737.923767      -17.2311363    
 NaN NaN
   306.050232      -16.6441536    
   323.143341      -16.6441536    
 NaN NaN
   395.973236      -16.6441536    
   743.618286      -16.6441536    
 NaN NaN
   290.771545      -16.0571690    
   343.832153      -16.0571690    
 NaN NaN
   356.762238      -16.0571690    
   748.175293      -16.0571690    
 NaN NaN
   144.942032      -15.4701853    
   267.936188      -15.4701853    
 NaN NaN
   276.855072      -15.4701853    
   751.195129      -15.4701853    
 NaN NaN
   140.386429      -14.8832016    
   754.214905      -14.8832016    
 NaN NaN
   136.181290      -14.2962170    
   756.671570      -14.2962170    
 NaN NaN
   133.632004      -13.7092333    
   758.312256      -13.7092333    
 NaN NaN
   131.082718      -13.1222496    
   759.952942      -13.1222496    
 NaN NaN
   128.533432      -12.5352659    
   761.593628      -12.5352659    
 NaN NaN
   126.016403      -11.9482822    
   763.234314      -11.9482822    
 NaN NaN
   123.520676      -11.3612986    
   764.875000      -11.3612986    
 NaN NaN
   121.024948      -10.7743139    
   766.211487      -10.7743139    
 NaN NaN
   118.529228      -10.1873302    
   767.497314      -10.1873302    
 NaN NaN
   116.191963      -9.60034657    
   768.783203      -9.60034657    
 NaN NaN
   113.862740      -9.01336288    
   770.069031      -9.01336288    
 NaN NaN
   111.533516      -8.42637920    
   771.354919      -8.42637920    
 NaN NaN
   109.212860      -7.83939505    
   772.640808      -7.83939505    
 NaN NaN
   107.089478      -7.25241089    
   773.926636      -7.25241089    
 NaN NaN
   104.966103      -6.66542721    
   775.198425      -6.66542721    
 NaN NaN
   102.842728      -6.07844353    
   776.466125      -6.07844353    
 NaN NaN
   100.719353      -5.49145937    
   777.733826      -5.49145937    
 NaN NaN
   98.7284927      -4.90447569    
   779.001526      -4.90447569    
 NaN NaN
   96.7812195      -4.31749201    
   780.269165      -4.31749201    
 NaN NaN
   94.8339462      -3.73050785    
   781.536865      -3.73050785    
 NaN NaN
   92.8866653      -3.14352417    
   782.804565      -3.14352417    
 NaN NaN
   90.8382187      -2.55654025    
   784.192810      -2.55654025    
 NaN NaN
   87.5227051      -1.96955633    
   785.665405      -1.96955633    
 NaN NaN
   84.2071991      -1.38257253    
   787.138062      -1.38257253    
 NaN NaN
   80.6482239     -0.795588672    
   788.610718     -0.795588672    
 NaN NaN
   76.5882492     -0.208604813    
   790.083374     -0.208604813    
 NaN NaN
   72.6391373      0.378379047    
   791.556030      0.378379047    
 NaN NaN
   69.9020157      0.965362906    
   793.274963      0.965362906    
 NaN NaN
   67.1648941       1.55234671    
   795.357971       1.55234671    
 NaN NaN
   64.4277725       2.13933063    
   797.440979       2.13933063    
 NaN NaN
   60.7608490       2.72631454    
   799.523987       2.72631454    
 NaN NaN
   56.7927361       3.31329823    
   801.684265       3.31329823    
 NaN NaN
   53.0649834       3.90028214    
   806.229614       3.90028214    
 NaN NaN
   49.6191902       4.48726606    
   810.929199       4.48726606    
 NaN NaN
   46.1734009       5.07424974    
   821.220032       5.07424974    
 NaN NaN
   42.7155533       5.66123390    
   833.013489       5.66123390    
 NaN NaN
   39.2550087       6.24821758    
   846.942749       6.24821758    
 NaN NaN
   26.4627132       6.83520126    
   893.770142       6.83520126    
 NaN NaN
   20.1987514       7.42218542    
   898.223145       7.42218542    
 NaN NaN
   16.8098316       8.00916958    
   902.378784       8.00916958    
 NaN NaN
   14.7505665       8.59615326    
   905.423767       8.59615326    
 NaN NaN
   12.6913013       9.18313694    
   908.468750       9.18313694    
 NaN NaN
   10.6320372       9.77012062    
   910.843018       9.77012062    
 NaN NaN
   0.00000000       10.3571043    
   910.843018       10.3571043    
 NaN NaN
   0.00000000       10.9440889    
   910.843018       10.9440889    
 NaN NaN
   0.00000000       11.5310726    
   910.843018       11.5310726    
 NaN NaN
   0.00000000       12.1180563    
   910.843018       12.1180563    
 NaN NaN
   0.00000000       12.7050400    
   910.843018       12.7050400    
 NaN NaN
   0.00000000       13.2920237    
   910.843018       13.2920237    
 NaN NaN
   0.00000000       13.8790073    
   910.843018       13.8790073    
 NaN NaN
   0.00000000       14.4659920    
   910.843018       14.4659920    
 NaN NaN
   0.00000000       15.0529757    
   910.843018       15.0529757    
 NaN NaN
   0.00000000       15.6399593    
   910.843018       15.6399593    
 NaN NaN
   0.00000000       16.2269440    
   910.843018       16.2269440    
 NaN NaN
   0.00000000       16.8139267    
   910.843018       16.8139267    
 NaN NaN
   0.00000000       17.4009113    
   910.843018       17.4009113    
 NaN NaN
   0.00000000       17.9878941    
   910.843018       17.9878941    
 NaN NaN
   0.00000000       18.5748787    
   910.843018       18.5748787    
 NaN NaN
   0.00000000       19.1618633    
   910.843018       19.1618633    
 NaN NaN
   0.00000000       19.7488461    
   910.843018       19.7488461    
 NaN NaN
   0.00000000       20.3358307    
   910.843018       20.3358307    
 NaN NaN
   0.00000000       20.9228134    
   910.843018       20.9228134    
 NaN NaN
   0.00000000       21.5097980    
   910.843018       21.5097980    
 NaN NaN
   0.00000000       22.0967827    
   910.843018       22.0967827    
 NaN NaN
   0.00000000       22.6837654    
   910.843018       22.6837654    
 NaN NaN
   0.00000000       23.2707500    
   910.843018       23.2707500    
 NaN NaN
   0.00000000       23.8577328    
   910.843018       23.8577328    
 NaN NaN
   0.00000000       24.4447174    
   910.843018       24.4447174    
 NaN NaN
   0.00000000       25.0317020    
   910.843018       25.0317020    
 NaN NaN
   0.00000000       25.6186848    
   910.843018       25.6186848    
 NaN NaN
   0.00000000       26.2056694    
   910.843018       26.2056694    
 NaN NaN
   0.00000000       26.7926521    
   910.843018       26.7926521    
 NaN NaN
   0.00000000       27.3796368    
   910.843018       27.3796368    
 NaN NaN
   0.00000000       27.9666214    
   910.843018       27.9666214    
 NaN NaN
   0.00000000       28.5536041    
   910.843018       28.5536041    
 NaN NaN
   0.00000000       29.1405888    
   910.843018       29.1405888    
 NaN NaN
   0.00000000       29.7275715    
   910.843018       29.7275715    
 NaN NaN
   0.00000000       30.3145561    
   910.843018       30.3145561    
 NaN NaN
   0.00000000       30.9015388    
   910.843018       30.9015388    
 NaN NaN
   0.00000000       31.4885235    
   910.843018       31.4885235    
 NaN NaN
   0.00000000       32.0755081    
   910.843018       32.0755081    
 NaN NaN
   0.00000000       32.6624908    
   910.843018       32.6624908    
 NaN NaN
   0.00000000       33.2494736    
   910.843018       33.2494736    
 NaN NaN
   0.00000000       33.8364601    
   910.843018       33.8364601    
 NaN NaN
   0.00000000       34.4234428    
   910.843018       34.4234428    
 NaN NaN
   0.00000000       35.0104256    
   910.843018       35.0104256    
 NaN NaN
   0.00000000       35.5974121    
   910.843018       35.5974121    
 NaN NaN
   0.00000000       36.1843948    
   910.843018       36.1843948    
 NaN NaN
   0.00000000       36.7713776    
   910.843018       36.7713776    
 NaN NaN
   0.00000000       37.3583603    
   910.843018       37.3583603    
 NaN NaN
   0.00000000       37.9453468    
   910.843018       37.9453468    
 NaN NaN
   0.00000000       38.5323296    
   910.843018       38.5323296    
 NaN NaN
   0.00000000       39.1193123    
   910.843018       39.1193123    
 NaN NaN
   0.00000000       39.7062988    
   910.843018       39.7062988    
 NaN NaN
