 Elev(m)    dbdxp(-)    dbdxc(-)      I2p     I2c
  -35.4500008       0.00000000       0.00000000       0.00000000       0.00000000    
  -34.5299988       2.47392082E-03   1.49311335E-03   5.23483905E-04   3.15944140E-04
  -33.6100006       9.41454060E-03   1.10446271E-02   4.08605672E-03   3.60082719E-03
  -32.6899986       8.38951208E-03   8.37092567E-03   1.39315967E-02   1.36470590E-02
  -31.7700005       8.93467106E-03   8.67835153E-03   3.12102474E-02   3.14092226E-02
  -30.8500004       8.60818010E-03   1.01413857E-02   5.58668077E-02   5.67613170E-02
  -29.9300003       1.46870585E-02   9.64799896E-03   8.91647264E-02   9.02831182E-02
  -29.0100002       1.95346288E-02   1.79451872E-02  0.134633258      0.133831099    
  -28.0900002       1.97590757E-02   2.12271586E-02  0.195657685      0.191506714    
  -27.1700001       2.02402603E-02   3.40929665E-02  0.273460567      0.269176960    
  -26.2500000       2.98875086E-02   3.91319618E-02  0.370334387      0.374047428    
  -25.3299999       2.90471260E-02   3.74942496E-02  0.490285873      0.510626495    
  -24.4099998       2.60811746E-02   3.52388546E-02  0.634373128      0.678810000    
  -23.4899998       2.47524753E-02   4.53314893E-02  0.800881922      0.879432619    
  -22.5699997       9.35262591E-02   8.92797559E-02   1.00317514       1.12558782    
  -21.6499996       2.29302011E-02   2.83853412E-02   1.25513828       1.42512476    
  -20.7299995       1.28275091E-02   2.68940646E-02   1.53931010       1.76125681    
  -19.8099995       1.10439491E-02   2.14066319E-02   1.83609939       2.11930656    
  -18.8899994       1.25069423E-02   1.34160770E-02   2.14292336       2.49494505    
  -17.9699993       1.44363502E-02   5.37912967E-03   2.46043181       2.88192940    
  -17.0499992       1.29123647E-02   4.17445973E-03   2.78942847       3.27491212    
  -16.1299992       1.49369743E-02   9.73114464E-03   3.13010526       3.67285895    
  -15.2100000       1.95042584E-02   4.97913081E-03   3.48396230       4.07686043    
  -14.2900000       1.74355097E-02   5.57529158E-04   3.85292387       4.48514652    
  -13.3699999       1.21317236E-02   2.95201753E-04   4.23595858       4.89478493    
  -12.4499998       9.49051045E-03   3.49394372E-03   4.62982464       5.30540514    
  -11.5299997       1.30552100E-02   2.65306095E-03   5.03303671       5.71812820    
  -10.6099997       1.20127415E-02  -1.36837436E-04   5.44632435       6.13268423    
  -9.68999958       4.90946043E-03   1.08193362E-03   5.86849642       6.54797268    
  -8.77000046       1.79882825E-03   2.41826801E-03   6.29566860       6.96420097    
  -7.84999990      -1.68877421E-04   5.09218837E-04   6.72460604       7.38179064    
  -6.92999983      -2.05957028E-03  -2.49536429E-03   7.15341616       7.79957867    
  -6.01000023      -8.90444615E-04  -3.36102792E-03   7.58113050       8.21570778    
  -5.09000015      -1.22644729E-03  -4.67908941E-03   8.00777340       8.62889576    
  -4.17000008      -1.78965018E-03  -6.50703767E-03   8.43332958       9.03801632    
  -3.25000000      -3.35819111E-03  -4.29769699E-03   8.85715866       9.44248295    
  -2.32999992       3.53591284E-03   3.93424323E-03   9.27993584       9.84458637    
  -1.40999997       8.11028853E-03  -4.78597300E-04   9.70521450       10.2473440    
 -0.490000010       1.16079869E-02  -9.06915125E-03   10.1371298       10.6488132    
  0.430000007       1.97466444E-02  -9.97544918E-03   10.5798531       11.0442314    
   1.35000002       3.93387601E-02  -1.76214911E-02   11.0417128       11.4297810    
   2.26999998       4.72024083E-02  -8.55601113E-03   11.5343876       11.8039513    
   3.19000006       5.62168248E-02   1.44209974E-02   12.0672579       12.1738243    
   4.11000013      -3.54926288E-03  0.130130574       12.6331568       12.5755243    
   5.03000021      0.206585154      0.118735351       13.2531624       13.0604725    
   5.94999981      0.139689669       4.95646894E-02   13.9894018       13.6336927    
   6.86999989       7.03806654E-02   3.43159921E-02   14.8433647       14.2602749    
   7.78999996       3.84469815E-02   2.00925749E-02   15.7648058       14.9161196    
   8.71000004       2.44855583E-02   2.36733779E-02   16.7225933       15.5927372    
   9.63000011       2.35610716E-02   2.49069165E-02   17.7038612       16.2888966    
   10.5500002       3.14757824E-02   2.49676593E-02   18.7069435       17.0058880    
   11.4700003       2.49758363E-02   2.49676593E-02   19.7336178       17.7439995    
   12.3900003       2.49758363E-02   2.49676593E-02   20.7828045       18.5032425    
   13.3100004       2.49758363E-02   2.49676593E-02   21.8531322       19.2836189    
   14.2299995       2.49758363E-02   2.49676593E-02   22.9445992       20.0851288    
   15.1499996       2.49758363E-02   2.49676593E-02   24.0572052       20.9077702    
   16.0699997       2.49758363E-02   2.49676593E-02   25.1909523       21.7515450    
   16.9899998       2.49758363E-02   2.49676593E-02   26.3458366       22.6164532    
   17.9099998       2.49758363E-02   2.49676593E-02   27.5218639       23.5024929    
   18.8299999       2.49758363E-02   2.49676593E-02   28.7190285       24.4096661    
   19.7500000       2.49758363E-02   2.49676593E-02   29.9373322       25.3379707    
   20.6700001       2.49758363E-02   2.49676593E-02   31.1767769       26.2874088    
   21.5900002       2.49758363E-02   2.49676593E-02   32.4373627       27.2579803    
   22.5100002       2.49758363E-02   2.49676593E-02   33.7190857       28.2496834    
   23.4300003       2.49758363E-02   2.49676593E-02   35.0219498       29.2625198    
   24.3500004       2.49758363E-02   2.49676593E-02   36.3459511       30.2964878    
   25.2700005       2.49758363E-02   2.49676593E-02   37.6910934       31.3515892    
   26.1900005       2.49758363E-02   2.49676593E-02   39.0573730       32.4278221    
   27.1100006       2.49758363E-02   2.49676593E-02   40.4447975       33.5251923    
   28.0300007       2.49758363E-02   2.49676593E-02   41.8533592       34.6436882    
   28.9500008       2.49758363E-02   2.49676593E-02   43.2830582       35.7833214    
   29.8700008       2.49758363E-02   2.49676593E-02   44.7338982       36.9440880    
   30.7900009       2.49758363E-02   2.49676593E-02   46.2058792       38.1259842    
   31.7099991       2.49758363E-02   2.49676593E-02   47.6989937       39.3290138    
   32.6300011       2.49758363E-02   2.49676593E-02   49.2132568       40.5531769    
   33.5499992       2.49758363E-02   2.49676593E-02   50.7486534       41.7984695    
   34.4700012       2.49758363E-02   2.49676593E-02   52.3051949       43.0649033    
   35.3899994       2.49758363E-02   2.49676593E-02   53.8828697       44.3524590    
   36.3100014       2.49758363E-02   2.49676593E-02   55.4816895       45.6611557    
   37.2299995       2.49758363E-02   2.49676593E-02   57.1016426       46.9909782    
   38.1500015       2.49758363E-02   2.49676593E-02   58.7427444       48.3419418    
   39.0699997       2.49758363E-02   2.49676593E-02   60.4049759       49.7140312    
   39.9900017       2.49758363E-02   2.49676593E-02   62.0883560       51.1072578    
   40.9099998       2.49758363E-02   2.49676593E-02   63.7928658       52.5216103    
   41.8300018       2.49758363E-02   2.49676593E-02   65.5185242       53.9571037    
   42.7500000       2.49758363E-02   2.49676593E-02   67.2653198       55.4137230    
   43.6699982       2.49758363E-02   2.49676593E-02   69.0332489       56.8914757    
   44.5900002       2.49758363E-02   2.49676593E-02   70.8223267       58.3903656    
   45.5099983       2.49758363E-02   2.49676593E-02   72.6325378       59.9103813    
   46.4300003       2.49758363E-02   2.49676593E-02   74.4638901       61.4515381    
   47.3499985       2.49758363E-02   2.49676593E-02   76.3163834       63.0138206    
   48.2700005       2.49758363E-02   2.49676593E-02   78.1900177       64.5972443    
   49.1899986       2.49758363E-02   2.49676593E-02   80.0847855       66.2017899    
   50.1100006       2.49758363E-02   2.49676593E-02   82.0007019       67.8274765    
   51.0299988       2.49758363E-02   2.49676593E-02   83.9377441       69.4742889    
   51.9500008       2.49758363E-02   2.49676593E-02   85.8959427       71.1422424    
   52.8699989       2.49758363E-02   2.49676593E-02   87.8752670       72.8313217    
   53.7900009       2.49758363E-02   2.49676593E-02   89.8757401       74.5415421    
   54.7099991       2.49758363E-02   2.49676593E-02   91.8973465       76.2728806    
   55.6300011       2.49758363E-02   2.49676593E-02   93.9401016       78.0253677    
   56.5499992       2.49758363E-02   2.49676593E-02   96.0039825       79.7989731    
