 Elev(m)    Area(m2)     Peri(m)      Radi(m)   Conv(m3/s)    topWidth(m)    newI1(m3)    dPdA(1/m)
   -54.34        0.00        0.00         NaN                 NaN               0.000           0.000             NaN
   -53.12       15.95       28.03        0.57             438.323              27.901           9.743           1.757
   -51.89       74.81       62.72        1.19            3365.452              62.398          65.175           0.590
   -50.67      159.78       77.26        2.07           10374.355              76.686         208.446           0.171
   -49.45      262.14       91.58        2.86           21139.283              90.748         466.127           0.140
   -48.23      380.77      104.78        3.63           36001.773             103.687         858.772           0.111
   -47.01      516.38      119.56        4.32           54779.668             118.226        1406.685           0.109
   -45.79      669.08      133.57        5.01           78353.594             132.005        2130.678           0.092
   -44.57      840.13      150.14        5.60          105918.547             148.380        3052.396           0.097
   -43.34     1031.10      166.21        6.20          139249.000             164.262        4195.210           0.084
   -42.12     1241.67      182.73        6.80          178180.172             180.573        5583.257           0.078
   -40.90     1471.00      196.94        7.47          224829.562             194.541        7239.958           0.062
   -39.68     1716.44      209.86        8.18          278713.312             207.122        9186.618           0.053
   -38.46     1976.14      221.17        8.94          340361.656             218.082       11441.777           0.044
   -37.24     2250.04      233.95        9.62          407036.250             230.536       14022.821           0.047
   -36.01     2539.37      246.79       10.29          480531.406             243.032       16947.854           0.044
   -34.79     2843.79      259.52       10.96          561186.500             255.417       20235.496           0.042
   -33.57     3163.28      272.43       11.61          648817.500             267.981       23904.182           0.040
   -32.35     3497.55      284.10       12.31          745908.000             279.309       27972.146           0.035
   -31.13     3847.02      298.44       12.89          845991.812             293.334       32457.680           0.041
   -29.91     4213.87      312.82       13.47          954255.375             307.429       37380.688           0.039
   -28.69     4598.83      329.86       13.94         1065576.125             324.201       42762.848           0.044
   -27.46     5007.41      350.83       14.27         1178555.125             344.945       48629.652           0.051
   -26.24     5441.15      371.84       14.63         1302077.750             365.737       55010.879           0.048
   -25.02     5899.24      389.90       15.13         1443503.500             383.574       61936.762           0.039
   -23.80     6376.77      404.29       15.77         1604223.125             397.730       69434.055           0.030
   -22.58     6871.06      418.43       16.42         1775627.500             411.626       77524.875           0.029
   -21.36     7382.59      433.90       17.01         1953510.250             426.867       86229.984           0.030
   -20.14     7915.02      451.84       17.52         2135442.000             444.571       95572.656           0.034
   -18.91     8466.96      466.65       18.14         2338540.750             459.108      105577.578           0.027
   -17.69     9034.56      477.89       18.90         2564586.250             470.035      116266.258           0.020
   -16.47     9615.60      490.06       19.62         2798026.500             481.877      127656.430           0.021
   -15.25    10213.10      505.88       20.19         3028953.750             497.378      139766.359           0.026
   -14.03    10829.92      521.69       20.76         3272105.000             512.878      152617.922           0.026
   -12.81    11465.73      535.91       21.39         3534558.750             526.769      166234.500           0.022
   -11.59    12115.81      547.20       22.14         3821338.250             537.694      180636.406           0.017
   -10.36    12779.99      559.11       22.86         4117280.750             549.253      195840.953           0.018
    -9.14    13456.77      569.17       23.64         4434057.000             558.935      211864.469           0.015
    -7.92    14146.68      581.41       24.33         4751473.500             570.824      228722.672           0.018
    -6.70    14850.37      592.14       25.08         5089459.000             581.216      246431.969           0.015
    -5.48    15567.51      605.48       25.71         5424504.500             594.237      265009.000           0.019
    -4.26    16301.73      619.66       26.31         5767852.000             608.125      284472.438           0.019
    -3.04    17060.57      654.28       26.08         6000739.500             642.508      304847.719           0.046
    -1.81    17874.36      690.27       25.89         6257967.000             678.172      326183.469           0.044
    -0.59    18708.56      701.33       26.68         6681059.500             688.935      348525.656           0.013
     0.63    19560.06      721.03       27.13         7063867.500             708.374      371897.375           0.023
     1.85    20433.18      733.75       27.85         7509096.000             720.722      396322.375           0.015
     3.07    21324.71      773.70       27.56         7783081.000             760.140      421825.062           0.045
     4.29    22457.14     1039.50       21.60         6967901.000            1025.276      448563.844           0.235
     5.51    23737.77     1089.22       21.79         7408247.000            1074.752      476776.375           0.039
     6.74    25205.16     1349.35       18.68         7097844.000            1334.786      506667.156           0.177
     7.96    26835.54     1349.35       19.89         7879427.500            1334.786      538449.875           0.000
     9.18    28465.92     1349.35       21.10         8693330.000            1334.786      572224.000           0.000
    10.40    30096.30     1349.35       22.30         9538925.000            1334.786      607989.562          -0.000
    11.62    31726.69     1349.35       23.51        10415624.000            1334.786      645746.625           0.000
    12.84    33357.07     1349.35       24.72        11322888.000            1334.786      685495.062           0.000
    14.06    34987.45     1349.35       25.93        12260211.000            1334.786      727234.938           0.000
    15.29    36617.83     1349.35       27.14        13227116.000            1334.786      770966.312           0.000
    16.51    38248.21     1349.35       28.35        14223159.000            1334.786      816689.062           0.000
    17.73    39878.60     1349.35       29.55        15247920.000            1334.786      864403.312          -0.000
    18.95    41508.98     1349.35       30.76        16300999.000            1334.786      914108.938           0.000
    20.17    43139.36     1349.35       31.97        17382022.000            1334.786      965806.000           0.000
    21.39    44769.74     1349.35       33.18        18490634.000            1334.786     1019494.562           0.000
    22.62    46400.13     1349.35       34.39        19626496.000            1334.786     1075174.625           0.000
    23.84    48030.51     1349.35       35.60        20789280.000            1334.786     1132846.000           0.000
    25.06    49660.89     1349.35       36.80        21978682.000            1334.786     1192508.750           0.000
    26.28    51291.27     1349.35       38.01        23194408.000            1334.786     1254163.125          -0.000
    27.50    52921.66     1349.35       39.22        24436172.000            1334.786     1317808.875           0.000
    28.72    54552.04     1349.35       40.43        25703706.000            1334.786     1383446.000           0.000
    29.94    56182.42     1349.35       41.64        26996752.000            1334.786     1451074.500           0.000
    31.17    57812.80     1349.35       42.85        28315060.000            1334.786     1520694.625           0.000
    32.39    59443.19     1349.35       44.05        29658392.000            1334.786     1592306.250           0.000
    33.61    61073.57     1349.35       45.26        31026512.000            1334.786     1665909.125          -0.000
    34.83    62703.95     1349.35       46.47        32419200.000            1334.786     1741503.375           0.000
    36.05    64334.33     1349.35       47.68        33836244.000            1334.786     1819089.375           0.000
    37.27    65964.71     1349.35       48.89        35277428.000            1334.786     1898666.500           0.000
    38.49    67595.09     1349.35       50.09        36742560.000            1334.786     1980235.125           0.000
    39.72    69225.48     1349.35       51.30        38231444.000            1334.786     2063795.250           0.000
    40.94    70855.86     1349.35       52.51        39743896.000            1334.786     2149346.750          -0.000
    42.16    72486.24     1349.35       53.72        41279724.000            1334.786     2236890.000           0.000
    43.38    74116.62     1349.35       54.93        42838756.000            1334.786     2326424.250           0.000
    44.60    75747.01     1349.35       56.14        44420824.000            1334.786     2417950.250           0.000
    45.82    77377.39     1349.35       57.34        46025756.000            1334.786     2511467.750           0.000
    47.04    79007.77     1349.35       58.55        47653392.000            1334.786     2606976.250           0.000
    48.27    80638.16     1349.35       59.76        49303580.000            1334.786     2704476.500          -0.000
    49.49    82268.53     1349.35       60.97        50976152.000            1334.786     2803968.000           0.000
    50.71    83898.91     1349.35       62.18        52670976.000            1334.786     2905451.000           0.000
    51.93    85529.30     1349.35       63.39        54387912.000            1334.786     3008925.750           0.000
    53.15    87159.68     1349.35       64.59        56126784.000            1334.786     3114391.750           0.000
    54.37    88790.06     1349.35       65.80        57887492.000            1334.786     3221849.000           0.000
    55.59    90420.45     1349.35       67.01        59669896.000            1334.786     3331298.000          -0.000
    56.82    92050.83     1349.35       68.22        61473836.000            1334.786     3442738.250           0.000
    58.04    93681.21     1349.35       69.43        63299212.000            1334.786     3556170.000           0.000
    59.26    95311.59     1349.35       70.64        65145892.000            1334.786     3671593.000           0.000
    60.48    96941.98     1349.35       71.84        67013752.000            1334.786     3789007.500           0.000
    61.70    98572.36     1349.35       73.05        68902664.000            1334.786     3908413.750           0.000
    62.92   100202.74     1349.35       74.26        70812544.000            1334.786     4029811.250          -0.000
    64.14   101833.12     1349.35       75.47        72743232.000            1334.786     4153200.000           0.000
    65.37   103463.51     1349.35       76.68        74694648.000            1334.786     4278580.500           0.000
    66.59   105093.88     1349.35       77.88        76666656.000            1334.786     4405952.000           0.000
    67.81   106724.27     1349.35       79.09        78659200.000            1334.786     4535315.500           0.000
