143.95	RS=143.95  
0	6.309360233
9.113519884	5.324855791
18.22399228	5.151119884
27.33751274	4.556759942
36.45103088	4.389119884
45.56455367	4.395216023
54.67502549	4.288535907
63.78854363	4.398264093
72.90206177	4.593335907
82.01557991	4.33730386
91.12605637	5.18464807
92.85731814	5.215128186
100.2395745	5.334
109.3530927	5.03529614
118.4666201	4.105656081
127.5770873	2.691383977
136.6906054	1.207008012
145.8041235	-2.002536052
154.917651	-6.236207721
164.0281274	-9.948671814
173.1416363	-12.41145637
182.2551637	-15.36801544
191.3686726	-17.59610386
200.479149	-20.24176912
209.5926765	-21.53107181
218.7061853	-22.18639228
227.8197127	-22.78989498
236.9301892	-23.31110502
246.043698	-23.56408726
255.1572255	-23.79573591
264.2707529	-24.02128726
273.3812108	-24.17978456
282.4947382	-24.44495907
291.6082471	-24.76195135
300.7217745	-25.09113591
309.832251	-25.44165637
318.9457784	-25.85618456
328.0593059	-26.14269498
337.1727961	-26.37129498
346.2863235	-26.63647181
355.3968	-26.73095907
364.5103274	-27.00527953
373.6238549	-27.85262316
382.7373451	-28.53232819
391.8478216	-29.05963088
400.961349	-29.29737684
410.0748765	-29.58388726
419.1884039	-29.86430502
428.2988804	-30.11424093
437.4123706	-30.07461544
446.525898	-29.91916912
455.6394255	-29.77895907
464.749902	-29.47111274
473.8634294	-29.24555907
482.9769196	-28.96819228
492.0904471	-28.73959228
501.2009235	-28.59633591
510.314451	-28.45612819
519.4279784	-28.48051274
528.5415059	-28.55975907
537.6519451	-28.72130502
546.7654726	-28.80664865
555.879	-28.83103088
564.9925274	-28.92552047
574.1030039	-29.16935907
583.2164941	-29.49244865
592.3300216	-29.72409498
601.443549	-29.78505637
610.5570765	-29.74543088
619.6675529	-29.52292819
628.7810432	-28.6512
637.8946078	-27.88005637
647.008098	-27.40152047
656.1186117	-26.74010502
674.3455922	-25.38679228
683.4591568	-24.48458456
692.5695961	-23.25624093
701.6831607	-22.04008726
710.796651	-21.48230502
719.9101412	-20.50389498
729.0206549	-19.86991274
738.1341451	-19.25116795
747.2477098	-17.89785637
756.3612	-15.72767953
765.4716393	-13.80134363
774.5852039	-12.22247953
783.6986941	-12.22247953
792.8122588	-11.48181544
801.925749	-10.37843977
811.0361883	-8.479535907
820.1497529	-6.7056
829.2632432	-5.385816023
838.3768078	-3.794759942
847.4872471	-2.398775965
856.6008117	-0.883920029
865.714302	0.606552003
874.8277922	1.780032047
883.9383059	2.657856081
893.0517961	3.19430386
902.1653607	3.934967953
911.278851	4.547616023
920.3892902	5.11149614
929.5028549	4.477511872
938.6163451	3.553967953
947.7299098	3.669791988
956.8434	3.852672105
965.9538393	3.846575965
975.0674039	3.718559942
984.1808941	3.867911872
993.2944588	3.992880116
1002.404898	4.227575965
1011.518388	4.49275193
1020.631953	5.007864093
1029.745443	5.425439767
1038.855957	5.8674
1043.650455	5.974080116
1047.969447	6.071616023
1057.083012	6.059423744
1066.196502	5.964935907
1075.306941	5.745480116
1084.420506	5.678423744
1093.533996	5.727192279
1102.647561	5.654039767
1111.758	5.465064093
1120.87149	5.379719884
1129.985055	5.093207721
1139.098545	5.379719884
1148.21211	5.215128186
1157.322549	5.1054
1166.436039	5.081016023
1175.549604	5.017007721
1184.663094	5.050535907
1193.773608	5.117592279
1202.887098	4.980432047
1212.000588	4.462272105
1221.114153	3.185159942
1230.224592	3.108959942
1339.58082	3.108959942
1348.69431	3.340608012
1357.804823	4.227575965
1366.918314	4.901183977
1376.031804	5.349239767
1385.145294	5.739383977
1394.255808	6.516623744
1403.369298	7.104887837
1412.482788	7.00430386
1421.596279	7.074407721
1430.709918	7.034783977
1439.820282	6.970776256
1448.933921	6.885432047
1458.047412	6.812280116
1467.160902	7.037832047
1476.271416	6.858
1485.384906	6.830567953
1494.498396	6.379464093
1503.611886	5.958839767
1512.725377	6.129528186
1521.83589	6.477
1530.94938	6.601967953
1540.06302	6.516623744
1549.17651	6.455664093
1558.287023	6.797039767
1567.400514	6.592823744
1576.514004	6.437376256
1585.627494	6.342887837
1594.740984	6.1722
1603.851498	5.998464093
1612.964988	5.675376256
1622.078479	5.11149614
1631.192118	5.068823744
1640.302482	4.779264093
1649.416121	4.901183977
1658.529612	4.867656081
1667.643102	4.748783977
1676.756592	4.791456081
1685.867106	4.48970386
1694.980596	4.093464093
1704.094086	4.245864093
1713.207577	5.26084807
1722.321216	5.922264093
1731.43158	4.94690386
1740.54522	4.03250386
1749.65871	3.88924807
1758.7722	4.023359942
1767.88569	4.672583977
1776.996204	5.443728186
	
