 Elev(m)    dbdxp(-)    dbdxc(-)      I2p     I2c
  -20.7800007       0.00000000       0.00000000       0.00000000       0.00000000    
  -20.0900002       5.02121449E-03  0.103277847       5.97651000E-04   1.22926645E-02
  -19.3999996       8.20227563E-02   1.19620385E-02   1.21533778E-02   5.05944416E-02
  -18.7199993       8.28803796E-03   1.16345370E-02   4.45011556E-02  0.104667351    
  -18.0300007       2.66649434E-03   3.86252673E-03   8.92195702E-02  0.164147139    
  -17.3500004      -1.50542576E-02   8.99196079E-04  0.133100510      0.225149602    
  -16.6599998      -1.47123374E-02  -1.72058064E-02  0.172631025      0.285666704    
  -15.9799995      -4.39373143E-02  -3.28829587E-02  0.201116204      0.337432146    
  -15.2900000      -3.85502167E-02  -4.53957506E-02  0.213324055      0.374767512    
  -14.6099997      -2.85171289E-02  -5.08014858E-02  0.207696497      0.390929848    
  -13.9200001      -3.63045968E-02  -3.73214446E-02  0.186405465      0.385559499    
  -13.2399998      -2.95680501E-02  -3.75661328E-02  0.149978891      0.361016661    
  -12.5500002      -3.35340351E-02  -3.37934792E-02   9.77807492E-02  0.318836898    
  -11.8699999      -3.94889005E-02  -3.30095440E-02   3.02456021E-02  0.260946691    
  -11.1800003      -5.59415035E-02  -3.34822275E-02  -5.82049936E-02  0.186456710    
  -10.5000000      -4.85278852E-02  -4.56158891E-02 -0.169002265       9.58320722E-02
  -9.81000042      -5.06415516E-02  -4.12618406E-02 -0.305484056      -1.57420281E-02
  -9.13000011      -5.85107915E-02  -4.16964330E-02 -0.464612424     -0.145764098    
  -8.43999958      -7.00161681E-02  -4.64254133E-02 -0.654179752     -0.297915936    
  -7.76000023      -8.02103654E-02  -5.55690080E-02 -0.873956323     -0.470339030    
  -7.07000017      -8.45633298E-02  -6.70649111E-02  -1.13419521     -0.671855807    
  -6.38000011      -9.76153761E-02  -7.50648454E-02  -1.43572998     -0.904886067    
  -5.69999981     -0.101198979      -8.36747438E-02  -1.77792835      -1.17010510    
  -5.01000023      -9.81545746E-02  -9.82339978E-02  -2.17220259      -1.47949183    
  -4.32999992     -0.241569325      -9.02018473E-02  -2.62458324      -1.82816160    
  -3.64000010     -0.638596475      -9.61833373E-02  -3.22821879      -2.22624183    
  -2.96000004     -0.660149395     -0.463447690      -4.08093309      -2.70702624    
  -2.26999998     -0.109203607     -0.776417315      -5.19007015      -3.40808654    
  -1.59000003     -0.106434129     -0.136691347      -6.39904356      -4.35310555    
 -0.899999976     -0.116558917     -0.134020969      -7.67762709      -5.45132828    
 -0.219999999     -0.125415578     -0.108557001      -8.99263763      -6.59426165    
  0.469999999     -0.128268272      -9.11956802E-02  -10.3855600      -7.80622721    
   1.14999998     -0.134089738      -8.70197937E-02  -11.8192787      -9.04527092    
   1.84000003     -0.140618652      -8.81595761E-02  -13.3375473      -10.3442869    
   2.51999998     -0.143257618     -0.100708157      -14.8998232      -11.6675053    
   3.21000004     -0.116733298     -0.127152503      -16.5493107      -13.0594530    
   3.89000010      -9.68317538E-02 -0.143123671      -18.2308102      -14.4901257    
   4.57999992      -7.07211718E-02 -0.164911613      -19.9820232      -16.0101967    
   5.26000023      -4.45577055E-02 -0.188509226      -21.7412357      -17.5864391    
   5.94999981     -0.121318229     -0.175557017      -23.5595779      -19.2706394    
   6.63000011     -0.174385816     -0.173223302      -25.4062233      -21.0146503    
   7.32000017     -0.292191744     -0.131027475      -27.3702374      -22.8614254    
   8.01000023     -0.172577411     -0.287281334      -29.4451046      -24.7942028    
   8.68999958      -5.34436107E-03 -0.299401909      -31.5655956      -26.8178654    
   9.38000011       6.78206384E-02  -7.43744597E-02  -33.7307014      -28.9845810    
   10.0600004       7.15089440E-02   5.18904515E-02  -35.8405151      -31.1664162    
   10.7500000       7.06980675E-02   7.22815543E-02  -37.9480896      -33.3681908    
   11.4300003       6.06884472E-02   7.23573714E-02  -39.9928017      -35.5062790    
   12.1199999       4.90816198E-02   6.98622763E-02  -42.0391083      -37.6419182    
   12.8000002       7.66987875E-02   4.76133004E-02  -44.0279121      -39.7159386    
   13.4899998       9.16170031E-02   6.32492527E-02  -46.0111771      -41.7934875    
   14.1700001       9.16170031E-02   8.59242454E-02  -47.9241486      -43.8101692    
   14.8599997       9.16170031E-02   9.16256681E-02  -49.8219490      -45.8178787    
   15.5400000       9.16170031E-02   9.16256681E-02  -51.6489449      -47.7538567    
   16.2299995       9.16170031E-02   9.16256681E-02  -53.4595108      -49.6749992    
   16.9099998       9.16170031E-02   9.16256681E-02  -55.2005348      -51.5249939    
   17.6000004       9.16170031E-02   9.16256681E-02  -56.9238625      -53.3588943    
   18.2800007       9.16170031E-02   9.16256681E-02  -58.5789146      -55.1229057    
   18.9699993       9.16170031E-02   9.16256681E-02  -60.2150002      -56.8695564    
   19.6499996       9.16170031E-02   9.16256681E-02  -61.7840767      -58.5475845    
   20.3400002       9.16170031E-02   9.16256681E-02  -63.3329315      -60.2069931    
   21.0300007       9.16170031E-02   9.16256681E-02  -64.8381653      -61.8227768    
   21.7099991       9.16170031E-02   9.16256681E-02  -66.2782745      -63.3718300    
   22.3999996       9.16170031E-02   9.16256681E-02  -67.6962738      -64.9003677    
   23.0799999       9.16170031E-02   9.16256681E-02  -69.0504150      -66.3634491    
   23.7700005       9.16170031E-02   9.16256681E-02  -70.3811798      -67.8047409    
   24.4500008       9.16170031E-02   9.16256681E-02  -71.6493454      -69.1818314    
   25.1399994       9.16170031E-02   9.16256681E-02  -72.8928604      -70.5358734    
   25.8199997       9.16170031E-02   9.16256681E-02  -74.0750580      -71.8269882    
   26.5100002       9.16170031E-02   9.16256681E-02  -75.2313385      -73.0937881    
   27.1900005       9.16170031E-02   9.16256681E-02  -76.3275681      -74.2989197    
   27.8799992       9.16170031E-02   9.16256681E-02  -77.3966064      -75.4784698    
   28.5599995       9.16170031E-02   9.16256681E-02  -78.4068527      -76.5976257    
   29.2500000       9.16170031E-02   9.16256681E-02  -79.3886642      -77.6899338    
   29.9300003       9.16170031E-02   9.16256681E-02  -80.3129349      -78.7230988    
   30.6200008       9.16170031E-02   9.16256681E-02  -81.2075119      -79.7281647    
   31.2999992       9.16170031E-02   9.16256681E-02  -82.0458069      -80.6753464    
   31.9899998       9.16170031E-02   9.16256681E-02  -82.8531418      -81.5931625    
   32.6699982       9.16170031E-02   9.16256681E-02  -83.6054688      -82.4543686    
   33.3600006       9.16170031E-02   9.16256681E-02  -84.3255615      -83.2849350    
   34.0400009       9.16170031E-02   9.16256681E-02  -84.9919128      -84.0601578    
   34.7299995       9.16170031E-02   9.16256681E-02  -85.6247711      -84.8034821    
   35.4199982       9.16170031E-02   9.16256681E-02  -86.2140045      -85.5031815    
   36.0999985       9.16170031E-02   9.16256681E-02  -86.7514038      -86.1494293    
   36.7900009       9.16170031E-02   9.16256681E-02  -87.2534027      -86.7618866    
   37.4700012       9.16170031E-02   9.16256681E-02  -87.7048264      -87.3221588    
   38.1599998       9.16170031E-02   9.16256681E-02  -88.1195831      -87.8473663    
   38.8400002       9.16170031E-02   9.16256681E-02  -88.4850311      -88.3216553    
   39.5299988       9.16170031E-02   9.16256681E-02  -88.8125534      -88.7596130    
   40.2099991       9.16170031E-02   9.16256681E-02  -89.0920258      -89.1479187    
   40.9000015       9.16170031E-02   9.16256681E-02  -89.3323135      -89.4986343    
   41.5800018       9.16170031E-02   9.16256681E-02  -89.5258179      -89.8009644    
   42.2700005       9.16170031E-02   9.16256681E-02  -89.6788635      -90.0644302    
   42.9500008       9.16170031E-02   9.16256681E-02  -89.7863922      -90.2807770    
   43.6399994       9.16170031E-02   9.16256681E-02  -89.8521957      -90.4569931    
   44.3199997       9.16170031E-02   9.16256681E-02  -89.8737564      -90.5873566    
   45.0099983       9.16170031E-02   9.16256681E-02  -89.8523254      -90.6763382    
   45.6899986       9.16170031E-02   9.16256681E-02  -89.7879028      -90.7207184    
   46.3800011       9.16170031E-02   9.16256681E-02  -89.6792374      -90.7224503    
   47.0600014       9.16170031E-02   9.16256681E-02  -89.5288467      -90.6808472    
   47.7500000       9.16170031E-02   9.16256681E-02  -89.3329468      -90.5953293    
