 Elev(m)    dbdxp(-)    dbdxc(-)      I2p     I2c
  -24.7099991       0.00000000       0.00000000       0.00000000       0.00000000    
  -23.9500008      -6.26381412E-02  -2.07897965E-02  -9.04490799E-03  -3.00203334E-03
  -23.1800003      -3.68250906E-02  -3.94451022E-02  -4.17352244E-02  -1.77829992E-02
  -22.4200001      -4.70672473E-02  -3.07363123E-02 -0.100664012      -5.13170362E-02
  -21.6499996      -6.00551516E-02  -3.37738618E-02 -0.188110068     -0.104875103    
  -20.8899994      -7.43886530E-02  -4.43311557E-02 -0.309503406     -0.178452164    
  -20.1200008      -9.43213478E-02  -5.33870645E-02 -0.476524472     -0.278534383    
  -19.3500004      -9.36909989E-02  -6.83719814E-02 -0.695697606     -0.410680592    
  -18.5900002      -8.52301717E-02  -8.12148824E-02 -0.965361953     -0.580521166    
  -17.8199997      -9.66873541E-02  -8.59840810E-02  -1.29101956     -0.798624575    
  -17.0599995     -0.140433833      -8.35484639E-02  -1.67329800      -1.06283283    
  -16.2900009     -0.153981104      -8.39364305E-02  -2.13780975      -1.37950432    
  -15.5299997     -0.135695323     -0.107357964      -2.68118501      -1.74418592    
  -14.7600002     -0.131810397     -0.118304148      -3.31271601      -2.17423701    
  -13.9899998     -0.159018382     -0.118439883      -4.02588797      -2.67191744    
  -13.2299995     -0.169365570     -0.118625842      -4.81975698      -3.23199630    
  -12.4600000     -0.166005388     -0.121474765      -5.72054100      -3.86879706    
  -11.6999998     -0.159804538     -0.130002245      -6.70573044      -4.56876230    
  -10.9300003     -0.160300806     -0.135569528      -7.79777098      -5.35307646    
  -10.1700001     -0.172614247     -0.133244395      -8.97052670      -6.20486832    
  -9.39999962     -0.183643281     -0.135254934      -10.2588625      -7.14596701    
  -8.64000034     -0.196223423     -0.142927855      -11.6374283      -8.15428638    
  -7.86999989     -0.212611288     -0.154016137      -13.1487455      -9.25945187    
  -7.09999990     -0.207733989     -0.174199060      -14.7813492      -10.4560175    
  -6.34000015     -0.354648620     -0.190175772      -16.5354424      -11.7376680    
  -5.57000017      -1.01716232     -0.214746252      -18.5929832      -13.1479616    
  -4.80999994     -0.987169623     -0.226786077      -21.1138897      -14.6629267    
  -4.03999996     -0.913266480     -0.301330179      -24.2356186      -16.3386822    
  -3.27999997     -0.512914419     -0.676326394      -27.8007336      -18.2110958    
  -2.50999999     -0.211166248     -0.932017505      -31.7259655      -20.4834232    
  -1.75000000     -0.205016896     -0.765255034      -35.7662315      -23.2065849    
 -0.980000019     -0.190810487     -0.554850042      -39.9777031      -26.4045124    
 -0.209999993     -0.166082442     -0.394770384      -44.2993736      -29.9352036    
  0.550000012     -0.162583113     -0.257054538      -48.6645813      -33.6530685    
   1.32000005     -0.165017471     -0.192158058      -53.1826134      -37.5800819    
   2.07999992     -0.178793609     -0.183707133      -57.7395363      -41.5760803    
   2.84999990     -0.239682212     -0.175309315      -62.4671440      -45.7314873    
   3.60999990     -0.344590247     -0.174274415      -67.2789383      -49.9359245    
   4.38000011     -0.532214820     -0.172050670      -72.3661346      -54.2968330    
   5.15000010     -0.771530807     -0.172377169      -77.7715378      -58.7588043    
   5.90999985     -0.959383667     -0.182309210      -83.5473785      -63.2644234    
   6.67999983     -0.880072474     -0.295866817      -89.9180756      -67.9502716    
   7.44000006     -0.644720793     -0.525957704      -96.6952820      -72.7638779    
   8.21000004     -0.327258110     -0.837507784      -103.925087      -77.9579315    
   8.97000027      -9.65992436E-02  -1.05884492      -111.264389      -83.5578156    
   9.73999977     -0.110356815     -0.997073352      -118.792145      -89.8056793    
   10.5000000     -0.111800633     -0.692251384      -126.284492      -96.5170746    
   11.2700005      -9.82889682E-02 -0.337343961      -133.938278      -103.712608    
   12.0400000      -8.18236619E-02 -0.146599337      -141.649185      -111.130592    
   12.8000002      -5.11187986E-02 -0.111120015      -149.305496      -118.560257    
   13.5699997      -4.02593054E-02 -0.107783236      -157.095200      -126.156982    
   14.3299999      -4.02593054E-02  -9.26272869E-02  -164.808731      -133.716019    
   15.1000004      -4.02593054E-02  -7.26462156E-02  -172.647156      -141.427689    
   15.8599997      -4.02593054E-02  -5.02168350E-02  -180.407196      -149.081131    
   16.6299992      -4.02593054E-02  -4.02589962E-02  -188.292740      -156.866302    
   17.3899994      -4.02593054E-02  -4.02589962E-02  -196.099289      -164.575256    
   18.1599998      -4.02593054E-02  -4.02589962E-02  -204.031952      -172.409042    
   18.9300003      -4.02593054E-02  -4.02589962E-02  -211.988190      -180.266373    
   19.6900005      -4.02593054E-02  -4.02589962E-02  -219.864502      -188.045074    
   20.4599991      -4.02593054E-02  -4.02589962E-02  -227.867828      -195.949524    
   21.2199993      -4.02593054E-02  -4.02589962E-02  -235.790649      -203.774734    
   21.9899998      -4.02593054E-02  -4.02589962E-02  -243.841110      -211.726318    
   22.7500000      -4.02593054E-02  -4.02589962E-02  -251.810440      -219.598038    
   23.5200005      -4.02593054E-02  -4.02589962E-02  -259.908020      -227.596741    
   24.2800007      -4.02593054E-02  -4.02589962E-02  -267.923859      -235.514954    
   25.0499992      -4.02593054E-02  -4.02589962E-02  -276.068542      -243.560760    
   25.8199997      -4.02593054E-02  -4.02589962E-02  -284.236816      -251.630142    
   26.5799999      -4.02593054E-02  -4.02589962E-02  -292.322418      -259.618134    
   27.3500004      -4.02593054E-02  -4.02589962E-02  -300.537811      -267.734619    
   28.1100006      -4.02593054E-02  -4.02589962E-02  -308.669891      -275.769104    
   28.8799992      -4.02593054E-02  -4.02589962E-02  -316.932404      -283.932709    
   29.6399994      -4.02593054E-02  -4.02589962E-02  -325.110992      -292.013702    
   30.4099998      -4.02593054E-02  -4.02589962E-02  -333.420624      -300.224457    
   31.1800003      -4.02593054E-02  -4.02589962E-02  -341.753815      -308.458740    
   31.9400005      -4.02593054E-02  -4.02589962E-02  -350.002197      -316.609497    
   32.7099991      -4.02593054E-02  -4.02589962E-02  -358.382477      -324.890900    
   33.4700012      -4.02593054E-02  -4.02589962E-02  -366.677368      -333.088196    
   34.2400017      -4.02593054E-02  -4.02589962E-02  -375.104797      -341.416718    
   35.0000000      -4.02593054E-02  -4.02589962E-02  -383.446167      -349.660461    
   35.7700005      -4.02593054E-02  -4.02589962E-02  -391.920715      -358.036133    
   36.5299988      -4.02593054E-02  -4.02589962E-02  -400.308563      -366.326385    
   37.2999992      -4.02593054E-02  -4.02589962E-02  -408.830231      -374.749146    
   38.0699997      -4.02593054E-02  -4.02589962E-02  -417.375458      -383.195496    
   38.8300018      -4.02593054E-02  -4.02589962E-02  -425.833130      -391.555542    
   39.5999985      -4.02593054E-02  -4.02589962E-02  -434.425446      -400.048950    
   40.3600006      -4.02593054E-02  -4.02589962E-02  -442.929626      -408.455536    
   41.1300011      -4.02593054E-02  -4.02589962E-02  -451.569092      -416.996094    
   41.8899994      -4.02593054E-02  -4.02589962E-02  -460.119720      -425.449127    
   42.6599998      -4.02593054E-02  -4.02589962E-02  -468.806305      -434.036835    
   43.4199982      -4.02593054E-02  -4.02589962E-02  -477.403473      -442.536377    
   44.1899986      -4.02593054E-02  -4.02589962E-02  -486.137177      -451.171173    
   44.9599991      -4.02593054E-02  -4.02589962E-02  -494.894440      -459.829529    
   45.7200012      -4.02593054E-02  -4.02589962E-02  -503.561371      -468.398895    
   46.4900017      -4.02593054E-02  -4.02589962E-02  -512.365784      -477.104370    
   47.2500000      -4.02593054E-02  -4.02589962E-02  -521.079163      -485.720184    
   48.0200005      -4.02593054E-02  -4.02589962E-02  -529.930664      -494.472778    
   48.7799988      -4.02593054E-02  -4.02589962E-02  -538.690613      -503.135101    
   49.5499992      -4.02593054E-02  -4.02589962E-02  -547.589233      -511.934845    
   50.3199997      -4.02593054E-02  -4.02589962E-02  -556.511414      -520.758118    
   51.0800018      -4.02593054E-02  -4.02589962E-02  -565.341125      -529.490234    
   51.8499985      -4.02593054E-02  -4.02589962E-02  -574.310425      -538.360596    
