 Elev(m)    Area(m2)     Peri(m)      Radi(m)   Conv(m3/s)    topWidth(m)    newI1(m3)    dPdA(1/m)
   -33.12        0.00        0.00         NaN                 NaN               0.000           0.000             NaN
   -32.22       30.17       52.43        0.58             834.917              52.391          13.607           1.738
   -31.32       90.94       80.52        1.13            3944.912              80.420          68.229           0.462
   -30.41      177.89      112.95        1.57            9632.040             112.801         189.474           0.373
   -29.51      290.45      135.28        2.15           19336.217             135.052         400.703           0.198
   -28.61      419.75      151.85        2.76           33069.352             151.528         721.014           0.128
   -27.71      564.05      169.05        3.34           50378.930             168.624        1164.719           0.119
   -26.81      737.60      222.98        3.31           65501.902             222.489        1751.780           0.311
   -25.90      950.96      250.21        3.80           92637.102             249.652        2513.342           0.128
   -25.00     1186.73      273.57        4.34          126259.750             272.926        3477.465           0.099
   -24.10     1445.34      303.70        4.76          163574.422             302.960        4664.561           0.116
   -23.20     1731.77      329.55        5.25          209376.672             328.721        6097.478           0.090
   -22.30     2037.23      350.96        5.80          263200.125             350.022        7797.346           0.070
   -21.39     2361.26      367.09        6.43          326674.625             366.000        9781.117           0.050
   -20.49     2697.00      379.65        7.10          398661.531             378.380       12062.453           0.037
   -19.59     3043.73      391.84        7.77          477527.281             390.385       14651.594           0.035
   -18.69     3400.62      402.41        8.45          564345.562             400.757       17558.078           0.030
   -17.79     3767.59      415.50        9.07          655321.000             413.647       20791.031           0.036
   -16.88     4148.91      433.62        9.57          747956.000             431.591       24361.475           0.048
   -15.98     4550.15      461.11        9.87          837336.375             458.903       28284.859           0.069
   -15.08     4971.89      476.56       10.43          949548.250             474.164       32579.420           0.037
   -14.18     5404.13      486.02       11.12         1076880.625             483.402       37259.133           0.022
   -13.28     5843.85      494.67       11.81         1212494.250             491.828       42332.113           0.020
   -12.37     6292.67      506.38       12.43         1350417.000             503.342       47805.836           0.026
   -11.47     6751.06      516.22       13.08         1498964.125             513.008       53688.719           0.021
   -10.57     7218.06      525.62       13.73         1655691.625             522.232       59988.969           0.020
    -9.67     7693.14      534.70       14.39         1820360.375             531.131       66714.109           0.019
    -8.76     8176.13      543.37       15.05         1993310.000             539.610       73871.344           0.018
    -7.86     8666.29      550.80       15.73         2176628.500             546.806       81467.484           0.015
    -6.96     9162.44      557.38       16.44         2369423.250             553.119       89508.469           0.013
    -6.06     9664.05      563.61       17.15         2570441.250             559.067       97999.445           0.012
    -5.16    10171.02      569.83       17.85         2778672.000             565.014      106945.312           0.012
    -4.25    10682.82      574.78       18.59         2998237.500             569.521      116350.656           0.010
    -3.35    11198.45      579.50       19.32         3225673.250             573.757      126219.383           0.009
    -2.45    11717.90      584.31       20.05         3459771.500             578.089      136554.938           0.009
    -1.55    12242.33      591.35       20.70         3692078.750             584.698      147361.312           0.013
    -0.65    12772.72      598.33       21.35         3931640.750             591.244      158643.406           0.013
     0.26    13308.95      605.22       21.99         4178551.750             597.703      170406.562           0.013
     1.16    13851.22      612.72       22.61         4429605.000             604.783      182656.141           0.014
     2.06    14400.15      621.27       23.18         4682585.500             612.914      195397.859           0.016
     2.96    14962.04      644.97       23.20         4868005.000             636.131      208640.578           0.042
     3.86    15545.07      666.88       23.31         5073991.500             657.516      222399.672           0.038
     4.77    16146.11      689.30       23.42         5287312.000             679.614      236692.797           0.037
     5.67    16783.78      733.99       22.87         5408556.500             723.987      251544.578           0.070
     6.57    17455.96      812.50       21.48         5396149.500             802.117      266987.125           0.117
     7.47    18441.42     1481.16       12.45         3962625.000            1470.179      283177.312           0.679
     8.37    19934.27     1793.82       11.11         3970765.750            1782.379      300485.219           0.209
     9.28    21627.79     1985.08       10.90         4251689.500            1973.299      319230.219           0.113
    10.18    23526.05     2154.53       10.92         4631689.000            2142.540      339595.156           0.089
    11.08    25463.26     2168.68       11.74         5261621.000            2156.520      361689.969           0.007
    11.98    27412.60     2175.86       12.60         5936854.000            2163.614      385537.656           0.004
    12.88    29364.23     2175.86       13.50         6657898.000            2163.614      411144.719           0.000
    13.79    31315.87     2175.86       14.39         7411625.000            2163.614      438512.188           0.000
    14.69    33267.50     2175.86       15.29         8197340.000            2163.614      467640.094           0.000
    15.59    35219.14     2175.86       16.19         9014408.000            2163.614      498528.406           0.000
    16.49    37170.77     2175.86       17.08         9862235.000            2163.614      531177.188           0.000
    17.39    39122.40     2175.86       17.98        10740270.000            2163.614      565586.312           0.000
    18.30    41074.04     2175.86       18.88        11648007.000            2163.614      601755.938           0.000
    19.20    43025.67     2175.86       19.77        12584967.000            2163.614      639685.938           0.000
    20.10    44977.30     2175.86       20.67        13550699.000            2163.614      679376.438           0.000
    21.00    46928.94     2175.86       21.57        14544781.000            2163.614      720827.312           0.000
    21.90    48880.57     2175.86       22.46        15566817.000            2163.614      764038.562           0.000
    22.81    50832.21     2175.86       23.36        16616425.000            2163.614      809010.312           0.000
    23.71    52783.84     2175.86       24.26        17693250.000            2163.614      855742.438           0.000
    24.61    54735.48     2175.86       25.16        18796956.000            2163.614      904235.000          -0.000
    25.51    56687.11     2175.86       26.05        19927210.000            2163.614      954488.000           0.000
    26.41    58638.74     2175.86       26.95        21083712.000            2163.614     1006501.438           0.000
    27.32    60590.38     2175.86       27.85        22266166.000            2163.614     1060275.250           0.000
    28.22    62542.01     2175.86       28.74        23474288.000            2163.614     1115809.500           0.000
    29.12    64493.64     2175.86       29.64        24707806.000            2163.614     1173104.250           0.000
    30.02    66445.28     2175.86       30.54        25966470.000            2163.614     1232159.375           0.000
    30.92    68396.91     2175.86       31.43        27250022.000            2163.614     1292974.875           0.000
    31.83    70348.55     2175.86       32.33        28558226.000            2163.614     1355550.750           0.000
    32.73    72300.18     2175.86       33.23        29890852.000            2163.614     1419887.000           0.000
    33.63    74251.82     2175.86       34.13        31247684.000            2163.614     1485984.000           0.000
    34.53    76203.45     2175.86       35.02        32628492.000            2163.614     1553841.000           0.000
    35.43    78155.09     2175.86       35.92        34033092.000            2163.614     1623458.875           0.000
    36.34    80106.72     2175.86       36.82        35461268.000            2163.614     1694836.750           0.000
    37.24    82058.35     2175.86       37.71        36912824.000            2163.614     1767975.375           0.000
    38.14    84009.98     2175.86       38.61        38387588.000            2163.614     1842874.125           0.000
    39.04    85961.62     2175.86       39.51        39885376.000            2163.614     1919533.625           0.000
    39.94    87913.25     2175.86       40.40        41405996.000            2163.614     1997953.250           0.000
    40.85    89864.88     2175.86       41.30        42949292.000            2163.614     2078133.250           0.000
    41.75    91816.52     2175.86       42.20        44515108.000            2163.614     2160074.000           0.000
    42.65    93768.15     2175.86       43.09        46103252.000            2163.614     2243775.000           0.000
    43.55    95719.79     2175.86       43.99        47713604.000            2163.614     2329236.500           0.000
    44.45    97671.42     2175.86       44.89        49345992.000            2163.614     2416458.250           0.000
    45.36    99623.05     2175.86       45.79        51000264.000            2163.614     2505440.750           0.000
    46.26   101574.69     2175.86       46.68        52676288.000            2163.614     2596183.250           0.000
    47.16   103526.33     2175.86       47.58        54373928.000            2163.614     2688686.500           0.000
    48.06   105477.95     2175.86       48.48        56093024.000            2163.614     2782950.000           0.000
    48.96   107429.59     2175.86       49.37        57833464.000            2163.614     2878974.250           0.000
    49.87   109381.23     2175.86       50.27        59595112.000            2163.614     2976758.250           0.000
    50.77   111332.86     2175.86       51.17        61377844.000            2163.614     3076303.500           0.000
    51.67   113284.49     2175.86       52.06        63181528.000            2163.614     3177608.500           0.000
    52.57   115236.13     2175.86       52.96        65006056.000            2163.614     3280674.250           0.000
    53.47   117187.76     2175.86       53.86        66851284.000            2163.614     3385500.250           0.000
    54.38   119139.39     2175.86       54.76        68717120.000            2163.614     3492086.500           0.000
    55.28   121091.03     2175.86       55.65        70603456.000            2163.614     3600433.750           0.000
    56.18   123042.66     2175.86       56.55        72510152.000            2163.614     3710540.750           0.000
    57.08   124994.30     2175.86       57.45        74437136.000            2163.614     3822408.750          -0.000
