 Elev(m)    dbdxp(-)    dbdxc(-)      I2p     I2c
  -27.7399998       0.00000000       0.00000000       0.00000000       0.00000000    
  -27.0699997       3.49892140E-03  -2.75729224E-02   3.92666552E-04  -3.09437187E-03
  -26.3999996      -1.21053448E-02  -2.24914234E-02   2.12143554E-04  -1.49015887E-02
  -25.7299995      -2.18847692E-02  -1.83837544E-02  -4.74877702E-03  -3.69144939E-02
  -25.0599995      -4.28372361E-02  -1.64454002E-02  -2.07876675E-02  -6.74233213E-02
  -24.3899994      -6.56532645E-02  -2.64663268E-02  -5.62653355E-02 -0.106656618    
  -23.7199993     -0.156519160      -2.31399368E-02 -0.128851667     -0.156272754    
  -23.0599995     -0.343898028      -2.20545530E-02 -0.281075060     -0.215704262    
  -22.3899994     -0.652280807      -4.10378203E-02 -0.602709532     -0.288111895    
  -21.7199993     -0.680653989     -0.212875932      -1.18572891     -0.396095574    
  -21.0499992     -0.506897032     -0.315125197      -2.05160975     -0.591829658    
  -20.3799992     -0.411136538     -0.281012207      -3.15379000     -0.913720191    
  -19.7099991     -0.162057295     -0.440263331      -4.42332315      -1.38345742    
  -19.0400009     -0.119184799     -0.431204528      -5.78874159      -2.03193879    
  -18.3700008      -8.33359957E-02 -0.402036726      -7.20845413      -2.87173271    
  -17.7000008      -7.09682554E-02 -0.334672004      -8.66821194      -3.88771439    
  -17.0300007      -6.93081766E-02 -0.237623483      -10.1610279      -5.05059910    
  -16.3600006      -6.65419549E-02 -0.148122579      -11.6848335      -6.32100010    
  -15.6899996      -6.47371337E-02 -0.101890087      -13.2386189      -7.66275072    
  -15.0200005      -6.29400015E-02  -8.39879438E-02  -14.8214617      -9.05341530    
  -14.3599997      -6.09613843E-02  -5.83819300E-02  -16.4087029      -10.4598541    
  -13.6899996      -6.04311861E-02  -3.71762663E-02  -18.0473099      -11.9140596    
  -13.0200005      -6.01846986E-02  -2.94873174E-02  -19.7130737      -13.3864689    
  -12.3500004      -5.91117851E-02  -2.34343428E-02  -21.4057636      -14.8723011    
  -11.6800003      -2.60972399E-02  -6.92514330E-02  -23.1214046      -16.3744736    
  -11.0100002      -3.77645157E-02 -0.110542059      -24.8537750      -17.9072247    
  -10.3400002      -4.27259877E-02 -0.120549053      -26.6023445      -19.4860878    
  -9.67000008      -4.56424057E-02  -5.71709275E-02  -28.3698635      -21.1108303    
  -9.00000000      -4.81504239E-02  -4.14750073E-03  -30.1578274      -22.7623978    
  -8.32999992      -4.83625680E-02   3.60725285E-03  -31.9671478      -24.4209080    
  -7.65999985      -4.99027781E-02   8.84184521E-03  -33.7983284      -26.0780811    
  -6.98999977      -5.16824126E-02   1.19281672E-02  -35.6519356      -27.7315273    
  -6.32000017      -5.33662438E-02   1.41310897E-02  -37.5287323      -29.3797150    
  -5.65999985      -5.49656712E-02   1.57069173E-02  -39.4012871      -30.9970779    
  -4.98999977      -5.69271185E-02   1.73242055E-02  -41.3267441      -32.6319389    
  -4.32000017      -5.90703823E-02   1.79817677E-02  -43.2777786      -34.2591286    
  -3.65000010      -6.37996495E-02   1.73287597E-02  -45.2556190      -35.8783989    
  -2.98000002      -7.40896016E-02   1.68981310E-02  -47.2627220      -37.4898605    
  -2.30999994      -8.09427127E-02   1.69086531E-02  -49.3027000      -39.0936890    
  -1.63999999      -8.41738209E-02   2.04204209E-02  -51.3786049      -40.6895332    
 -0.970000029      -8.84852186E-02   2.74210256E-02  -53.4924164      -42.2758217    
 -0.300000012      -9.30060372E-02   3.51032242E-02  -55.6459732      -43.8497238    
  0.370000005      -9.39878076E-02   3.52067165E-02  -57.8408852      -45.4087181    
   1.03999996     -0.113699064       3.23292725E-02  -60.0800896      -46.9522400    
   1.71000004     -0.196169630       2.20295433E-02  -62.3773766      -48.4820862    
   2.38000011     -0.258286744       1.89557846E-04  -64.7604370      -50.0033340    
   3.03999996     -0.278311402      -3.39624211E-02  -67.2183914      -51.5032158    
   3.71000004      -9.18737501E-02 -0.225824177      -69.8144379      -53.0587082    
   4.38000011      -5.16421348E-02 -0.195519105      -72.4681396      -54.6906395    
   5.05000019      -9.65431612E-03  -3.59288268E-02  -75.1448212      -56.3958282    
   5.71999979       4.65368794E-04  0.153136820      -77.8294067      -58.1138420    
   6.38999987       4.65368794E-04  0.227008164      -80.5149307      -59.7760353    
   7.05999994       4.65368794E-04  0.242186457      -83.2002411      -61.3429146    
   7.73000002       4.65368794E-04  0.242413074      -85.8853455      -62.8027573    
   8.39999962       4.65368794E-04  0.242413074      -88.5702362      -64.1538010    
   9.06999969       4.65368794E-04  0.242413074      -91.2549210      -65.3960266    
   9.73999977       4.65368794E-04  0.242413074      -93.9393921      -66.5294342    
   10.4099998       4.65368794E-04  0.242413074      -96.6236572      -67.5540237    
   11.0699997       4.65368794E-04  0.242413074      -99.2676544      -68.4553070    
   11.7399998       4.65368794E-04  0.242413074      -101.951500      -69.2622604    
   12.4099998       4.65368794E-04  0.242413074      -104.635139      -69.9603882    
   13.0799999       4.65368794E-04  0.242413074      -107.318573      -70.5497055    
   13.7500000       4.65368794E-04  0.242413074      -110.001793      -71.0301971    
   14.4200001       4.65368794E-04  0.242413074      -112.684807      -71.4018631    
   15.0900002       4.65368794E-04  0.242413074      -115.367615      -71.6647186    
   15.7600002       4.65368794E-04  0.242413074      -118.050209      -71.8187561    
   16.4300003       4.65368794E-04  0.242413074      -120.732597      -71.8639679    
   17.1000004       4.65368794E-04  0.242413074      -123.414772      -71.8003616    
   17.7700005       4.65368794E-04  0.242413074      -126.096741      -71.6279373    
   18.4400005       4.65368794E-04  0.242413074      -128.778503      -71.3466949    
   19.1100006       4.65368794E-04  0.242413074      -131.460052      -70.9566345    
   19.7700005       4.65368794E-04  0.242413074      -134.101364      -70.4643860    
   20.4400005       4.65368794E-04  0.242413074      -136.782501      -69.8566895    
   21.1100006       4.65368794E-04  0.242413074      -139.463425      -69.1401672    
   21.7800007       4.65368794E-04  0.242413074      -142.144135      -68.3148270    
   22.4500008       4.65368794E-04  0.242413074      -144.824646      -67.3806686    
   23.1200008       4.65368794E-04  0.242413074      -147.504944      -66.3376923    
   23.7900009       4.65368794E-04  0.242413074      -150.185028      -65.1858978    
   24.4599991       4.65368794E-04  0.242413074      -152.864899      -63.9252815    
   25.1299992       4.65368794E-04  0.242413074      -155.544571      -62.5558472    
   25.7999992       4.65368794E-04  0.242413074      -158.224030      -61.0775909    
   26.4699993       4.65368794E-04  0.242413074      -160.903290      -59.4905167    
   27.1399994       4.65368794E-04  0.242413074      -163.582336      -57.7946243    
   27.8099995       4.65368794E-04  0.242413074      -166.261169      -55.9899101    
   28.4699993       4.65368794E-04  0.242413074      -168.899811      -54.1041298    
   29.1399994       4.65368794E-04  0.242413074      -171.578232      -52.0817795    
   29.8099995       4.65368794E-04  0.242413074      -174.256439      -49.9506073    
   30.4799995       4.65368794E-04  0.242413074      -176.934433      -47.7106171    
   31.1499996       4.65368794E-04  0.242413074      -179.612228      -45.3618088    
   31.8199997       4.65368794E-04  0.242413074      -182.289810      -42.9041824    
   32.4900017       4.65368794E-04  0.242413074      -184.967194      -40.3377266    
   33.1599998       4.65368794E-04  0.242413074      -187.644348      -37.6624680    
   33.8300018       4.65368794E-04  0.242413074      -190.321304      -34.8783760    
   34.5000000       4.65368794E-04  0.242413074      -192.998047      -31.9854774    
   35.1699982       4.65368794E-04  0.242413074      -195.674576      -28.9837608    
   35.8400002       4.65368794E-04  0.242413074      -198.350906      -25.8732090    
   36.5099983       4.65368794E-04  0.242413074      -201.027023      -22.6538563    
   37.1699982       4.65368794E-04  0.242413074      -203.662994      -19.3745365    
   37.8400002       4.65368794E-04  0.242413074      -206.338699      -15.9375257    
   38.5099983       4.65368794E-04  0.242413074      -209.014191      -12.3917150    
   39.1800003       4.65368794E-04  0.242413074      -211.689468      -8.73706532    
