 Elev(m)    dbdxp(-)    dbdxc(-)      I2p     I2c
  -29.8899994       0.00000000       0.00000000       0.00000000       0.00000000    
  -29.1299992       9.23315343E-03  -7.29642762E-03   1.33326813E-03  -1.05360476E-03
  -28.3600006       1.36098545E-02  -3.02218203E-03   7.33341696E-03  -4.67854412E-03
  -27.6000004       2.53424477E-02   1.49915722E-04   2.22217329E-02  -1.01805255E-02
  -26.8400002       2.48181485E-02   1.37358923E-02   4.99779619E-02  -1.40921501E-02
  -26.0699997       3.79839838E-02   3.83547582E-02   9.45065469E-02  -8.50185566E-03
  -25.3099995       5.70939556E-02   6.87997043E-02  0.161372498       2.01085340E-02
  -24.5499992       8.56951103E-02   5.98075725E-02  0.262586474       8.27629417E-02
  -23.7800007      0.107329391       4.51618023E-02  0.413894743      0.180214405    
  -23.0200005      0.121214673       4.72052917E-02  0.624474764      0.305092692    
  -22.2600002      0.145329863       7.63171911E-02  0.906545579      0.461145490    
  -21.4899998      0.204492450       3.30095855E-03   1.28183782      0.648819864    
  -20.7299995       9.51936841E-02  -6.37352793E-03   1.74670124      0.845259309    
  -19.9699993       8.13384205E-02  -1.04057826E-02   2.28033042       1.03883219    
  -19.2000008       8.70782584E-02  -1.65895745E-02   2.87112617       1.22859871    
  -18.4400005       6.57181591E-02  -8.29024706E-03   3.50094914       1.40835977    
  -17.6700001       4.17058729E-02  -4.77568572E-03   4.17692566       1.58495951    
  -16.9099998       2.96130162E-02  -2.08097976E-03   4.87013531       1.75636423    
  -16.1499996       3.49785723E-02  -7.44869374E-03   5.58297014       1.92540288    
  -15.3800001       5.17699942E-02  -1.34531986E-02   6.32716036       2.09225321    
  -14.6199999       8.13737810E-02  -4.88055823E-03   7.09360123       2.25123191    
  -13.8599997       9.31872055E-02   7.03924848E-03   7.90447474       2.40787482    
  -13.0900002      0.102569036       1.50058772E-02   8.77982235       2.57007790    
  -12.3299999      0.109659292       2.67405286E-02   9.70308304       2.73942757    
  -11.5699997      0.122430064       2.42312998E-02   10.6905031       2.92216563    
  -10.8000002      0.127393261       2.27026492E-02   11.7609434       3.12154245    
  -10.0400000      0.124375366       2.49047354E-02   12.8903818       3.33206987    
  -9.27000046      0.115073077       2.69595962E-02   14.1060896       3.55982137    
  -8.51000023      0.108848087       2.69030221E-02   15.3733702       3.79997945    
  -7.75000000      0.104017772       2.90257093E-02   16.7037220       4.05599165    
  -6.98000002       9.61834863E-02   3.23298834E-02   18.1116314       4.33241415    
  -6.21999979       8.76415819E-02   3.49598154E-02   19.5570831       4.62393856    
  -5.46000004       8.20839107E-02   3.82273458E-02   21.0535889       4.93574762    
  -4.69000006       7.95933306E-02   4.35793065E-02   22.6179619       5.27417946    
  -3.93000007       7.77524263E-02   4.75655943E-02   24.2083874       5.63334370    
  -3.17000008       7.70083889E-02   4.88644093E-02   25.8438835       6.01959419    
  -2.40000010       7.97548592E-02   4.71909456E-02   27.5461750       6.43890476    
  -1.63999999       7.81292170E-02   4.46690209E-02   29.2720909       6.88008451    
 -0.879999995       8.02646950E-02   3.79624702E-02   31.0436745       7.34646130    
 -0.109999999       8.24038908E-02   2.54764315E-02   32.8852310       7.84022427    
  0.649999976       6.35091215E-02   2.06540544E-02   34.7477379       8.34351540    
   1.41999996       3.12063675E-02   2.05307789E-02   36.6697731       8.86612415    
   2.18000007      -6.79050246E-03   5.17616272E-02   38.5842285       9.39840984    
   2.94000006       9.52996165E-02   4.22313102E-02   40.5149879       9.95470715    
   3.71000004      0.206621125       4.62450832E-02   42.5277023       10.5448513    
   4.46999979      0.417894512      -6.89252317E-02   44.6486168       11.1369972    
   5.23000002      0.443119645     -0.113064177       46.9840431       11.6995897    
   6.00000000      0.250348359     -0.114241973       49.5763054       12.2101374    
   6.76000023       7.63661638E-02 -0.101868920       52.2835159       12.6495981    
   7.51999998       1.42214531E-02 -0.103275739       55.0509796       13.0282288    
   8.28999996       2.30736267E-02 -0.138277829       57.8735008       13.3469496    
   9.05000019       3.27394297E-03 -0.138277829       60.6686249       13.5862627    
   9.81000042      -2.25883946E-02 -0.138277829       63.4647636       13.7457066    
   10.5799999      -4.21686061E-02 -0.138277829       66.2855148       13.8268528    
   11.3400002      -4.21686061E-02 -0.138277829       69.0479889       13.8265581    
   12.1099997      -4.21686061E-02 -0.138277829       71.8222885       13.7458649    
   12.8699999      -4.21686061E-02 -0.138277829       74.5360413       13.5858316    
   13.6300001      -4.21686061E-02 -0.138277829       77.2254486       13.3459291    
   14.3999996      -4.21686061E-02 -0.138277829       79.9257126       13.0224752    
   15.1599998      -4.21686061E-02 -0.138277829       82.5663986       12.6228333    
   15.9200001      -4.21686061E-02 -0.138277829       85.1827316       12.1433229    
   16.6900005      -4.21686061E-02 -0.138277829       87.8089752       11.5771074    
   17.4500008      -4.21686061E-02 -0.138277829       90.3765945       10.9378586    
   18.2099991      -4.21686061E-02 -0.138277829       92.9198456       10.2187414    
   18.9799995      -4.21686061E-02 -0.138277829       95.4720535       9.40976524    
   19.7399998      -4.21686061E-02 -0.138277829       97.9666061       8.53090858    
   20.5000000      -4.21686061E-02 -0.138277829       100.436798       7.57218170    
   21.2700005      -4.21686061E-02 -0.138277829       102.914970       6.52044487    
   22.0300007      -4.21686061E-02 -0.138277829       105.336449       5.40197992    
   22.7999992      -4.21686061E-02 -0.138277829       107.765266       4.18840551    
   23.5599995      -4.21686061E-02 -0.138277829       110.138031       2.91020155    
   24.3199997      -4.21686061E-02 -0.138277829       112.486443       1.55212831    
   25.0900002      -4.21686061E-02 -0.138277829       114.841232       9.57904756E-02
   25.8500004      -4.21686061E-02 -0.138277829       117.140930      -1.42202139    
   26.6100006      -4.21686061E-02 -0.138277829       119.416267      -3.01970267    
   27.3799992      -4.21686061E-02 -0.138277829       121.697029      -4.71879721    
   28.1399994      -4.21686061E-02 -0.138277829       123.923653      -6.47621727    
   28.8999996      -4.21686061E-02 -0.138277829       126.125923      -8.31350613    
   29.6700001      -4.21686061E-02 -0.138277829       128.332657      -10.2553654    
   30.4300003      -4.21686061E-02 -0.138277829       130.486206      -12.2523937    
   31.2000008      -4.21686061E-02 -0.138277829       132.643585      -14.3560934    
   31.9599991      -4.21686061E-02 -0.138277829       134.748413      -16.5128555    
   32.7200012      -4.21686061E-02 -0.138277829       136.828903      -18.7494965    
   33.4900017      -4.21686061E-02 -0.138277829       138.912262      -21.0959568    
   34.2500000      -4.21686061E-02 -0.138277829       140.944016      -23.4923248    
   35.0099983      -4.21686061E-02 -0.138277829       142.951431      -25.9685631    
   35.7799988      -4.21686061E-02 -0.138277829       144.960739      -28.5577850    
   36.5400009      -4.21686061E-02 -0.138277829       146.919449      -31.1937733    
   37.2999992      -4.21686061E-02 -0.138277829       148.853790      -33.9096184    
   38.0699997      -4.21686061E-02 -0.138277829       150.789078      -36.7416000    
   38.8300018      -4.21686061E-02 -0.138277829       152.674713      -39.6171989    
   39.5900002      -4.21686061E-02 -0.138277829       154.535980      -42.5726509    
   40.3600006      -4.21686061E-02 -0.138277829       156.397232      -45.6473923    
   41.1199989      -4.21686061E-02 -0.138277829       158.209793      -48.7625847    
   41.8899994      -4.21686061E-02 -0.138277829       160.021698      -51.9991684    
   42.6500015      -4.21686061E-02 -0.138277829       161.785553      -55.2741127    
   43.4099998      -4.21686061E-02 -0.138277829       163.525040      -58.6289101    
   44.1800003      -4.21686061E-02 -0.138277829       165.262909      -62.1082535    
   44.9399986      -4.21686061E-02 -0.138277829       166.953674      -65.6227875    
   45.7000008      -4.21686061E-02 -0.138277829       168.620102      -69.2172165    
   46.4700012      -4.21686061E-02 -0.138277829       170.283936      -72.9393158    
