 Elev(m)    dbdxp(-)    dbdxc(-)      I2p     I2c
  -24.2900009       0.00000000       0.00000000       0.00000000       0.00000000    
  -23.6200008       2.32446305E-02  -5.32112345E-02   2.60862918E-03  -5.97163197E-03
  -22.9599991      0.115923479     -0.126124486       2.33661756E-02  -3.78626250E-02
  -22.2900009       9.80724096E-02  -3.99766304E-02   8.38353112E-02 -0.108698353    
  -21.6299992       5.62253706E-02  -1.89649276E-02  0.184375569     -0.203454405    
  -20.9599991       2.93636844E-02  -1.35674793E-02  0.313097894     -0.309811383    
  -20.2900009       2.12093517E-02  -1.31717445E-02  0.457100600     -0.422819793    
  -19.6299992       2.27627046E-02  -1.63994767E-02  0.609480381     -0.540416777    
  -18.9599991       4.54866774E-02  -2.72664558E-02  0.776687860     -0.667963982    
  -18.2999992       5.14090843E-02  -1.46467723E-02  0.959818780     -0.803138435    
  -17.6299992       3.61875407E-02   5.85482223E-03   1.16626430     -0.945980132    
  -16.9599991       2.23708432E-02   2.04415806E-02   1.38911211      -1.08685744    
  -16.2999992       1.77154504E-02   3.07653621E-02   1.61960614      -1.21697831    
  -15.6300001       1.95027292E-02   4.11569439E-02   1.86219954      -1.33533931    
  -14.9700003       2.16290858E-02   5.22348695E-02   2.10990286      -1.43350208    
  -14.3000002       2.31842417E-02   6.07085191E-02   2.37093449      -1.51015508    
  -13.6400003       2.37895548E-02   6.00179844E-02   2.63829589      -1.55962944    
  -12.9700003       2.54563801E-02   5.39023913E-02   2.92042685      -1.58372557    
  -12.3000002       3.75084467E-02   3.85303274E-02   3.21515036      -1.58466363    
  -11.6400003       4.77811880E-02   1.79526247E-02   3.52200747      -1.56903040    
  -10.9700003       3.66862677E-02   1.98198762E-02   3.85242009      -1.54267871    
  -10.3100004       2.39604805E-02   2.32413039E-02   4.19404507      -1.50771189    
  -9.64000034       1.45391338E-02   2.69074924E-02   4.55186939      -1.46182799    
  -8.97000027       2.99790269E-03   3.36544625E-02   4.91598320      -1.40351963    
  -8.31000042      -4.96720010E-03   3.59204896E-02   5.27637959      -1.33157837    
  -7.63999987      -1.19456667E-02   3.69324908E-02   5.64012098      -1.24268138    
  -6.98000002      -1.48018552E-02   3.53963785E-02   5.99356222      -1.13894033    
  -6.30999994      -1.50126237E-02   3.46185230E-02   6.34605598      -1.01777577    
  -5.65000010      -1.32658342E-02   3.34997624E-02   6.68681908     -0.883034945    
  -4.98000002      -1.87704023E-02   3.93295027E-02   7.02602482     -0.730550587    
  -4.30999994      -1.64567567E-02   4.59812731E-02   7.35768175     -0.560318947    
  -3.65000010      -8.06799065E-03   6.75813332E-02   7.67774200     -0.370452464    
  -2.98000002       7.12138228E-03   8.44063833E-02   7.99983501     -0.148100853    
  -2.31999993      -6.12503942E-03  0.118375808       8.31712723      0.110491566    
  -1.64999998      -2.18156353E-02  0.156607434       8.63620186      0.426274419    
 -0.980000019      -2.50610970E-02  0.359122515       8.94688034      0.830795050    
 -0.319999993      0.167764768      0.394652784       9.26375389       1.37088454    
  0.349999994      0.394565940       7.39670321E-02   9.66430950       2.05505872    
   1.00999999      0.177599341       8.74524117E-02   10.1852627       2.79894257    
   1.67999995       3.17433774E-02  0.224874854       10.8008404       3.60698915    
   2.34999990      0.328247488      0.290217817       11.4803123       4.50789309    
   3.00999999      0.474251002      0.313504934       12.2795010       5.52004671    
   3.68000007      0.250644445      0.893392324       13.2608452       6.74970675    
   4.34000015      0.308953136       1.58491552       14.3704805       8.37256432    
   5.01000023      0.486210078       1.91563201       15.6480150       10.6867733    
   5.67000008      0.643379271       1.56015563       17.1211548       13.7434978    
   6.34000015       1.14041138      0.937475622       18.9416485       17.5109940    
   7.01000023      0.631052673      0.730066836       21.1611309       21.7459259    
   7.67000008      0.255808830      0.705249727       23.6428490       26.2630749    
   8.34000015      0.224547803      0.634688079       26.3140984       31.1576786    
   9.00000000      0.180363730      0.589231253       29.0440235       36.2647095    
   9.67000008      0.138530284      0.589231253       31.8958511       41.7166519    
   10.3400002      0.132437587      0.589231253       34.8138771       47.4330978    
   11.0000000      0.132437587      0.589231253       37.7480278       53.3267555    
   11.6700001      0.132437587      0.589231253       40.7856407       59.5722122    
   12.3299999      0.132437587      0.589231253       43.8369179       65.9869843    
   13.0000000      0.132437587      0.589231253       46.9934349       72.7614517    
   13.6599998      0.132437587      0.589231253       50.1618423       79.6973419    
   14.3299999      0.132437587      0.589231253       53.4372559       87.0008240    
   15.0000000      0.132437587      0.589231253       56.7721252       94.5688095    
   15.6599998      0.132437587      0.589231253       60.1162262       102.286377    
   16.3299999      0.132437587      0.589231253       63.5699959       110.383377    
   16.9899998      0.132437587      0.589231253       67.0312195       118.622055    
   17.6599998      0.132437587      0.589231253       70.6038971       127.248062    
   18.3299999      0.132437587      0.589231253       74.2360153       136.138580    
   18.9899998      0.132437587      0.589231253       77.8729401       145.158936    
   19.6599998      0.132437587      0.589231253       81.6239624       154.578461    
   20.3199997      0.132437587      0.589231253       85.3780136       164.119934    
   20.9899998      0.132437587      0.589231253       89.2479401       174.068481    
   21.6599998      0.132437587      0.589231253       93.1773224       184.281525    
   22.3199997      0.132437587      0.589231253       97.1070557       194.604660    
   22.9899998      0.132437587      0.589231253       101.155342       205.346725    
   23.6499996      0.132437587      0.589231253       105.202209       216.190979    
   24.3199997      0.132437587      0.589231253       109.369392       227.462051    
   24.9799995      0.132437587      0.589231253       113.533386       238.827438    
   25.6499996      0.132437587      0.589231253       117.819473       250.627518    
   26.3199997      0.132437587      0.589231253       122.165009       262.692108    
   26.9799995      0.132437587      0.589231253       126.504700       274.839142    
   27.6499996      0.132437587      0.589231253       130.969131       287.432770    
   28.3099995      0.132437587      0.589231253       135.425949       300.100922    
   28.9799995      0.132437587      0.589231253       140.009293       313.223541    
   29.6499996      0.132437587      0.589231253       144.652084       326.610657    
   30.3099995      0.132437587      0.589231253       149.284592       340.060486    
   30.9799995      0.132437587      0.589231253       154.046295       353.976624    
   31.6399994      0.132437587      0.589231253       158.795929       367.947571    
   32.3100014      0.132437587      0.589231253       163.676544       382.392761    
   32.9700012      0.132437587      0.589231253       168.543304       396.884827    
   33.6399994      0.132437587      0.589231253       173.542786       411.858948    
   34.3100014      0.132437587      0.589231253       178.601761       427.097656    
   34.9700012      0.132437587      0.589231253       183.644211       442.371399    
   35.6399994      0.132437587      0.589231253       188.822052       458.139038    
   36.2999992      0.132437587      0.589231253       193.981628       473.933899    
   36.9700012      0.132437587      0.589231253       199.278412       490.230621    
   37.6399994      0.132437587      0.589231253       204.634598       506.791748    
   38.2999992      0.132437587      0.589231253       209.969879       523.368286    
   38.9700012      0.132437587      0.589231253       215.445007       540.458557    
   39.6300011      0.132437587      0.589231253       220.897400       557.556213    
   40.2999992      0.132437587      0.589231253       226.491394       575.175354    
   40.9700012      0.132437587      0.589231253       232.144882       593.059143    
   41.6300011      0.132437587      0.589231253       237.772980       610.938477    
   42.2999992      0.132437587      0.589231253       243.545319       629.351135    
