   0.00000000       42.2882080    
   0.00000000       11.9725437    
   8.62279224       9.89990425    
   9.40612793       9.72311974    
   17.2425365       8.33932781    
   18.8092079       8.10463238    
   25.8653278       7.66876793    
   28.2153358       7.58342361    
   34.4850731       7.38835192    
   37.6214638       7.23595190    
   43.1078606       6.90371990    
   47.0245438       6.74827194    
   51.7306557       6.58368015    
   56.4306717       6.45261621    
   60.3503990       6.42213583    
   65.8337555       6.34593582    
   68.9731903       6.37641621    
   75.2398834       6.90371990    
   77.5929413       7.31519985    
   84.6460037       8.53744793    
   86.2126846       8.71423244    
   94.0490875       8.91539955    
   94.8354797       8.87882328    
   103.455223       8.53135204    
   107.716316       8.21740818    
   110.499146       8.01319218    
   117.543076       5.80948782    
   124.586998       3.95630383    
   125.867165       3.71855998    
   131.627884       2.60604000    
   138.671799       1.79832006    
   145.715744       1.15214396    
   148.282150      0.963168025    
   152.756622      0.734568000    
   159.800552      0.576071978    
   166.844482      0.457199991    
   170.684952      0.402336001    
   173.885345      0.362712026    
   180.929276      0.268224001    
   187.973221      0.137160003    
   193.096909       6.09600022E-02
   195.014084       1.52399996E-02
   202.058014     -0.146303996    
   206.087479     -0.228599995    
   209.101959     -0.289559990    
   215.511887     -0.396239996    
   216.145874     -0.411480010    
   223.189804     -0.579119980    
   230.230667     -0.694943964    
   237.274612     -0.835152030    
   237.914688     -0.844295979    
   244.318542     -0.935736001    
   251.359406      -1.02412796    
   258.403351      -1.12471199    
   260.326630      -1.15519202    
   265.444214      -1.26796794    
   272.488159      -1.44170403    
   279.532074      -1.60020006    
   282.732483      -1.67335188    
   286.572968      -1.76479197    
   293.616882      -1.95376790    
   300.660797      -2.24637604    
   305.144440      -2.41706395    
   307.704742      -2.53898406    
   314.748688      -2.84073591    
   321.792603      -3.06019187    
   327.556366      -3.19430375    
   328.833466      -3.20954394    
   335.877411      -3.32841611    
   342.918304      -3.47776794    
   349.962219      -3.64845610    
   357.006165      -3.84048009    
   364.047028      -4.01726389    
   371.090942      -4.18490362    
   372.374146      -4.21233606    
   378.134888      -4.31292009    
   385.175751      -4.42874384    
   392.219696      -4.55371189    
   394.779999      -4.59638405    
   399.263641      -4.66344023    
   406.307556      -4.77621603    
   413.351471      -4.91337633    
   417.191956      -4.99262381    
   420.392334      -5.05053568    
   427.436279      -5.17855215    
   434.480194      -5.31266403    
   439.603912      -5.45896816    
   441.521118      -5.51383209    
   448.565033      -5.69366407    
   455.608948      -5.85216045    
   462.009766      -6.00456047    
   462.649811      -6.02284813    
   469.693756      -6.14476776    
   476.737671      -6.23316002    
   483.778534      -6.32460022    
   484.421692      -6.33679247    
   490.822510      -6.36422396    
   497.866425      -6.45261621    
   504.910339      -6.54405594    
   506.833618      -6.58368015    
   511.954285      -6.69950390    
   518.995178      -6.83666420    
   526.039062      -7.01039982    
   529.239502      -7.10793591    
   533.083008      -7.23595190    
   540.123901      -7.57123184    
   547.167847      -7.88822365    
   551.651428      -8.05586433    
   554.211731      -8.16254425    
   561.252625      -8.48563194    
   568.296570      -8.90015984    
   574.057251      -9.05255985    
   575.337402      -9.07999229    
   582.381348      -9.15009594    
   589.425293      -9.36040783    
   596.469238      -9.47623158    
   603.513123      -9.51585579    
   610.557068      -9.51585579    
   617.597961      -9.99439240    
   618.881165      -10.0644960    
   624.641907      -10.3540564    
   631.682739      -10.4759760    
   638.726685      -10.3266239    
   641.283936      -10.3388157    
   645.770569      -10.3662472    
   652.811523      -10.3235760    
   659.855408      -10.2656641    
   663.698975      -10.2565203    
   666.899353      -10.2565203    
   673.940247      -10.4424477    
   680.984131      -10.6375208    
   686.110901      -10.7960157    
   688.028076      -10.8569756    
   695.072021      -11.1038637    
   702.115967      -11.3720884    
   708.513672      -11.3263683    
   709.156799      -11.3233204    
   716.200745      -11.4178076    
   723.244690      -11.5976400    
   730.285522      -11.9481602    
   730.928711      -11.9847355    
   737.329529      -12.3535433    
   744.370361      -12.9296150    
   751.414307      -13.2313681    
   753.331482      -13.2130795    
   758.458191      -13.1704073    
   765.502136      -12.8991356    
   772.546082      -13.1094475    
   775.743469      -13.2679434    
   779.589966      -13.4447279    
   786.630920      -13.8287754    
   793.674805      -14.0512791    
   798.158386      -14.2219677    
   800.718750      -14.3225527    
   807.759583      -14.5938244    
   814.803528      -14.8590002    
   820.561218      -15.1333208    
   821.844482      -15.1881847    
   828.888367      -15.5417528    
   835.932312      -15.8526478    
   842.973145      -16.0812473    
   847.514709      -16.0568638    
   852.059265      -16.0172405    
   856.600830      -16.0020008    
   861.142273      -15.8953209    
   861.398376      -15.8892241    
   865.686829      -15.7398720    
   870.228394      -15.5356560    
   874.769897      -15.3558245    
   879.314453      -15.1790400    
   879.823486      -15.1607523    
   883.856018      -14.9656792    
   888.397522      -14.7736568    
   892.942139      -14.5602961    
   897.483582      -14.3438883    
   898.239502      -14.3012152    
   902.025085      -13.9842243    
   906.566650      -13.6641846    
   911.111206      -13.4051037    
   915.652771      -13.1826000    
   916.664673      -13.1277361    
   920.194275      -12.9875278    
   924.738770      -12.7833118    
   929.280334      -12.5790958    
   933.821838      -12.3504963    
   935.083740      -12.2895355    
   938.366394      -12.1798077    
   942.907959      -12.0060720    
   947.449463      -11.8719606    
   951.994080      -11.7591848    
   953.508911      -11.7317524    
   956.535522      -11.6494560    
   961.077026      -11.6250715    
   965.618591      -11.6037359    
   970.163147      -11.5854473    
   971.931030      -11.5397282    
   974.704712      -11.4360962    
   979.246216      -11.1922560    
   983.790771      -10.9453678    
   988.332275      -10.7411528    
   990.350037      -10.6619043    
   992.873779      -10.6070395    
   997.418396      -10.4790239    
   1001.95990      -10.4668322    
   1006.50140      -10.5552244    
   1008.77521      -10.5216961    
   1011.04602      -10.4180641    
   1015.58752      -10.0340157    
   1020.12897      -9.66520786    
   1024.67053      -9.35126400    
   1027.19739      -9.18972015    
   1029.21509      -9.01293564    
   1033.75671      -8.59840775    
   1038.29810      -8.21740818    
   1042.84265      -7.90346432    
   1045.61646      -7.71143961    
   1047.38428      -7.61695194    
   1051.92578      -7.35482359    
   1056.47034      -7.07745600    
   1061.01184      -6.83056784    
   1064.04150      -6.65073586    
   1065.55334      -6.59891987    
   1070.09790      -6.47700024    
   1074.63940      -6.34593582    
   1079.18103      -6.12038374    
   1082.46057      -5.96493578    
   1083.72253      -5.88873577    
   1088.26709      -5.70890379    
   1092.80859      -5.51383209    
   1097.35010      -5.29132795    
   1100.88281      -5.11149597    
   1101.89465      -5.06272840    
   1106.43616      -4.88594437    
   1110.97766      -4.69087219    
   1115.52234      -4.63295984    
   1119.30786      -4.59943199    
   1120.06384      -4.49275208    
   1124.60535      -3.81914401    
   1129.14990      -2.99008822    
   1133.69141      -2.16407990    
   1137.72693      -1.32892799    
   1138.23291      -1.23444009    
   1142.77441     -0.301752001    
   1147.31897      0.646175981    
   1151.86060       1.50571203    
   1156.14905       2.34086394    
   1156.40210       2.35610390    
   1160.94653       2.77063203    
   1165.48816       3.85876799    
   1166.14954       4.35864019    
   1170.03271       7.29081583    
   1174.57422       8.30275154    
   1182.29785       9.06170368    
   1188.91809       8.53135204    
   1190.02454       8.41248035    
   1197.74817       6.95248795    
   1203.26501       6.81837606    
   1205.47180       6.74827194    
   1213.19849       6.69950390    
   1213.43933       6.69950390    
   1217.61511       6.72083998    
   1220.92212       6.78179979    
   1228.64575       6.92810392    
   1231.95898       7.00430393    
   1236.37244       7.13536787    
   1244.09607       7.36091995    
   1246.30579       7.41883183    
   1251.82263       7.59561586    
   1259.54639       8.72337627    
   1260.64978       8.93368816    
   1267.27002       10.2138472    
   1274.99670       10.7777281    
   1282.72339       9.00379181    
   1289.34668       7.07440758    
   1290.44702       6.74827194    
   1298.17053       6.44042397    
   1303.69067       6.45871210    
   1318.03748       6.51967192    
   1329.07129       6.65378380    
   1332.38440       6.77570391    
   1336.79492       7.05307198    
   1344.52161       7.81202364    
   1346.72827       8.00404835    
   1352.24524       8.47648811    
   1359.96875       10.2595682    
   1361.07825       10.5125523    
   1367.69543       11.8536720    
   1375.42224       12.6034794    
   1375.42224       42.2882080    
