	RS=146.02* 
0	9.259823744
7.949183977	8.513064093
12.92047181	7.5438
15.89532047	6.943344209
23.84755135	6.010655791
25.83484865	5.888735907
31.79673591	5.647944209
38.75227181	5.434583977
39.74591814	5.419344209
46.82947181	5.0292
47.69205637	4.980432047
51.6696973	4.913376256
55.64428726	4.855464093
63.59347181	5.03529614
64.58711814	5.074919884
71.53961005	5.334
77.5014973	5.614416023
79.4887946	5.70890386
87.43797451	5.55955193
90.42196912	5.529071814
95.3902054	5.477255791
103.3363436	5.266944209
111.7914927	4.288535907
114.144549	3.617975965
120.246651	1.743455936
124.9497127	0.917447997
128.704851	0.137159996
135.7518255	-1.3716
137.16	-1.648967953
145.615149	-2.776727895
146.5600309	-2.950464093
154.0703073	-4.50189614
157.3621529	-5.18464807
162.528498	-6.48309614
168.167298	-8.055864093
170.9836471	-8.83310386
178.9694108	-11.61287953
179.4388147	-11.76223205
187.8939637	-13.70380772
189.7776255	-14.06347181
196.3521637	-15.12417567
200.5797382	-15.70024749
204.8073127	-16.2306
211.384902	-17.23643977
213.2624618	-17.50771158
221.7176108	-17.88871158
222.1900471	-17.95576795
230.1727598	-19.19325637
232.9952108	-19.67484093
238.6309598	-20.79345637
243.8003745	-21.81758456
247.0861274	-22.50947953
254.6024873	-23.66162316
255.5412765	-23.77744865
263.9964255	-24.48153591
265.407651	-24.57297684
272.4546255	-24.86558456
276.2128147	-25.01188726
280.9097745	-25.15209498
287.0179598	-25.26487181
289.3649235	-25.28925637
297.8200726	-25.42641544
306.8574	-25.36545637
306.9762765	-25.36240772
315.8916765	-25.146
316.1324804	-25.14295135
324.9259529	-24.85034363
325.2855961	-24.83510502
333.9602294	-24.55164093
334.438749	-24.5364
342.9945059	-24.21331274
343.5980039	-24.19197684
352.0287451	-23.81402316
352.7511196	-23.77744865
361.0630216	-23.28062316
361.9073235	-23.21661544
370.097298	-22.39670502
371.0604765	-22.31135907
379.1346255	-21.55850502
380.2166804	-21.46096912
388.165851	-20.8788
389.3728471	-20.76602316
397.2031784	-20.15032819
398.526	-20.04364865
406.2344039	-19.50415251
407.6791529	-19.40966409
415.2716941	-19.02561544
416.8383706	-18.94941544
424.3029196	-18.58060772
425.9915235	-18.51050386
433.3402471	-18.18132047
435.1446765	-18.11426409
442.3745235	-17.80336795
444.3008804	-17.73631158
451.4088	-17.41627181
453.4570471	-17.31873591
460.4430765	-16.97431158
462.6102	-16.83715251
469.4773529	-16.37080772
471.7664039	-16.21536023
478.5146804	-15.73987181
480.9195196	-15.59356795
487.5459059	-15.19732819
490.0787745	-15.04492819
496.5831961	-14.67307181
499.2319274	-14.50543205
505.6174726	-14.12138456
508.3850804	-13.92021544
514.651749	-13.47825637
517.5412471	-13.28623205
523.6860255	-12.88999228
526.6944	-12.69796795
532.720302	-12.32001544
535.8506039	-12.13408842
541.7545784	-11.81404749
545.0067706	-11.64336023
550.7888549	-11.29283977
554.1599235	-11.10081544
559.8230941	-10.70457567
563.3161274	-10.45768842
568.8604216	-10.09192819
572.4722941	-9.841992279
577.8916471	-9.561576256
581.6254471	-9.360407721
586.9289745	-9.15009614
590.781651	-9.012935907
595.9602	-8.8392
599.9378549	-8.735567953
604.9975274	-8.628887837
609.0909706	-8.577071814
614.0287529	-8.479535907
618.2471745	-8.382
623.0660804	-8.247887837
627.4002902	-8.104632047
632.1003568	-7.92784807
636.5564941	-7.741919884
641.1345961	-7.562087837
645.712698	-7.38530386
650.1719607	-7.269480116
654.865851	-7.174992279
659.203149	-7.107935907
664.0190039	-7.062216023
668.2404393	-7.040880116
673.1782588	-7.028687837
677.271702	-7.01649614
682.3314117	-6.986016023
686.3089922	-6.952487837
691.4844902	-6.882383977
695.3433059	-6.830567953
700.6406941	-6.772655791
704.3775451	-6.723887837
709.796898	-6.644639767
713.4118588	-6.586728186
718.953102	-6.477
722.446098	-6.4008
728.1062549	-6.275832047
731.4804117	-6.193535907
737.2594078	-6.059423744
740.517702	-5.995416023
746.4185883	-5.891783977
749.5488902	-5.858255791
755.5717412	-5.803392279
758.5862549	-5.79729614
764.7248941	-5.782055791
767.6174432	-5.760719884
773.881098	-5.702807721
776.6548078	-5.678423744
783.037302	-5.620512163
785.6859961	-5.614416023
792.1904549	-5.626607721
794.7233607	-5.654039767
801.3466588	-5.736335907
803.7576	-5.769864093
810.5027883	-5.843016023
812.7918393	-5.852160233
819.6589922	-5.86435193
821.8292039	-5.846064093
828.8121451	-5.78815193
830.8603922	-5.772912163
837.965298	-5.751576256
839.8977568	-5.748528186
847.1245529	-5.800344209
848.9319961	-5.833871814
856.2777059	-5.986271814
857.9663098	-6.086855791
865.4308588	-6.507480116
867.000549	-6.5532
874.5869883	-6.754367953
876.0347883	-6.766560233
883.7431922	-6.836664093
885.069102	-6.836664093
892.8963451	-6.894576256
894.1063922	-6.915912163
902.052549	-7.08964807
903.1376549	-7.135367953
911.205702	-7.421880116
912.1749451	-7.47064807
920.3619059	-7.802880116
921.2062078	-7.836407721
929.5181098	-7.970519884
930.243498	-7.949183977
937.2264393	-7.54989614
938.6711883	-7.47064807
939.2747607	-7.424928186
945.0537568	-6.726935907
947.8304432	-6.391655791
948.312051	-6.32155193
956.9835961	-5.141976256
957.3462902	-5.077967953
966.136749	-3.794759942
966.3806039	-3.758183977
975.2929529	-1.853183977
975.4148432	-1.770887983
984.4491568	4.41350386
992.5506902	5.913119884
994.1691961	6.184392279
1000.652298	6.86104807
1003.88931	7.400544209
1008.750855	8.37590386
1013.6124	9.079992279
1016.852388	8.848344209
1023.332439	7.900416023
1024.950945	7.571232047
1033.052553	5.952744209
	
