 Elev(m)    Area(m2)     Peri(m)      Radi(m)   Conv(m3/s)    topWidth(m)    newI1(m3)    dPdA(1/m)
   -33.67        0.00        0.00         NaN                 NaN               0.000           0.000             NaN
   -32.85       15.84       31.71        0.50             399.086              31.656           6.529           2.001
   -32.03       48.80       48.09        1.01            1971.291              47.945          33.166           0.497
   -31.20       93.95       61.67        1.52            4975.495              61.414          91.985           0.301
   -30.38      149.65       73.95        2.02            9577.363              73.569         192.357           0.220
   -29.55      215.15       85.71        2.51           15895.527              85.204         342.665           0.180
   -28.73      289.98       97.12        2.99           24051.750              96.489         550.791           0.152
   -27.91      375.28      111.21        3.37           33771.312             110.490         824.898           0.165
   -27.08      472.27      125.73        3.76           45647.387             124.911        1174.116           0.150
   -26.26      581.02      139.60        4.16           60133.980             138.676        1608.103           0.128
   -25.43      700.71      152.64        4.59           77418.109             151.613        2136.214           0.109
   -24.61      830.69      164.75        5.04           97702.844             163.604        2767.195           0.093
   -23.79      970.34      176.71        5.49          120806.328             175.449        3509.268           0.086
   -22.96     1119.53      188.21        5.95          147013.406             186.809        4370.353           0.077
   -22.14     1278.37      200.36        6.38          175907.422             198.819        5358.358           0.076
   -21.31     1447.65      214.50        6.75          206796.031             212.832        6481.556           0.084
   -20.49     1629.57      230.35        7.07          240211.969             228.538        7749.462           0.087
   -19.67     1824.00      245.81        7.42          277567.125             243.862        9172.432           0.080
   -18.84     2031.91      262.88        7.73          317732.438             260.803       10761.174           0.082
   -18.02     2253.77      279.92        8.05          362149.188             277.721       12527.000           0.077
   -17.19     2489.31      296.13        8.41          411654.719             293.812       14481.286           0.069
   -16.37     2738.21      313.07        8.75          464952.344             310.632       16635.176           0.068
   -15.55     3001.49      330.92        9.07          522166.000             328.368       19000.100           0.068
   -14.72     3279.26      349.03        9.40          584046.812             346.309       21587.951           0.065
   -13.90     3573.97      373.12        9.58          644778.750             370.232       24411.676           0.082
   -13.07     3890.97      401.84        9.68          707053.625             398.684       27487.443           0.091
   -12.25     4229.29      425.60        9.94          781940.875             422.126       30833.225           0.070
   -11.42     4587.00      450.62       10.18          861794.562             446.834       34465.789           0.070
   -10.60     4966.60      478.46       10.38          945360.062             474.365       38402.148           0.073
    -9.78     5380.24      531.50       10.12         1007068.688             527.027       42665.348           0.128
    -8.95     5825.73      557.99       10.44         1113159.625             553.101       47282.527           0.059
    -8.13     6306.68      645.49        9.77         1152929.750             640.173       52281.426           0.182
    -7.30     6895.15      780.03        8.84         1179121.125             774.284       57720.957           0.229
    -6.48     7548.21      808.31        9.34         1338902.000             802.139       63672.035           0.043
    -5.66     8212.94      816.23       10.06         1531146.625             809.594       70166.078           0.012
    -4.83     8881.88      821.06       10.82         1737740.750             813.933       77209.641           0.007
    -4.01     9554.39      825.88       11.57         1954881.250             818.259       84805.914           0.007
    -3.18    10230.44      830.07       12.32         2183437.750             821.895       92957.828           0.006
    -2.36    10908.47      832.54       13.10         2425103.500             823.698      101667.664           0.004
    -1.54    11588.01      835.06       13.88         2676687.500             825.576      110936.859           0.004
    -0.71    12269.13      837.61       14.65         2938014.250             827.515      120766.688           0.004
     0.11    12951.85      840.19       15.42         3208933.500             829.478      131158.453           0.004
     0.94    13636.90      844.26       16.15         3485529.250             833.152      142113.766           0.006
     1.76    14324.98      848.33       16.89         3771442.500             836.826      153634.859           0.006
     2.58    15016.08      852.40       17.62         4066557.750             840.500      165724.219           0.006
     3.41    15721.85      892.66       17.61         4257047.500             880.681      178389.125           0.057
     4.23    16474.35      974.36       16.91         4341037.000             962.312      191654.891           0.109
     5.06    17272.59      986.03       17.52         4660104.000             973.843      205559.594           0.015
     5.88    18078.16      993.67       18.19         5002132.500             981.304      220125.125           0.009
     6.70    18889.92     1001.38       18.86         5354402.500             988.833      235357.031           0.009
     7.53    19712.21     1014.57       19.43         5698558.500            1001.920      251262.219           0.016
     8.35    20537.85     1014.57       20.24         6101890.000            1001.920      267846.375           0.000
     9.18    21363.49     1014.57       21.06         6516181.000            1001.920      285110.938          -0.000
    10.00    22189.13     1014.57       21.87         6941285.500            1001.920      303055.844           0.000
    10.82    23014.77     1014.57       22.68         7377068.000            1001.920      321681.156           0.000
    11.65    23840.41     1014.57       23.50         7823401.500            1001.920      340986.844          -0.000
    12.47    24666.04     1014.57       24.31         8280159.500            1001.920      360972.875           0.000
    13.30    25491.69     1014.57       25.13         8747227.000            1001.920      381639.281           0.000
    14.12    26317.33     1014.57       25.94         9224493.000            1001.920      402986.094          -0.000
    14.95    27142.96     1014.57       26.75         9711843.000            1001.920      425013.281           0.000
    15.77    27968.60     1014.57       27.57        10209179.000            1001.920      447720.812          -0.000
    16.59    28794.24     1014.57       28.38        10716402.000            1001.920      471108.719           0.000
    17.42    29619.88     1014.57       29.19        11233414.000            1001.920      495177.000           0.000
    18.24    30445.52     1014.57       30.01        11760124.000            1001.920      519925.719           0.000
    19.07    31271.16     1014.57       30.82        12296447.000            1001.920      545354.750          -0.000
    19.89    32096.80     1014.57       31.64        12842290.000            1001.920      571464.125           0.000
    20.71    32922.44     1014.57       32.45        13397576.000            1001.920      598253.938           0.000
    21.54    33748.08     1014.57       33.26        13962227.000            1001.920      625724.125          -0.000
    22.36    34573.72     1014.57       34.08        14536162.000            1001.920      653874.625           0.000
    23.19    35399.36     1014.57       34.89        15119309.000            1001.920      682705.562           0.000
    24.01    36225.00     1014.57       35.70        15711592.000            1001.920      712216.875          -0.000
    24.83    37050.64     1014.57       36.52        16312946.000            1001.920      742408.500           0.000
    25.66    37876.28     1014.57       37.33        16923302.000            1001.920      773280.562           0.000
    26.48    38701.92     1014.57       38.15        17542590.000            1001.920      804832.938          -0.000
    27.31    39527.56     1014.57       38.96        18170750.000            1001.920      837065.688           0.000
    28.13    40353.20     1014.57       39.77        18807720.000            1001.920      869978.938           0.000
    28.95    41178.84     1014.57       40.59        19453438.000            1001.920      903572.438          -0.000
    29.78    42004.48     1014.57       41.40        20107846.000            1001.920      937846.312           0.000
    30.60    42830.12     1014.57       42.22        20770882.000            1001.920      972800.625           0.000
    31.43    43655.76     1014.57       43.03        21442500.000            1001.920     1008435.312          -0.000
    32.25    44481.40     1014.57       43.84        22122638.000            1001.920     1044750.375           0.000
    33.07    45307.04     1014.57       44.66        22811242.000            1001.920     1081745.625           0.000
    33.90    46132.68     1014.57       45.47        23508266.000            1001.920     1119421.500          -0.000
    34.72    46958.32     1014.57       46.28        24213658.000            1001.920     1157777.750           0.000
    35.55    47783.95     1014.57       47.10        24927362.000            1001.920     1196814.125           0.000
    36.37    48609.59     1014.57       47.91        25649342.000            1001.920     1236531.125          -0.000
    37.19    49435.24     1014.57       48.73        26379542.000            1001.920     1276928.375           0.000
    38.02    50260.88     1014.57       49.54        27117914.000            1001.920     1318006.000           0.000
    38.84    51086.52     1014.57       50.35        27864420.000            1001.920     1359764.000          -0.000
    39.67    51912.16     1014.57       51.17        28619014.000            1001.920     1402202.500           0.000
    40.49    52737.79     1014.57       51.98        29381646.000            1001.920     1445321.125           0.000
    41.31    53563.43     1014.57       52.79        30152288.000            1001.920     1489120.375          -0.000
    42.14    54389.07     1014.57       53.61        30930882.000            1001.920     1533600.000           0.000
    42.96    55214.71     1014.57       54.42        31717394.000            1001.920     1578759.750           0.000
    43.79    56040.35     1014.57       55.24        32511796.000            1001.920     1624600.000           0.000
    44.61    56865.99     1014.57       56.05        33314036.000            1001.920     1671120.750          -0.000
    45.44    57691.63     1014.57       56.86        34124076.000            1001.920     1718321.875           0.000
    46.26    58517.27     1014.57       57.68        34941880.000            1001.920     1766203.125           0.000
    47.08    59342.91     1014.57       58.49        35767424.000            1001.920     1814765.000          -0.000
    47.91    60168.55     1014.57       59.30        36600652.000            1001.920     1864007.125           0.000
    48.73    60994.19     1014.57       60.12        37441536.000            1001.920     1913929.500           0.000
