 Elev(m)    dbdxp(-)    dbdxc(-)      I2p     I2c
  -27.0699997       0.00000000       0.00000000       0.00000000       0.00000000    
  -26.3099995       1.39175737E-02  0.209659919       2.00969889E-03   3.02749109E-02
  -25.5599995       9.65222716E-02  0.547812641       2.19237320E-02  0.199407116    
  -24.8099995      0.115902483      0.702687919       8.80397633E-02  0.655612350    
  -24.0599995      0.121256016      0.777095020      0.218268409       1.50131869    
  -23.3099995      0.128056258      0.757942975      0.417842269       2.77674222    
  -22.5599995      0.389392465      0.488385618      0.727189064       4.44796181    
  -21.8099995      0.442893803      0.417044759       1.22947133       6.42515993    
  -21.0599995      0.485818028      0.342354059       1.98287916       8.63931847    
  -20.2999992      0.470516771      0.259449005       3.01674557       11.0780954    
  -19.5499992      0.406490564      0.292838275       4.29992580       13.6502895    
  -18.7999992      0.383682728      0.322640836       5.82051420       16.3890114    
  -18.0499992      0.374060631      0.324611217       7.56161928       19.3077316    
  -17.2999992      0.363415003      0.332658470       9.51575470       22.4123650    
  -16.5499992      0.343809187      0.340691060       11.6757021       25.7066441    
  -15.8000002      0.312386394      0.345387250       14.0298367       29.1946602    
  -15.0400000      0.278903097      0.345599025       16.5942383       32.9267159    
  -14.2900000      0.256075293      0.338854998       19.2864056       36.8069649    
  -13.5400000      0.283843577      0.290149152       22.1317558       40.8742790    
  -12.7900000      0.287310183      0.270340234       25.1354923       45.1109619    
  -12.0400000      0.285942525      0.258347929       28.3023109       49.5027962    
  -11.2900000      0.286462337      0.247552380       31.6323853       54.0420151    
  -10.5400000      0.288035303      0.237475321       35.1258965       58.7224007    
  -9.78999996      0.290600628      0.228482708       38.7837372       63.5382652    
  -9.02999973      0.293496668      0.221829161       42.6571350       68.5497513    
  -8.27999973      0.294324040      0.215301067       46.6476822       73.6225967    
  -7.53000021      0.275109142      0.213067323       50.8031006       78.8187485    
  -6.78000021      0.267126590      0.212811038       55.1168785       84.1366272    
  -6.03000021      0.261959583      0.214454517       59.5832977       89.5760880    
  -5.28000021      0.257135689      0.215377420       64.1990662       95.1376801    
  -4.53000021      0.253930390      0.215605408       68.9616165       100.821953    
  -3.76999998      0.251797259      0.217342407       73.9335098       106.705933    
  -3.01999998      0.253807366      0.217174798       78.9850540       112.636925    
  -2.26999998      0.255739748      0.218034014       84.1812668       118.691864    
  -1.51999998      0.249764442      0.243878677       89.5221176       124.874687    
 -0.769999981      0.243773177      0.333208829       95.0053101       131.205795    
  -1.99999996E-02  0.242219239      0.372520745       100.628075       137.719940    
  0.730000019      0.245987669      0.407330096       106.389656       144.445923    
   1.48000002      0.253193676      0.462202281       112.291969       151.407120    
   2.24000001      0.266877443      0.558478355       118.419197       158.732391    
   2.99000001      0.290181428      0.588834941       124.620354       166.272400    
   3.74000001      0.298282534      0.577823520       130.984802       174.142197    
   4.48999977      0.313291401      0.559674323       137.520309       182.340271    
   5.23999977      0.376342982      0.497594088       144.241379       190.850952    
   5.98999977      0.430650711      0.424982548       151.175949       199.643509    
   6.73999977      0.557416618      0.268581986       158.366653       208.665924    
   7.50000000      0.692638695      0.103741117       165.974518       217.961227    
   8.25000000      0.700117111       6.94288760E-02   173.861526       227.212280    
   9.00000000      0.698030472       4.57487330E-02   182.146255       236.504303    
   9.75000000      0.658935130       2.03768797E-02   190.823502       245.822083    
   10.5000000      0.557434499      -1.30057037E-02   199.867172       255.150208    
   11.2500000      0.390051395      -1.30057037E-02   209.218689       264.475616    
   12.0000000      0.184667736      -1.30057037E-02   218.786423       273.793640    
   12.7500000      0.101326920      -1.30057037E-02   228.476257       283.104218    
   13.5100002       6.55327365E-02  -1.30057037E-02   238.360123       292.531494    
   14.2600002       3.97635438E-02  -1.30057037E-02   248.152924       301.827240    
   15.0100002       7.08853081E-03  -1.30057037E-02   257.967285       311.115601    
   15.7600002      -1.30142057E-02  -1.30057037E-02   267.787384       320.396515    
   16.5100002      -1.30142057E-02  -1.30057037E-02   277.602905       329.670044    
   17.2600002      -1.30142057E-02  -1.30057037E-02   287.410980       338.936157    
   18.0100002      -1.30142057E-02  -1.30057037E-02   297.211670       348.194855    
   18.7700005      -1.30142057E-02  -1.30057037E-02   307.135559       357.569550    
   19.5200005      -1.30142057E-02  -1.30057037E-02   316.921387       366.813416    
   20.2700005      -1.30142057E-02  -1.30057037E-02   326.699799       376.049866    
   21.0200005      -1.30142057E-02  -1.30057037E-02   336.470795       385.278900    
   21.7700005      -1.30142057E-02  -1.30057037E-02   346.234375       394.500549    
   22.5200005      -1.30142057E-02  -1.30057037E-02   355.990540       403.714752    
   23.2700005      -1.30142057E-02  -1.30057037E-02   365.739288       412.921570    
   24.0200005      -1.30142057E-02  -1.30057037E-02   375.480621       422.120941    
   24.7800007      -1.30142057E-02  -1.30057037E-02   385.344391       431.435547    
   25.5300007      -1.30142057E-02  -1.30057037E-02   395.070862       440.620087    
   26.2800007      -1.30142057E-02  -1.30057037E-02   404.789948       449.797241    
   27.0300007      -1.30142057E-02  -1.30057037E-02   414.501587       458.966980    
   27.7800007      -1.30142057E-02  -1.30057037E-02   424.205841       468.129303    
   28.5300007      -1.30142057E-02  -1.30057037E-02   433.902649       477.284210    
   29.2800007      -1.30142057E-02  -1.30057037E-02   443.592072       486.431702    
   30.0300007      -1.30142057E-02  -1.30057037E-02   453.274048       495.571808    
   30.7900009      -1.30142057E-02  -1.30057037E-02   463.077667       504.826294    
   31.5400009      -1.30142057E-02  -1.30057037E-02   472.744812       513.951538    
   32.2900009      -1.30142057E-02  -1.30057037E-02   482.404541       523.069397    
   33.0400009      -1.30142057E-02  -1.30057037E-02   492.056854       532.179810    
   33.7900009      -1.30142057E-02  -1.30057037E-02   501.701721       541.282837    
   34.5400009      -1.30142057E-02  -1.30057037E-02   511.339203       550.378418    
   35.2900009      -1.30142057E-02  -1.30057037E-02   520.969238       559.466614    
   36.0499992      -1.30142057E-02  -1.30057037E-02   530.720215       568.668518    
   36.7999992      -1.30142057E-02  -1.30057037E-02   540.335449       577.741882    
   37.5499992      -1.30142057E-02  -1.30057037E-02   549.943237       586.807800    
   38.2999992      -1.30142057E-02  -1.30057037E-02   559.543640       595.866333    
   39.0499992      -1.30142057E-02  -1.30057037E-02   569.136597       604.917480    
   39.7999992      -1.30142057E-02  -1.30057037E-02   578.722168       613.961182    
   40.5499992      -1.30142057E-02  -1.30057037E-02   588.300293       622.997498    
   41.2999992      -1.30142057E-02  -1.30057037E-02   597.870972       632.026367    
   42.0600014      -1.30142057E-02  -1.30057037E-02   607.561890       641.168213    
   42.8100014      -1.30142057E-02  -1.30057037E-02   617.117737       650.182251    
   43.5600014      -1.30142057E-02  -1.30057037E-02   626.666199       659.188904    
   44.3100014      -1.30142057E-02  -1.30057037E-02   636.207275       668.188171    
   45.0600014      -1.30142057E-02  -1.30057037E-02   645.740906       677.179993    
   45.8100014      -1.30142057E-02  -1.30057037E-02   655.267090       686.164368    
   46.5600014      -1.30142057E-02  -1.30057037E-02   664.785889       695.141357    
   47.3199997      -1.30142057E-02  -1.30057037E-02   674.424072       704.230591    
   48.0699997      -1.30142057E-02  -1.30057037E-02   683.928040       713.192749    
