   131.681763      -28.5580521    
   161.110138      -28.5580521    
 NaN NaN
   122.462669      -27.8583546    
   172.942886      -27.8583546    
 NaN NaN
   115.064796      -27.1586552    
   187.832581      -27.1586552    
 NaN NaN
   108.921989      -26.4589558    
   220.986816      -26.4589558    
 NaN NaN
   101.952896      -25.7592564    
   261.770020      -25.7592564    
 NaN NaN
   96.1462631      -25.0595589    
   296.363495      -25.0595589    
 NaN NaN
   90.6365738      -24.3598595    
   348.846893      -24.3598595    
 NaN NaN
   85.1017532      -23.6601601    
   361.368530      -23.6601601    
 NaN NaN
   80.6710510      -22.9604626    
   369.927368      -22.9604626    
 NaN NaN
   77.4188080      -22.2607632    
   376.786835      -22.2607632    
 NaN NaN
   74.1665649      -21.5610638    
   383.321686      -21.5610638    
 NaN NaN
   71.2866974      -20.8613644    
   392.002869      -20.8613644    
 NaN NaN
   68.5869598      -20.1616669    
   406.569336      -20.1616669    
 NaN NaN
   65.8872147      -19.4619675    
   444.748291      -19.4619675    
 NaN NaN
   63.4053307      -18.7622681    
   474.990875      -18.7622681    
 NaN NaN
   61.4587669      -18.0625687    
   493.365875      -18.0625687    
 NaN NaN
   59.5122070      -17.3628712    
   527.177185      -17.3628712    
 NaN NaN
   57.5656395      -16.6631718    
   544.582947      -16.6631718    
 NaN NaN
   663.885681      -16.6631718    
   684.065308      -16.6631718    
 NaN NaN
   55.6190796      -15.9634733    
   581.875183      -15.9634733    
 NaN NaN
   637.839844      -15.9634733    
   688.289307      -15.9634733    
 NaN NaN
   53.9202957      -15.2637739    
   610.655701      -15.2637739    
 NaN NaN
   612.737549      -15.2637739    
   691.656433      -15.2637739    
 NaN NaN
   52.3913612      -14.5640755    
   694.926758      -14.5640755    
 NaN NaN
   50.8624268      -13.8643761    
   697.672424      -13.8643761    
 NaN NaN
   49.3334923      -13.1646776    
   700.418091      -13.1646776    
 NaN NaN
   47.8045578      -12.4649792    
   703.163757      -12.4649792    
 NaN NaN
   46.2756233      -11.7652798    
   705.679504      -11.7652798    
 NaN NaN
   44.7327423      -11.0655813    
   708.147339      -11.0655813    
 NaN NaN
   43.1811905      -10.3658819    
   710.615234      -10.3658819    
 NaN NaN
   41.6296387      -9.66618347    
   713.020630      -9.66618347    
 NaN NaN
   40.0780869      -8.96648407    
   714.988464      -8.96648407    
 NaN NaN
   38.5265388      -8.26678562    
   716.956299      -8.26678562    
 NaN NaN
   36.9749870      -7.56708670    
   718.924133      -7.56708670    
 NaN NaN
   34.7088585      -6.86738777    
   720.891968      -6.86738777    
 NaN NaN
   32.1745720      -6.16768885    
   722.929382      -6.16768885    
 NaN NaN
   29.6402855      -5.46798992    
   725.041870      -5.46798992    
 NaN NaN
   27.2854290      -4.76829100    
   727.154358      -4.76829100    
 NaN NaN
   26.2184410      -4.06859207    
   729.266846      -4.06859207    
 NaN NaN
   25.1514549      -3.36889338    
   731.504578      -3.36889338    
 NaN NaN
   24.0844669      -2.66919470    
   734.422058      -2.66919470    
 NaN NaN
   23.0174789      -1.96949577    
   737.339600      -1.96949577    
 NaN NaN
   21.9504910      -1.26979685    
   740.354126      -1.26979685    
 NaN NaN
   20.8835049     -0.570097983    
   747.395752     -0.570097983    
 NaN NaN
   19.8165169      0.129600883    
   770.343933      0.129600883    
 NaN NaN
   18.7495289      0.829299748    
   775.121216      0.829299748    
 NaN NaN
   15.6309967       1.52899861    
   778.912170       1.52899861    
 NaN NaN
   10.8743134       2.22869754    
   782.195618       2.22869754    
 NaN NaN
   3.56493139       2.92839622    
   791.714966       2.92839622    
 NaN NaN
   0.00000000       3.62809515    
   818.148987       3.62809515    
 NaN NaN
   0.00000000       4.32779408    
   821.538452       4.32779408    
 NaN NaN
   841.215637       4.32779408    
   844.146667       4.32779408    
 NaN NaN
   0.00000000       5.02749300    
   824.416321       5.02749300    
 NaN NaN
   838.263000       5.02749300    
   844.146667       5.02749300    
 NaN NaN
   0.00000000       5.72719193    
   827.294250       5.72719193    
 NaN NaN
   827.294312       5.72719193    
   844.146667       5.72719193    
 NaN NaN
   0.00000000       6.42689085    
   844.146667       6.42689085    
 NaN NaN
   0.00000000       7.12658978    
   844.146667       7.12658978    
 NaN NaN
   0.00000000       7.82628822    
   844.146667       7.82628822    
 NaN NaN
   0.00000000       8.52598763    
   844.146667       8.52598763    
 NaN NaN
   0.00000000       9.22568607    
   844.146667       9.22568607    
 NaN NaN
   0.00000000       9.92538452    
   844.146667       9.92538452    
 NaN NaN
   0.00000000       10.6250839    
   844.146667       10.6250839    
 NaN NaN
   0.00000000       11.3247824    
   844.146667       11.3247824    
 NaN NaN
   0.00000000       12.0244818    
   844.146667       12.0244818    
 NaN NaN
   0.00000000       12.7241802    
   844.146667       12.7241802    
 NaN NaN
   0.00000000       13.4238796    
   844.146667       13.4238796    
 NaN NaN
   0.00000000       14.1235781    
   844.146667       14.1235781    
 NaN NaN
   0.00000000       14.8232775    
   844.146667       14.8232775    
 NaN NaN
   0.00000000       15.5229759    
   844.146667       15.5229759    
 NaN NaN
   0.00000000       16.2226753    
   844.146667       16.2226753    
 NaN NaN
   0.00000000       16.9223728    
   844.146667       16.9223728    
 NaN NaN
   0.00000000       17.6220722    
   844.146667       17.6220722    
 NaN NaN
   0.00000000       18.3217716    
   844.146667       18.3217716    
 NaN NaN
   0.00000000       19.0214710    
   844.146667       19.0214710    
 NaN NaN
   0.00000000       19.7211685    
   844.146667       19.7211685    
 NaN NaN
   0.00000000       20.4208679    
   844.146667       20.4208679    
 NaN NaN
   0.00000000       21.1205673    
   844.146667       21.1205673    
 NaN NaN
   0.00000000       21.8202648    
   844.146667       21.8202648    
 NaN NaN
   0.00000000       22.5199642    
   844.146667       22.5199642    
 NaN NaN
   0.00000000       23.2196636    
   844.146667       23.2196636    
 NaN NaN
   0.00000000       23.9193630    
   844.146667       23.9193630    
 NaN NaN
   0.00000000       24.6190605    
   844.146667       24.6190605    
 NaN NaN
   0.00000000       25.3187599    
   844.146667       25.3187599    
 NaN NaN
   0.00000000       26.0184593    
   844.146667       26.0184593    
 NaN NaN
   0.00000000       26.7181587    
   844.146667       26.7181587    
 NaN NaN
   0.00000000       27.4178562    
   844.146667       27.4178562    
 NaN NaN
   0.00000000       28.1175556    
   844.146667       28.1175556    
 NaN NaN
   0.00000000       28.8172550    
   844.146667       28.8172550    
 NaN NaN
   0.00000000       29.5169525    
   844.146667       29.5169525    
 NaN NaN
   0.00000000       30.2166519    
   844.146667       30.2166519    
 NaN NaN
   0.00000000       30.9163513    
   844.146667       30.9163513    
 NaN NaN
   0.00000000       31.6160507    
   844.146667       31.6160507    
 NaN NaN
   0.00000000       32.3157501    
   844.146667       32.3157501    
 NaN NaN
   0.00000000       33.0154457    
   844.146667       33.0154457    
 NaN NaN
   0.00000000       33.7151451    
   844.146667       33.7151451    
 NaN NaN
   0.00000000       34.4148445    
   844.146667       34.4148445    
 NaN NaN
   0.00000000       35.1145439    
   844.146667       35.1145439    
 NaN NaN
   0.00000000       35.8142433    
   844.146667       35.8142433    
 NaN NaN
   0.00000000       36.5139427    
   844.146667       36.5139427    
 NaN NaN
   0.00000000       37.2136421    
   844.146667       37.2136421    
 NaN NaN
   0.00000000       37.9133377    
   844.146667       37.9133377    
 NaN NaN
   0.00000000       38.6130371    
   844.146667       38.6130371    
 NaN NaN
   0.00000000       39.3127365    
   844.146667       39.3127365    
 NaN NaN
   0.00000000       40.0124359    
   844.146667       40.0124359    
 NaN NaN
   0.00000000       40.7121353    
   844.146667       40.7121353    
 NaN NaN
