 Elev(m)    Area(m2)     Peri(m)      Radi(m)   Conv(m3/s)    topWidth(m)    newI1(m3)    dPdA(1/m)
   -28.69        0.00        0.00         NaN                 NaN               0.000           0.000             NaN
   -27.83       12.26       24.71        0.50             307.391              24.639           5.296           2.015
   -26.97       39.59       38.57        1.03            1611.477              38.384          27.694           0.507
   -26.10       78.91       52.82        1.49            4125.261              52.504          78.880           0.362
   -25.24      129.90       65.90        1.97            8168.092              65.463         169.071           0.257
   -24.37      191.93       78.60        2.44           13921.394              78.021         308.081           0.205
   -23.51      264.88       92.23        2.87           21407.760              91.477         505.395           0.187
   -22.65      349.58      104.88        3.33           31201.699             103.953         770.802           0.149
   -21.78      444.98      118.06        3.77           43108.836             116.958        1113.997           0.138
   -20.92      551.14      130.63        4.22           57562.387             129.379        1544.253           0.118
   -20.06      669.05      144.00        4.65           74514.055             142.606        2071.290           0.113
   -19.19      797.28      156.60        5.09           94382.727             155.043        2704.645           0.098
   -18.33      950.09      204.60        4.64          105779.234             202.879        3459.393           0.314
   -17.46     1130.93      217.61        5.20          135729.734             215.707        4358.257           0.072
   -16.60     1323.84      233.18        5.68          168522.750             231.113        5418.554           0.081
   -15.74     1530.13      249.08        6.14          205293.875             246.898        6651.276           0.077
   -14.87     1750.46      265.20        6.60          246375.984             262.907        8068.267           0.073
   -14.01     1983.82      279.94        7.09          292764.750             277.522        9681.222           0.063
   -13.14     2230.35      295.89        7.54          342970.344             293.348       11501.457           0.065
   -12.28     2491.07      313.34        7.95          396908.438             310.685       13540.789           0.067
   -11.42     2768.10      334.57        8.27          452940.312             331.806       15812.393           0.077
   -10.55     3064.60      357.62        8.57          513333.844             354.759       18331.721           0.078
    -9.69     3383.64      386.94        8.74          574472.875             383.983       21116.924           0.092
    -8.82     3730.80      436.61        8.54          623734.500             433.549       24189.879           0.143
    -7.96     4124.86      472.35        8.73          699681.812             469.170       27582.990           0.091
    -7.10     4538.61      491.56        9.23          799002.000             488.234       31325.020           0.046
    -6.23     4970.09      515.62        9.64          900428.812             512.117       35432.137           0.056
    -5.37     5422.10      535.30       10.13         1015333.938             531.619       39920.859           0.044
    -4.51     5886.37      546.75       10.77         1148011.000             542.874       44805.352           0.025
    -3.64     6359.83      557.52       11.41         1289130.500             553.450       50094.875           0.023
    -2.78     6890.06      708.48        9.73         1255679.625             704.206       55817.930           0.285
    -1.91     7515.91      748.18       10.05         1399672.500             743.667       62040.332           0.063
    -1.05     8178.59      801.04       10.21         1539641.750             796.326       68819.289           0.080
    -0.19     8887.22      835.94       10.63         1718783.750             831.044       76190.562           0.049
     0.68     9610.57      847.94       11.33         1939686.625             842.874       84180.352           0.017
     1.54    10344.13      860.60       12.02         2171112.500             855.362       92799.430           0.017
     2.41    11087.63      871.39       12.72         2417217.750             865.998      102056.492           0.015
     3.27    11842.54      888.15       13.33         2663652.750             882.626      111960.773           0.022
     4.13    12608.97      898.42       14.03         2934539.250             892.725      122522.164           0.013
     5.00    13384.81      908.93       14.73         3216570.250             903.032      133749.719           0.014
     5.86    14168.90      918.01       15.43         3513359.500             911.893      145651.047           0.012
     6.72    14960.39      934.66       16.01         3800675.000             928.306      158232.906           0.021
     7.59    15777.70      966.69       16.32         4060775.000             960.055      171509.688           0.039
     8.45    16627.60     1056.22       15.74         4177729.500            1049.331      185506.562           0.105
     9.32    17582.45     1164.84       15.09         4295520.500            1157.714      200282.984           0.114
    10.18    18656.82     1320.98       14.12         4360380.000            1313.700      215935.891           0.145
    11.04    19796.65     1331.81       14.86         4787233.000            1324.380      232545.188           0.009
    11.91    20944.64     1341.03       15.62         5234670.500            1333.433      250142.656           0.008
    12.77    22101.29     1353.51       16.33         5690045.500            1345.779      268735.562           0.011
    13.64    23268.39     1362.22       17.08         6173149.000            1354.411      288332.188           0.007
    14.50    24441.04     1368.34       17.86         6680319.500            1360.472      308939.406           0.005
    15.36    25616.30     1368.34       18.72         7224234.500            1360.472      330560.781           0.000
    16.23    26791.56     1368.34       19.58         7785048.000            1360.472      353197.438           0.000
    17.09    27966.83     1368.34       20.44         8362506.500            1360.472      376849.312           0.000
    17.95    29142.09     1368.34       21.30         8956376.000            1360.472      401516.531           0.000
    18.82    30317.35     1368.34       22.16         9566429.000            1360.472      427198.938           0.000
    19.68    31492.61     1368.34       23.02        10192460.000            1360.472      453896.656           0.000
    20.55    32667.88     1368.34       23.87        10834264.000            1360.472      481609.656           0.000
    21.41    33843.14     1368.34       24.73        11491645.000            1360.472      510337.844           0.000
    22.27    35018.40     1368.34       25.59        12164429.000            1360.472      540081.375          -0.000
    23.14    36193.66     1368.34       26.45        12852436.000            1360.472      570840.125           0.000
    24.00    37368.93     1368.34       27.31        13555501.000            1360.472      602614.188           0.000
    24.87    38544.19     1368.34       28.17        14273465.000            1360.472      635403.562           0.000
    25.73    39719.45     1368.34       29.03        15006172.000            1360.472      669208.062           0.000
    26.59    40894.72     1368.34       29.89        15753482.000            1360.472      704027.938           0.000
    27.46    42069.98     1368.34       30.75        16515245.000            1360.472      739863.062           0.000
    28.32    43245.24     1368.34       31.60        17291330.000            1360.472      776713.438           0.000
    29.19    44420.51     1368.34       32.46        18081606.000            1360.472      814579.125           0.000
    30.05    45595.77     1368.34       33.32        18885948.000            1360.472      853460.062          -0.000
    30.91    46771.03     1368.34       34.18        19704228.000            1360.472      893356.188           0.000
    31.78    47946.29     1368.34       35.04        20536332.000            1360.472      934267.688           0.000
    32.64    49121.55     1368.34       35.90        21382148.000            1360.472      976194.312           0.000
    33.50    50296.82     1368.34       36.76        22241566.000            1360.472     1019136.375           0.000
    34.37    51472.08     1368.34       37.62        23114476.000            1360.472     1063093.625           0.000
    35.23    52647.35     1368.34       38.48        24000778.000            1360.472     1108066.250           0.000
    36.10    53822.61     1368.34       39.33        24900364.000            1360.472     1154053.875           0.000
    36.96    54997.87     1368.34       40.19        25813148.000            1360.472     1201056.875           0.000
    37.82    56173.13     1368.34       41.05        26739024.000            1360.472     1249075.250           0.000
    38.69    57348.40     1368.34       41.91        27677910.000            1360.472     1298108.875           0.000
    39.55    58523.66     1368.34       42.77        28629710.000            1360.472     1348157.875           0.000
    40.42    59698.92     1368.34       43.63        29594340.000            1360.472     1399221.750           0.000
    41.28    60874.18     1368.34       44.49        30571710.000            1360.472     1451301.250           0.000
    42.14    62049.45     1368.34       45.35        31561748.000            1360.472     1504395.875           0.000
    43.01    63224.71     1368.34       46.21        32564362.000            1360.472     1558505.875           0.000
    43.87    64399.98     1368.34       47.06        33579484.000            1360.472     1613631.125           0.000
    44.73    65575.24     1368.34       47.92        34607032.000            1360.472     1669771.625           0.000
    45.60    66750.50     1368.34       48.78        35646920.000            1360.472     1726927.125           0.000
    46.46    67925.77     1368.34       49.64        36699100.000            1360.472     1785098.250           0.000
    47.33    69101.02     1368.34       50.50        37763476.000            1360.472     1844284.500           0.000
    48.19    70276.29     1368.34       51.36        38839996.000            1360.472     1904486.125           0.000
    49.05    71451.55     1368.34       52.22        39928588.000            1360.472     1965703.000           0.000
    49.92    72626.81     1368.34       53.08        41029180.000            1360.472     2027934.875           0.000
    50.78    73802.08     1368.34       53.94        42141708.000            1360.472     2091182.250           0.000
    51.65    74977.34     1368.34       54.79        43266112.000            1360.472     2155445.000           0.000
    52.51    76152.60     1368.34       55.65        44402328.000            1360.472     2220722.750           0.000
    53.37    77327.87     1368.34       56.51        45550300.000            1360.472     2287016.000           0.000
    54.24    78503.13     1368.34       57.37        46709960.000            1360.472     2354324.500           0.000
    55.10    79678.39     1368.34       58.23        47881244.000            1360.472     2422648.000           0.000
    55.96    80853.66     1368.34       59.09        49064108.000            1360.472     2491987.000           0.000
    56.83    82028.91     1368.34       59.95        50258488.000            1360.472     2562341.250          -0.000
    57.69    83204.18     1368.34       60.81        51464340.000            1360.472     2633710.750           0.000
