 Elev(m)    dbdxp(-)    dbdxc(-)      I2p     I2c
  -28.4500008       0.00000000       0.00000000       0.00000000       0.00000000    
  -27.7099991       6.35794550E-03   1.28385937E-02   8.70406686E-04   1.75761140E-03
  -26.9599991       1.68631747E-02   1.93705522E-02   5.81372622E-03   9.72978119E-03
  -26.2199993       2.48006321E-02   1.75629649E-02   1.96162909E-02   2.71200985E-02
  -25.4699993       2.84864381E-02   3.76507565E-02   4.66812663E-02   5.74287400E-02
  -24.7299995       1.47369578E-02   6.51471689E-02   8.66949409E-02  0.109065898    
  -23.9799995      -5.22365235E-02  0.183286235      0.128112882      0.209674776    
  -23.2399998       7.19292611E-02  0.313989460      0.166472390      0.411483496    
  -22.4899998      0.257627159      0.176205605      0.253199100      0.752124429    
  -21.7500000      0.215814814      0.170024350      0.449301779       1.20362496    
  -21.0000000      0.166509628      0.158340082      0.766085029       1.75421965    
  -20.2600002      0.145654768      0.140247151       1.17441797       2.38390207    
  -19.5200005      0.134288371      0.123908319       1.66381061       3.09062433    
  -18.7700005      0.134159774      0.116354108       2.23540974       3.87644053    
  -18.0300007      0.129553720      0.117687151       2.87273026       4.71714973    
  -17.2800007      0.119249828      0.125881046       3.58931518       5.63503838    
  -16.5400009      0.105179839      0.126444295       4.36158514       6.60902023    
  -15.7900000      0.101143301      0.123520471       5.20367813       7.66539669    
  -15.0500002      0.108452313      0.112485453       6.09185743       8.77467155    
  -14.3000002      0.115654655      0.103294104       7.05180168       9.96122360    
  -13.5600004      0.113568999       9.57110748E-02   8.06141663       11.1891327    
  -12.8199997      0.107678577       8.91906470E-02   9.13270187       12.4696007    
  -12.0699997      0.103828356       8.59219283E-02   10.2781172       13.8169985    
  -11.3299999       9.90843102E-02   8.09801072E-02   11.4653797       15.1935730    
  -10.5799999       8.99164081E-02   7.58453459E-02   12.7227154       16.6333771    
  -9.84000015       8.44537541E-02   6.97707608E-02   14.0133772       18.0956726    
  -9.09000015       7.84933567E-02   6.80564865E-02   15.3679810       19.6168041    
  -8.35000038       7.82116428E-02   7.10397288E-02   16.7485809       21.1558151    
  -7.59999990       7.56824762E-02   7.39907548E-02   18.1906509       22.7547798    
  -6.86000013       7.59582818E-02   7.50839636E-02   19.6556015       24.3729496    
  -6.11000013       7.61802197E-02   7.59724230E-02   21.1822147       26.0543518    
  -5.36999989       7.73051083E-02   7.61011094E-02   22.7305927       27.7551117    
  -4.63000011       7.87056312E-02   7.60527849E-02   24.3213406       29.4975185    
  -3.88000011       7.93010965E-02   7.60542154E-02   25.9768620       31.3054066    
  -3.14000010       7.89127126E-02   7.60203898E-02   27.6538906       33.1311073    
  -2.39000010       7.71773160E-02   7.85536766E-02   29.3969002       35.0237465    
  -1.64999998       7.80344531E-02   8.65302831E-02   31.1595745       36.9351883    
 -0.899999976       8.02765414E-02   9.76743028E-02   32.9892769       38.9205894    
 -0.159999996       8.77357125E-02  0.102462560       34.8395424       40.9324684    
  0.589999974       9.28183943E-02  0.115015514       36.7628441       43.0290756    
   1.33000004       9.64191183E-02  0.125749484       38.7114563       45.1608582    
   2.06999993      0.102782398      0.135677516       40.7132454       47.3613930    
   2.81999993      0.119516686      0.176839560       42.8001556       49.6707191    
   3.55999994      0.130980909      0.272365391       44.9243736       52.0541077    
   4.30999994      0.229337305      0.356651068       47.1613846       54.6181450    
   5.05000019      0.231142133      0.370408922       49.4815903       57.3347893    
   5.80000019      0.465723008       8.98861587E-02   51.9924469       60.2520370    
   6.53999996      0.494215399      -4.10294114E-03   54.6979103       63.2059860    
   7.28999996      0.326683521       5.47106564E-03   57.6855087       66.2119446    
   8.02999973       5.68104498E-02  -6.76947683E-02   60.7996483       69.1694946    
   8.77999973      -3.42389047E-02 -0.116302557       64.0121765       72.1331940    
   9.52000046      -5.75031042E-02 -0.116302557       67.1724472       75.0000076    
   10.2600002      -8.49089026E-02 -0.116302557       70.3006516       77.8031235    
   11.0100002     -0.116302378     -0.116302557       73.4238281       80.5800095    
   11.7500000     -0.116302378     -0.116302557       76.4456024       83.2557602    
   12.5000000     -0.116302378     -0.116302557       79.4440994       85.9035492    
   13.2399998     -0.116302378     -0.116302557       82.3385010       88.4519196    
   13.9899998     -0.116302378     -0.116302557       85.2079010       90.9706116    
   14.7299995     -0.116302378     -0.116302557       87.9749222       93.3916092    
   15.4799995     -0.116302378     -0.116302557       90.7152252       95.7812042    
   16.2199993     -0.116302378     -0.116302557       93.3548813       98.0748291    
   16.9599991     -0.116302378     -0.116302557       95.9308472       100.304764    
   17.7099991     -0.116302378     -0.116302557       98.4775009       102.500717    
   18.4500008     -0.116302378     -0.116302557       100.926102       104.603279    
   19.2000008     -0.116302378     -0.116302557       103.343658       106.670135    
   19.9400005     -0.116302378     -0.116302557       105.664879       108.645325    
   20.6900005     -0.116302378     -0.116302557       107.953346       110.583084    
   21.4300003     -0.116302378     -0.116302557       110.147186       112.430893    
   22.1800003     -0.116302378     -0.116302557       112.306557       114.239555    
   22.9200001     -0.116302378     -0.116302557       114.373024       115.959991    
   23.6700001     -0.116302378     -0.116302557       116.403297       117.639565    
   24.4099998     -0.116302378     -0.116302557       118.342384       119.232620    
   25.1499996     -0.116302378     -0.116302557       120.217789       120.761993    
   25.8999996     -0.116302378     -0.116302557       122.054420       122.247917    
   26.6399994     -0.116302378     -0.116302557       123.802452       123.649918    
   27.3899994     -0.116302378     -0.116302557       125.509987       125.006744    
   28.1299992     -0.116302378     -0.116302557       127.130646       126.281372    
   28.8799992     -0.116302378     -0.116302557       128.709076       127.509102    
   29.6200008     -0.116302378     -0.116302557       130.202362       128.656357    
   30.3700008     -0.116302378     -0.116302557       131.651703       129.754990    
   31.1100006     -0.116302378     -0.116302557       133.017609       130.774857    
   31.8500004     -0.116302378     -0.116302557       134.319839       131.731049    
   32.5999985     -0.116302378     -0.116302557       135.575531       132.636032    
   33.3400002     -0.116302378     -0.116302557       136.750381       133.464859    
   34.0900002     -0.116302378     -0.116302557       137.876984       134.240753    
   34.8300018     -0.116302378     -0.116302557       138.924454       134.942184    
   35.5800018     -0.116302378     -0.116302557       139.921967       135.588989    
   36.3199997     -0.116302378     -0.116302557       140.842056       136.163040    
   37.0699997     -0.116302378     -0.116302557       141.710464       136.680756    
   37.8100014     -0.116302378     -0.116302557       142.503189       137.127441    
   38.5600014     -0.116302378     -0.116302557       143.242508       137.516052    
   39.2999992     -0.116302378     -0.116302557       143.907852       137.835358    
   40.0400009     -0.116302378     -0.116302557       144.509506       138.090988    
   40.7900009     -0.116302378     -0.116302557       145.055176       138.285950    
   41.5299988     -0.116302378     -0.116302557       145.529465       138.414200    
   42.2799988     -0.116302378     -0.116302557       145.946030       138.480057    
   43.0200005     -0.116302378     -0.116302557       146.292938       138.480942    
   43.7700005     -0.116302378     -0.116302557       146.580429       138.417709    
   44.5099983     -0.116302378     -0.116302557       146.799957       138.291214    
   45.2599983     -0.116302378     -0.116302557       146.958344       138.098877    
   46.0000000     -0.116302378     -0.116302557       147.050507       137.845016    
