   0.00000000       55.9554405    
   0.00000000       8.18083191    
   6.93419981       7.75716019    
   13.2344151       6.90371990    
   13.8683996       6.75436783    
   20.8026009       5.78815174    
   26.4749279       5.25170374    
   27.7337513       5.17550373    
   34.6710014       4.89813614    
   39.7093430       4.60247993    
   41.6021538       4.57809591    
   48.5363541       4.56590366    
   52.9498558       4.35254383    
   55.4705544       4.22147989    
   61.5330238       3.78866410    
   62.4047546       3.72465611    
   66.1842728       3.61797595    
   69.3389511       3.59359193    
   76.2701035       3.52653599    
   79.4247818       3.39242411    
   83.2073517       3.16687202    
   90.1385040       3.00532794    
   91.9886398       2.99923205    
   92.6592026       2.99923205    
   97.0727081       2.96570396    
   104.006905       2.90779209    
   105.899712       2.86207199    
   110.941109       2.75234389    
   117.875305       2.68224001    
   119.134125       2.66700006    
   124.809509       2.59689617    
   131.743713       2.65480804    
   132.374634       2.65480804    
   138.674850       2.60604000    
   145.609055       2.02387190    
   153.405838      0.929639995    
   156.520905      0.606552005    
   161.202621       9.75359976E-02
   167.438843     -0.408432007    
   168.996368     -0.557784021    
   176.793152      -1.35331202    
   178.353729      -1.51485598    
   184.586868      -2.39877605    
   189.265564      -3.10286403    
   192.383667      -3.44119191    
   200.177399      -4.24891186    
   207.974182      -5.21512842    
   211.092285      -5.58393574    
   215.770966      -6.33374405    
   222.007172      -7.46455193    
   223.567749      -7.72058392    
   231.361481      -8.96721649    
   232.919006      -9.29030418    
   239.155228      -10.4272079    
   243.833893      -11.4239035    
   246.952011      -12.0060720    
   254.745758      -13.3959599    
   262.542511      -14.6517363    
   265.660645      -15.1698961    
   270.336273      -15.7825432    
   276.575531      -16.6938953    
   278.133057      -16.8737278    
   285.929840      -17.6235352    
   287.487366      -17.7972717    
   293.726624      -18.4952641    
   298.402252      -19.1871605    
   301.520355      -19.6595993    
   309.314087      -21.1165428    
   317.110870      -22.2991695    
   320.228973      -22.6740723    
   324.904602      -23.2135696    
   331.140839      -23.8749847    
   332.701416      -24.0517693    
   340.495117      -24.5455437    
   342.055695      -24.5851688    
   348.291901      -24.8168163    
   352.970612      -24.9905510    
   356.088715      -25.1429520    
   363.882416      -25.5757694    
   371.679230      -25.9933434    
   374.800385      -26.1670799    
   379.476013      -26.3316727    
   385.709137      -26.5694160    
   387.269714      -26.6029434    
   395.066528      -26.8071594    
   396.627106      -26.8467846    
   402.860260      -26.9991837    
   407.535919      -27.1271992    
   410.657043      -27.1912079    
   418.450775      -27.4502869    
   426.247559      -27.4167595    
   429.368683      -27.4015198    
   434.044342      -27.3862801    
   440.280548      -27.3588486    
   441.838074      -27.3771362    
   449.634888      -27.4685764    
   451.195465      -27.4807682    
   457.428589      -27.5904942    
   462.107269      -27.6209774    
   465.225372      -27.6453590    
   473.019135      -27.6423130    
   480.815887      -27.6209774    
   483.933990      -27.6362152    
   488.609650      -27.6941280    
   494.848907      -27.8008080    
   496.406433      -27.8495770    
   504.203186      -28.1452312    
   505.760712      -28.2061920    
   512.000000      -28.5353775    
   516.675598      -28.8371277    
   519.793701      -29.0565853    
   527.590515      -29.7149506    
   535.384277      -30.5440083    
   538.502319      -30.8335686    
   543.181030      -31.2420006    
   549.417236      -31.8302631    
   550.974792      -31.9491367    
   558.768494      -32.8269577    
   560.329102      -32.9976501    
   566.565308      -33.7779350    
   571.243958      -34.3692474    
   574.362061      -34.7532959    
   582.155823      -35.7896156    
   589.952576      -36.6887779    
   593.070679      -37.0514870    
   597.749390      -37.4660149    
   603.982544      -37.9110222    
   605.543091      -37.9963684    
   613.339905      -38.2737350    
   614.897400      -38.3042145    
   621.133606      -38.4230881    
   625.815369      -38.4840469    
   628.930420      -38.5267220    
   636.727173      -38.5937767    
   645.697449      -38.4566154    
   645.953491      -38.4505196    
   654.667786      -38.1457214    
   655.179810      -38.1182861    
   663.638000      -37.5483131    
   664.409180      -37.4721146    
   672.608276      -36.1706161    
   673.632385      -35.9877357    
   681.578491      -34.3844872    
   682.858704      -34.1010246    
   690.548828      -32.3209915    
   692.088013      -31.8759842    
   699.519043      -29.9100227    
   701.314270      -29.4040565    
   708.492371      -27.4533367    
   710.540588      -26.9443207    
   717.462585      -25.3959351    
   719.766907      -24.8808231    
   726.432922      -23.5061760    
   728.996277      -23.1129837    
   735.403137      -22.1284790    
   738.219482      -21.7352867    
   744.373413      -20.8361282    
   747.448853      -20.4033127    
   753.343689      -19.5803509    
   756.675171      -19.0957203    
   762.313965      -17.9557686    
   765.904480      -17.1846237    
   771.287231      -15.6484318    
   775.127747      -14.4932394    
   780.257507      -13.3197603    
   784.357117      -12.4968004    
   789.227783      -11.5732565    
   793.583435      -10.7289600    
   798.198059      -9.93038464    
   802.812683      -9.12266445    
   807.168274      -8.40028763    
   812.035950      -7.61695194    
   816.138611      -6.96163225    
   821.265320      -6.18134403    
   825.108826      -5.57479239    
   830.491577      -4.87680006    
   834.079102      -4.33730364    
   839.717896      -3.60273600    
   843.052368      -3.19125605    
   848.944214      -2.48716784    
   852.022705      -2.18846393    
   858.170532      -1.57581604    
   860.992981      -1.33807194    
   867.399841     -0.746760011    
   869.963196     -0.609600008    
   876.623108     -0.393191993    
   878.933411     -0.320039988    
   885.852478     -0.198119998    
   887.903748     -0.207264006    
   895.078735     -0.259079993    
   896.874023     -0.249936000    
   904.308044     -0.228599995    
   905.847290     -0.213359997    
   913.531311     -0.146303996    
   914.817627     -0.137160003    
   922.760620      -4.57200035E-02
   923.787842      -3.96239981E-02
   931.986938      0.478536010    
   932.758118      0.521207988    
   941.216309       1.06984794    
   941.728333       1.12776005    
   950.439575       2.02692008    
   950.698669       2.08483195    
   959.668884       3.98373580    
   968.764160       4.76097584    
   975.841614       4.85851192    
   977.862366       4.88594437    
   986.957642       4.79145622    
   996.052856       4.72135210    
   996.058960       4.72135210    
   998.719849       4.70001602    
   1005.15417       4.65124798    
   1014.24945       4.54761600    
   1023.34467       4.59028816    
   1032.44299       4.72440004    
   1041.53821       5.60831976    
   1050.63647       7.44931221    
   1050.63647       55.9554405    
