 Elev(m)    Area(m2)     Peri(m)      Radi(m)   Conv(m3/s)    topWidth(m)    newI1(m3)    dPdA(1/m)
   -38.11        0.00        0.00         NaN                 NaN               0.000           0.000             NaN
   -37.24       45.56      113.95        0.40             989.079             113.904          19.850           2.501
   -36.37      163.67      150.64        1.09            6918.894             150.544         111.007           0.311
   -35.50      303.21      168.81        1.80           17921.379             168.625         314.418           0.130
   -34.63      456.18      182.30        2.50           33632.996             181.996         645.271           0.088
   -33.76      620.18      194.69        3.19           53705.219             194.270        1114.219           0.076
   -32.88      795.21      208.40        3.82           77671.703             207.866        1730.877           0.078
   -32.01      983.75      225.57        4.36          105038.078             224.941        2505.938           0.091
   -31.14     1186.98      241.65        4.91          137194.438             240.901        3451.679           0.079
   -30.27     1404.38      258.94        5.42          173405.188             258.037        4580.684           0.080
   -29.40     1637.68      277.24        5.91          214060.922             276.174        5906.051           0.078
   -28.53     1884.16      290.15        6.49          262324.375             288.906        7440.449           0.052
   -27.66     2141.15      303.02        7.07          315376.250             301.551        9194.199           0.050
   -26.78     2409.13      314.82        7.65          374214.500             313.132       11176.674           0.044
   -25.91     2687.96      329.40        8.16          435791.219             327.504       13397.384           0.052
   -25.04     2979.79      343.84        8.67          502879.406             341.726       15866.717           0.049
   -24.17     3283.03      356.35        9.21          577124.625             354.041       18595.305           0.041
   -23.30     3596.39      367.17        9.79          658552.688             364.685       21592.539           0.035
   -22.43     3918.49      377.86       10.37          745368.312             375.188       24866.633           0.033
   -21.56     4250.69      389.16       10.92          837025.625             386.310       28425.797           0.034
   -20.68     4590.89      397.57       11.55          938163.000             394.521       32277.908           0.025
   -19.81     4938.79      408.16       12.10         1041222.812             404.928       36429.805           0.030
   -18.94     5297.84      424.21       12.49         1140698.375             420.816       40889.715           0.045
   -18.07     5670.98      439.69       12.90         1247563.750             436.101       45668.629           0.041
   -17.20     6060.08      461.31       13.14         1349574.500             457.540       50779.629           0.056
   -16.33     6467.30      480.97       13.45         1462798.750             477.024       56237.574           0.048
   -15.46     6890.35      497.74       13.84         1589020.875             493.609       62057.250           0.040
   -14.59     7327.53      514.11       14.25         1723004.625             509.825       68251.711           0.037
   -13.71     7778.75      530.14       14.67         1864875.750             525.702       74833.234           0.036
   -12.84     8245.65      553.19       14.91         1997649.625             548.612       81814.758           0.049
   -11.97     8737.02      583.91       14.96         2122106.500             579.235       89213.797           0.063
   -11.10     9257.18      611.51       15.14         2265987.500             606.706       97053.523           0.053
   -10.23     9790.26      620.71       15.77         2462965.250             615.647      105352.133           0.017
    -9.36    10329.38      627.13       16.47         2674735.750             621.776      114117.891           0.012
    -8.49    10873.79      633.16       17.17         2895237.500             627.515      123355.703           0.011
    -7.61    11422.73      638.42       17.89         3125653.500             632.448      133069.875           0.010
    -6.74    11975.97      643.67       18.61         3363591.750             637.380      143264.250           0.009
    -5.87    12533.54      648.78       19.32         3609535.250             642.176      153942.578           0.009
    -5.00    13094.97      653.40       20.04         3864708.250             646.450      165108.438           0.008
    -4.13    13660.13      658.01       20.76         4127263.250             650.723      176765.141           0.008
    -3.26    14229.00      662.63       21.47         4397151.000             654.997      188915.906           0.008
    -2.39    14801.75      667.79       22.17         4671827.500             659.841      201564.047           0.009
    -1.51    15378.97      673.30       22.84         4952210.500             665.028      214713.219           0.010
    -0.64    15964.41      700.17       22.80         5134662.000             691.555      228368.938           0.046
     0.23    16584.52      735.59       22.55         5294282.000             726.654      242549.891           0.057
     1.10    17263.03      912.03       18.93         4904358.500             902.823      257296.625           0.260
     1.97    18071.11      955.31       18.92         5131826.500             945.786      272691.062           0.054
     2.84    18970.44     1137.11       16.68         4954351.500            1127.438      288829.344           0.202
     3.71    19958.38     1149.92       17.36         5351687.000            1140.125      305789.906           0.013
     4.58    20955.92     1159.41       18.07         5773160.000            1149.453      323615.500           0.010
     5.46    21961.55     1168.57       18.79         6209581.500            1158.456      342313.812           0.009
     6.33    22970.99     1168.57       19.66         6692526.000            1158.456      361890.094           0.000
     7.20    23980.42     1168.57       20.52         7189829.500            1158.456      382345.938           0.000
     8.07    24989.86     1168.57       21.39         7701292.500            1158.456      403681.375           0.000
     8.94    25999.29     1168.57       22.25         8226715.500            1158.456      425896.375           0.000
     9.81    27008.73     1168.57       23.11         8765920.000            1158.456      448990.969           0.000
    10.68    28018.16     1168.57       23.98         9318730.000            1158.456      472965.156           0.000
    11.56    29027.60     1168.57       24.84         9884980.000            1158.456      497818.906           0.000
    12.43    30037.04     1168.57       25.70        10464513.000            1158.456      523552.281           0.000
    13.30    31046.47     1168.57       26.57        11057178.000            1158.456      550165.188           0.000
    14.17    32055.90     1168.57       27.43        11662831.000            1158.456      577657.688           0.000
    15.04    33065.34     1168.57       28.30        12281335.000            1158.456      606029.812           0.000
    15.91    34074.78     1168.57       29.16        12912559.000            1158.456      635281.500           0.000
    16.78    35084.21     1168.57       30.02        13556371.000            1158.456      665412.750           0.000
    17.65    36093.64     1168.57       30.89        14212653.000            1158.456      696423.625           0.000
    18.53    37103.08     1168.57       31.75        14881290.000            1158.456      728314.062           0.000
    19.40    38112.52     1168.57       32.61        15562163.000            1158.456      761084.062           0.000
    20.27    39121.95     1168.57       33.48        16255165.000            1158.456      794733.625           0.000
    21.14    40131.39     1168.57       34.34        16960196.000            1158.456      829262.812           0.000
    22.01    41140.82     1168.57       35.21        17677146.000            1158.456      864671.625           0.000
    22.88    42150.26     1168.57       36.07        18405924.000            1158.456      900960.000           0.000
    23.75    43159.69     1168.57       36.93        19146432.000            1158.456      938127.812           0.000
    24.63    44169.12     1168.57       37.80        19898572.000            1158.456      976175.375           0.000
    25.50    45178.56     1168.57       38.66        20662268.000            1158.456     1015102.500           0.000
    26.37    46188.00     1168.57       39.53        21437420.000            1158.456     1054909.250           0.000
    27.24    47197.43     1168.57       40.39        22223950.000            1158.456     1095595.500           0.000
    28.11    48206.87     1168.57       41.25        23021774.000            1158.456     1137161.250           0.000
    28.98    49216.30     1168.57       42.12        23830816.000            1158.456     1179606.750           0.000
    29.85    50225.74     1168.57       42.98        24650996.000            1158.456     1222931.750           0.000
    30.73    51235.18     1168.57       43.84        25482242.000            1158.456     1267136.375           0.000
    31.60    52244.61     1168.57       44.71        26324476.000            1158.456     1312220.500           0.000
    32.47    53254.05     1168.57       45.57        27177632.000            1158.456     1358184.375           0.000
    33.34    54263.48     1168.57       46.44        28041636.000            1158.456     1405027.750           0.000
    34.21    55272.91     1168.57       47.30        28916420.000            1158.456     1452750.500           0.000
    35.08    56282.35     1168.57       48.16        29801926.000            1158.456     1501353.250           0.000
    35.95    57291.79     1168.57       49.03        30698078.000            1158.456     1550835.250           0.000
    36.82    58301.22     1168.57       49.89        31604822.000            1158.456     1601197.000           0.000
    37.70    59310.66     1168.57       50.75        32522092.000            1158.456     1652438.250           0.000
    38.57    60320.09     1168.57       51.62        33449828.000            1158.456     1704559.000           0.000
    39.44    61329.53     1168.57       52.48        34387976.000            1158.456     1757559.625           0.000
    40.31    62338.96     1168.57       53.35        35336476.000            1158.456     1811439.500           0.000
    41.18    63348.40     1168.57       54.21        36295268.000            1158.456     1866199.250           0.000
    42.05    64357.83     1168.57       55.07        37264300.000            1158.456     1921838.375           0.000
    42.92    65367.27     1168.57       55.94        38243516.000            1158.456     1978357.125           0.000
    43.80    66376.70     1168.57       56.80        39232868.000            1158.456     2035755.625           0.000
    44.67    67386.14     1168.57       57.67        40232304.000            1158.456     2094033.500           0.000
    45.54    68395.57     1168.57       58.53        41241764.000            1158.456     2153190.750           0.000
    46.41    69405.01     1168.57       59.39        42261212.000            1158.456     2213228.250           0.000
    47.28    70414.45     1168.57       60.26        43290592.000            1158.456     2274144.750           0.000
    48.15    71423.88     1168.57       61.12        44329860.000            1158.456     2335941.250           0.000
    49.02    72433.31     1168.57       61.98        45378960.000            1158.456     2398617.000           0.000
