   210.286041      -32.5722084    
   241.590256      -32.5722084    
 NaN NaN
   206.165817      -31.6926174    
   258.386627      -31.6926174    
 NaN NaN
   202.714737      -30.8130264    
   273.477844      -30.8130264    
 NaN NaN
   199.416611      -29.9334335    
   285.073883      -29.9334335    
 NaN NaN
   196.181030      -29.0538425    
   294.918457      -29.0538425    
 NaN NaN
   192.833694      -28.1742496    
   305.435333      -28.1742496    
 NaN NaN
   188.148483      -27.2946587    
   315.879456      -27.2946587    
 NaN NaN
   181.139511      -26.4150658    
   326.419067      -26.4150658    
 NaN NaN
   165.497421      -25.5354748    
   337.471802      -25.5354748    
 NaN NaN
   158.137299      -24.6558819    
   348.517883      -24.6558819    
 NaN NaN
   155.312103      -23.7762909    
   358.883606      -23.7762909    
 NaN NaN
   152.537537      -22.8966980    
   372.471985      -22.8966980    
 NaN NaN
   149.821198      -22.0171070    
   385.313446      -22.0171070    
 NaN NaN
   147.631119      -21.1375141    
   399.463837      -21.1375141    
 NaN NaN
   145.441040      -20.2579231    
   462.118988      -20.2579231    
 NaN NaN
   143.362473      -19.3783302    
   474.639130      -19.3783302    
 NaN NaN
   141.276413      -18.4987392    
   484.767792      -18.4987392    
 NaN NaN
   138.606064      -17.6191483    
   494.007416      -17.6191483    
 NaN NaN
   135.935699      -16.7395554    
   505.087128      -16.7395554    
 NaN NaN
   133.345322      -15.8599634    
   517.690674      -15.8599634    
 NaN NaN
   130.371155      -14.9803715    
   528.649902      -14.9803715    
 NaN NaN
   127.306274      -14.1007795    
   538.585388      -14.1007795    
 NaN NaN
   124.241425      -13.2211876    
   547.141357      -13.2211876    
 NaN NaN
   121.154243      -12.3415966    
   553.824585      -12.3415966    
 NaN NaN
   118.063103      -11.4620047    
   562.987732      -11.4620047    
 NaN NaN
   114.990837      -10.5824127    
   574.422607      -10.5824127    
 NaN NaN
   111.887398      -9.70282078    
   582.554382      -9.70282078    
 NaN NaN
   108.689178      -8.82322884    
   590.077576      -8.82322884    
 NaN NaN
   105.142273      -7.94363689    
   597.853149      -7.94363689    
 NaN NaN
   102.199425      -7.06404495    
   608.444275      -7.06404495    
 NaN NaN
   100.639595      -6.18445301    
   621.151001      -6.18445301    
 NaN NaN
   99.0797729      -5.30486107    
   634.634949      -5.30486107    
 NaN NaN
   97.9748383      -4.42526913    
   644.098267      -4.42526913    
 NaN NaN
   96.9461746      -3.54567719    
   651.465027      -3.54567719    
 NaN NaN
   95.9175186      -2.66608548    
   658.302124      -2.66608548    
 NaN NaN
   94.8888550      -1.78649354    
   664.838135      -1.78649354    
 NaN NaN
   93.8601990     -0.906901658    
   671.493835     -0.906901658    
 NaN NaN
   92.8315353      -2.73097754E-02
   679.918274      -2.73097754E-02
 NaN NaN
   91.6858673      0.852282107    
   685.911011      0.852282107    
 NaN NaN
   90.4118423       1.73187399    
   690.053650       1.73187399    
 NaN NaN
   88.8237381       2.61146593    
   692.629028       2.61146593    
 NaN NaN
   87.2125015       3.49105787    
   695.204346       3.49105787    
 NaN NaN
   85.6012573       4.37064981    
   698.002014       4.37064981    
 NaN NaN
   800.865417       4.37064981    
   811.903748       4.37064981    
 NaN NaN
   83.9900131       5.25024128    
   702.745239       5.25024128    
 NaN NaN
   788.306702       5.25024128    
   819.396301       5.25024128    
 NaN NaN
   82.3787766       6.12983322    
   728.972046       6.12983322    
 NaN NaN
   781.172607       6.12983322    
   825.743713       6.12983322    
 NaN NaN
   833.280029       6.12983322    
   852.926636       6.12983322    
 NaN NaN
   856.944275       6.12983322    
   869.397766       6.12983322    
 NaN NaN
   23.9506378       7.00942516    
   55.1665077       7.00942516    
 NaN NaN
   67.4397354       7.00942516    
   876.957703       7.00942516    
 NaN NaN
   884.720154       7.00942516    
   909.553223       7.00942516    
 NaN NaN
   16.6741123       7.88901711    
   918.191101       7.88901711    
 NaN NaN
   11.3565645       8.76860905    
   922.226318       8.76860905    
 NaN NaN
   7.19378471       9.64820099    
   927.432129       9.64820099    
 NaN NaN
   0.00000000       10.5277929    
   931.093872       10.5277929    
 NaN NaN
   0.00000000       11.4073849    
   931.093872       11.4073849    
 NaN NaN
   0.00000000       12.2869768    
   931.093872       12.2869768    
 NaN NaN
   0.00000000       13.1665688    
   931.093872       13.1665688    
 NaN NaN
   0.00000000       14.0461607    
   931.093872       14.0461607    
 NaN NaN
   0.00000000       14.9257526    
   931.093872       14.9257526    
 NaN NaN
   0.00000000       15.8053436    
   931.093872       15.8053436    
 NaN NaN
   0.00000000       16.6849365    
   931.093872       16.6849365    
 NaN NaN
   0.00000000       17.5645275    
   931.093872       17.5645275    
 NaN NaN
   0.00000000       18.4441204    
   931.093872       18.4441204    
 NaN NaN
   0.00000000       19.3237114    
   931.093872       19.3237114    
 NaN NaN
   0.00000000       20.2033043    
   931.093872       20.2033043    
 NaN NaN
   0.00000000       21.0828953    
   931.093872       21.0828953    
 NaN NaN
   0.00000000       21.9624882    
   931.093872       21.9624882    
 NaN NaN
   0.00000000       22.8420792    
   931.093872       22.8420792    
 NaN NaN
   0.00000000       23.7216702    
   931.093872       23.7216702    
 NaN NaN
   0.00000000       24.6012630    
   931.093872       24.6012630    
 NaN NaN
   0.00000000       25.4808540    
   931.093872       25.4808540    
 NaN NaN
   0.00000000       26.3604469    
   931.093872       26.3604469    
 NaN NaN
   0.00000000       27.2400379    
   931.093872       27.2400379    
 NaN NaN
   0.00000000       28.1196308    
   931.093872       28.1196308    
 NaN NaN
   0.00000000       28.9992218    
   931.093872       28.9992218    
 NaN NaN
   0.00000000       29.8788147    
   931.093872       29.8788147    
 NaN NaN
   0.00000000       30.7584057    
   931.093872       30.7584057    
 NaN NaN
   0.00000000       31.6379986    
   931.093872       31.6379986    
 NaN NaN
   0.00000000       32.5175896    
   931.093872       32.5175896    
 NaN NaN
   0.00000000       33.3971825    
   931.093872       33.3971825    
 NaN NaN
   0.00000000       34.2767754    
   931.093872       34.2767754    
 NaN NaN
   0.00000000       35.1563644    
   931.093872       35.1563644    
 NaN NaN
   0.00000000       36.0359573    
   931.093872       36.0359573    
 NaN NaN
   0.00000000       36.9155502    
   931.093872       36.9155502    
 NaN NaN
   0.00000000       37.7951393    
   931.093872       37.7951393    
 NaN NaN
   0.00000000       38.6747322    
   931.093872       38.6747322    
 NaN NaN
   0.00000000       39.5543251    
   931.093872       39.5543251    
 NaN NaN
   0.00000000       40.4339180    
   931.093872       40.4339180    
 NaN NaN
   0.00000000       41.3135071    
   931.093872       41.3135071    
 NaN NaN
   0.00000000       42.1931000    
   931.093872       42.1931000    
 NaN NaN
   0.00000000       43.0726929    
   931.093872       43.0726929    
 NaN NaN
   0.00000000       43.9522858    
   931.093872       43.9522858    
 NaN NaN
   0.00000000       44.8318748    
   931.093872       44.8318748    
 NaN NaN
   0.00000000       45.7114677    
   931.093872       45.7114677    
 NaN NaN
   0.00000000       46.5910606    
   931.093872       46.5910606    
 NaN NaN
   0.00000000       47.4706535    
   931.093872       47.4706535    
 NaN NaN
   0.00000000       48.3502426    
   931.093872       48.3502426    
 NaN NaN
   0.00000000       49.2298355    
   931.093872       49.2298355    
 NaN NaN
   0.00000000       50.1094284    
   931.093872       50.1094284    
 NaN NaN
   0.00000000       50.9890213    
   931.093872       50.9890213    
 NaN NaN
   0.00000000       51.8686104    
   931.093872       51.8686104    
 NaN NaN
   0.00000000       52.7482033    
   931.093872       52.7482033    
 NaN NaN
   0.00000000       53.6277962    
   931.093872       53.6277962    
 NaN NaN
   0.00000000       54.5073853    
   931.093872       54.5073853    
 NaN NaN
