152.86	RS=152.86  
0	9.107423744
9.128760233	9.052560233
18.25447181	6.55929614
27.38323088	4.904232047
36.50894363	4.309872105
45.6377027	3.27964807
54.76341544	3.3528
63.89217451	4.172711872
73.01788726	3.224783977
82.14665098	3.6576
91.27236372	3.694175965
100.4011181	3.974591988
109.5268309	4.700016023
118.6555946	5.004816023
127.7813073	5.172455791
136.9100618	5.269992279
146.0357745	4.968239767
155.1645382	4.95909614
164.290251	5.120639767
173.4190147	5.522976256
178.7956726	5.955792279
182.5447274	6.257544209
191.6734726	5.93750386
200.7991853	1.911095994
209.927949	-10.28395251
219.0536618	-12.74368842
228.1824255	-15.09979228
237.3081382	-17.18157567
246.436902	-19.5072
255.5626147	-21.29332819
264.6913598	-23.33244093
273.8170726	-24.58821544
282.9458363	-24.92654363
292.0746	-24.41143088
301.2003127	-23.90546409
310.3290765	-23.63419228
319.4547706	-23.43607181
328.5835529	-23.28672047
337.7092471	-23.15870502
346.8380294	-23.18004093
355.9637235	-23.3172
365.0925059	-23.38120772
374.2182	-23.57323088
383.3469451	-23.66467181
392.4726765	-23.71344093
401.6014216	-23.58237684
410.7271529	-23.30805637
419.855898	-22.95448726
428.9846804	-22.53691274
438.1103745	-22.04618456
447.2391196	-21.76881544
456.364851	-21.53412047
465.4935961	-21.15616912
474.6193274	-20.60752819
483.7480726	-20.17471274
492.8738039	-19.81504865
502.002549	-19.46452819
511.1282804	-19.10181544
520.2570255	-18.99818456
529.3827196	-18.86407181
538.511502	-18.78482433
547.6402471	-18.69643205
556.7659784	-18.60499228
565.8947235	-18.31847953
575.0204549	-17.6784
584.1492	-17.28825637
593.2748941	-17.00479228
602.4036765	-16.64817567
611.5293706	-16.33727953
620.6581529	-15.89532047
629.7838471	-15.40459228
638.9125922	-14.77365637
648.0383607	-14.46276023
657.1671059	-14.14576795
666.295851	-13.70076023
675.4215451	-13.47825637
684.5502902	-13.27403977
693.6760588	-13.1064
702.8048039	-12.95095251
711.930498	-12.91132819
721.0592432	-12.86560772
730.1850117	-12.58214363
739.3137568	-12.01521544
748.442502	-11.09776795
757.5681961	-9.701783977
766.6969412	-7.15975193
775.8227098	-5.391912163
784.9514549	-3.928872105
794.077149	-2.73710386
803.2058941	-1.67944807
812.3315883	1.950720029
821.4604078	3.2004
830.586102	4.779264093
839.7148471	4.440935907
848.8435922	4.41350386
857.9693607	4.538472105
867.0981059	5.041392279
871.1610393	5.0292
876.2238	5.017007721
885.3525451	5.623560233
894.4782393	5.757671814
903.6070588	5.745480116
912.7327529	5.977128186
921.861498	5.86130386
930.9902432	5.48030386
940.1160117	3.444240058
994.8824549	3.444240058
1004.008149	3.572256081
1013.136894	5.40410386
1022.262588	6.044183977
1031.391408	5.849112163
1040.517102	6.059423744
1049.645847	5.839967953
1058.771541	5.71804807
1067.900361	5.590032047
1077.029106	5.7912
1086.1548	6.117335907
1095.283545	6.455664093
1104.409239	6.544055791
1113.538059	6.291071814
1122.663753	6.09904807
1131.792498	5.815583977
1140.921243	5.855207721
1150.047012	5.900928186
1159.175757	6.01675193
1168.301451	6.336792279
1177.430196	6.534912163
1186.55589	6.534912163
1195.68471	6.504432047
1204.813455	6.531864093
1213.939149	6.693407721
1223.067894	6.065519884
1232.193588	5.843016023
1241.322408	5.983223744
1250.448102	5.93750386
1259.576921	5.843016023
1268.705592	5.666232047
1277.831286	5.620512163
1286.960106	5.647944209
1296.0858	6.02284807
1305.21462	6.31850386
1314.340314	5.522976256
1323.468984	5.145023744
1332.597804	4.922519884
1341.723498	4.328159942
1350.852318	4.087367953
1359.978012	4.770119884
1369.106682	5.78510386
1378.235502	7.793735907
1387.361196	9.360407721
1396.490016	9.262871814
1405.61571	7.178039767
	
