 Elev(m)    Area(m2)     Peri(m)      Radi(m)   Conv(m3/s)    topWidth(m)    newI1(m3)    dPdA(1/m)
   -41.50        0.00        0.00         NaN                 NaN               0.000           0.000             NaN
   -40.51       13.60       22.78        0.60             385.870              22.671           6.715           1.675
   -39.52       41.28       33.62        1.23            1893.052              33.328          33.805           0.392
   -38.54       79.13       43.71        1.81            4701.516              43.224          93.240           0.267
   -37.55      126.47       53.21        2.38            9009.817              52.514         194.730           0.201
   -36.56      182.62       62.11        2.94           14991.939              61.192         347.303           0.159
   -35.58      247.24       70.74        3.50           22777.771              69.588         559.494           0.133
   -34.59      319.88       78.71        4.06           32584.273              77.301         839.437           0.110
   -33.60      399.56       86.06        4.64           44477.406              84.348        1194.565           0.092
   -32.61      486.85       94.68        5.14           58016.414              92.676        1632.117           0.099
   -31.63      583.11      104.71        5.57           73280.992             102.434        2160.274           0.104
   -30.64      688.77      114.10        6.04           91340.070             111.544        2788.105           0.089
   -29.65      803.18      122.88        6.54          112314.602             120.016        3524.570           0.077
   -28.66      925.59      131.20        7.06          136190.750             128.023        4377.936           0.068
   -27.68     1056.29      140.26        7.53          162334.406             136.786        5356.241           0.069
   -26.69     1196.13      150.68        7.94          190391.062             146.919        6468.089           0.075
   -25.70     1347.86      166.09        8.12          217720.031             162.047        7723.860           0.102
   -24.72     1517.76      186.51        8.14          245624.266             182.187        9138.394           0.120
   -23.73     1705.68      204.01        8.36          281050.031             199.418       10729.562           0.093
   -22.74     1909.25      217.63        8.77          324852.156             212.747       12513.979           0.067
   -21.75     2126.01      231.96        9.17          372443.406             226.791       14505.881           0.066
   -20.77     2358.42      250.80        9.40          420279.188             245.405       16719.502           0.081
   -19.78     2610.04      270.38        9.65          473323.688             264.755       19172.053           0.078
   -18.79     2881.53      290.46        9.92          532154.688             284.619       21882.818           0.074
   -17.80     3170.86      307.28       10.32          601175.312             301.217       24870.424           0.058
   -16.82     3479.52      330.81       10.52          668155.250             324.652       28153.213           0.076
   -15.83     3814.58      359.86       10.60          736296.750             353.631       31753.758           0.087
   -14.84     4177.39      390.14       10.71          811744.125             383.841       35698.785           0.083
   -13.86     4572.71      421.63       10.85          896182.000             415.241       40018.043           0.080
   -12.87     4993.68      443.28       11.27         1003787.625             436.777       44740.238           0.051
   -11.88     5434.32      463.18       11.73         1122360.125             456.522       49887.746           0.045
   -10.89     5902.06      497.78       11.86         1227551.250             490.953       55483.645           0.074
    -9.91     6407.30      542.72       11.81         1328831.625             535.725       61559.840           0.089
    -8.92     6962.81      597.43       11.65         1431678.250             590.290       68159.641           0.098
    -7.93     7554.91      615.30       12.28         1608358.875             608.005       75325.938           0.030
    -6.94     8162.67      630.69       12.94         1799857.375             623.223       83084.508           0.025
    -5.96     8786.39      648.11       13.56         1998234.875             640.496       91450.961           0.028
    -4.97     9426.92      665.09       14.17         2208468.000             657.327      100441.484           0.027
    -3.98    10084.69      683.33       14.76         2427033.000             675.434      110072.875           0.028
    -3.00    10759.46      698.83       15.40         2663559.500             690.780      120362.039           0.023
    -2.01    11448.04      712.33       16.07         2916260.250             704.107      131324.188           0.020
    -1.02    12149.32      725.39       16.75         3181249.750             717.006      142972.406           0.019
    -0.03    12864.50      741.15       17.36         3449675.000             732.610      155319.812           0.022
     0.95    13592.73      750.89       18.10         3748460.750             742.136      168379.719           0.013
     1.94    14330.47      761.37       18.82         4055991.000             752.403      182163.266           0.014
     2.93    15080.53      778.79       19.36         4349839.000             769.669      196681.234           0.023
     3.91    15883.30      906.09       17.53         4287277.000             896.911      211965.703           0.159
     4.90    16805.84      965.69       17.40         4514415.500             956.459      228101.828           0.065
     5.89    17781.41     1010.23       17.60         4812729.500            1000.857      245174.922           0.046
     6.88    18779.22     1027.96       18.27         5210413.500            1018.475      263222.094           0.018
     7.86    19787.89     1034.47       19.13         5661277.500            1024.908      282259.750           0.006
     8.85    20799.72     1034.47       20.11         6151929.000            1024.908      302294.750           0.000
     9.84    21811.56     1034.47       21.08         6658760.000            1024.908      323328.688          -0.000
    10.83    22823.40     1034.47       22.06         7181513.000            1024.908      345361.531           0.000
    11.81    23835.24     1034.47       23.04         7719951.500            1024.908      368393.344          -0.000
    12.80    24847.08     1034.47       24.02         8273847.500            1024.908      392424.094           0.000
    13.79    25858.91     1034.47       25.00         8842991.000            1024.908      417453.750          -0.000
    14.77    26870.75     1034.47       25.98         9427180.000            1024.908      443482.375           0.000
    15.76    27882.59     1034.47       26.95        10026219.000            1024.908      470509.906           0.000
    16.75    28894.43     1034.47       27.93        10639933.000            1024.908      498536.406          -0.000
    17.74    29906.27     1034.47       28.91        11268144.000            1024.908      527561.812           0.000
    18.72    30918.10     1034.47       29.89        11910687.000            1024.908      557586.125          -0.000
    19.71    31929.94     1034.47       30.87        12567403.000            1024.908      588609.375           0.000
    20.70    32941.78     1034.47       31.84        13238145.000            1024.908      620631.625          -0.000
    21.69    33953.62     1034.47       32.82        13922764.000            1024.908      653652.750           0.000
    22.67    34965.46     1034.47       33.80        14621124.000            1024.908      687672.875          -0.000
    23.66    35977.29     1034.47       34.78        15333084.000            1024.908      722691.875           0.000
    24.65    36989.13     1034.47       35.76        16058525.000            1024.908      758709.875          -0.000
    25.63    38000.97     1034.47       36.73        16797314.000            1024.908      795726.688           0.000
    26.62    39012.80     1034.47       37.71        17549336.000            1024.908      833742.500          -0.000
    27.61    40024.64     1034.47       38.69        18314476.000            1024.908      872757.250           0.000
    28.60    41036.48     1034.47       39.67        19092622.000            1024.908      912770.938          -0.000
    29.58    42048.32     1034.47       40.65        19883666.000            1024.908      953783.562           0.000
    30.57    43060.16     1034.47       41.63        20687508.000            1024.908      995795.125          -0.000
    31.56    44072.00     1034.47       42.60        21504034.000            1024.908     1038805.562           0.000
    32.55    45083.83     1034.47       43.58        22333154.000            1024.908     1082815.000           0.000
    33.53    46095.67     1034.47       44.56        23174782.000            1024.908     1127823.375          -0.000
    34.52    47107.51     1034.47       45.54        24028810.000            1024.908     1173830.625           0.000
    35.51    48119.35     1034.47       46.52        24895162.000            1024.908     1220836.875          -0.000
    36.49    49131.19     1034.47       47.49        25773742.000            1024.908     1268842.125           0.000
    37.48    50143.02     1034.47       48.47        26664468.000            1024.908     1317846.125          -0.000
    38.47    51154.86     1034.47       49.45        27567260.000            1024.908     1367849.250           0.000
    39.46    52166.70     1034.47       50.43        28482036.000            1024.908     1418851.250          -0.000
    40.44    53178.54     1034.47       51.41        29408716.000            1024.908     1470852.125           0.000
    41.43    54190.37     1034.47       52.38        30347222.000            1024.908     1523851.750          -0.000
    42.42    55202.21     1034.47       53.36        31297488.000            1024.908     1577850.500           0.000
    43.40    56214.05     1034.47       54.34        32259440.000            1024.908     1632848.250          -0.000
    44.39    57225.89     1034.47       55.32        33233004.000            1024.908     1688844.875           0.000
    45.38    58237.73     1034.47       56.30        34218116.000            1024.908     1745840.500          -0.000
    46.37    59249.56     1034.47       57.28        35214696.000            1024.908     1803835.000           0.000
    47.35    60261.40     1034.47       58.25        36222700.000            1024.908     1862828.375          -0.000
    48.34    61273.24     1034.47       59.23        37242040.000            1024.908     1922820.750           0.000
    49.33    62285.08     1034.47       60.21        38272668.000            1024.908     1983812.125           0.000
    50.32    63296.91     1034.47       61.19        39314520.000            1024.908     2045802.375          -0.000
    51.30    64308.75     1034.47       62.17        40367532.000            1024.908     2108791.500           0.000
    52.29    65320.59     1034.47       63.14        41431652.000            1024.908     2172779.750          -0.000
    53.28    66332.43     1034.47       64.12        42506812.000            1024.908     2237766.500           0.000
    54.26    67344.27     1034.47       65.10        43592972.000            1024.908     2303752.500          -0.000
    55.25    68356.10     1034.47       66.08        44690052.000            1024.908     2370737.500           0.000
    56.24    69367.94     1034.47       67.06        45798020.000            1024.908     2438721.250          -0.000
    57.23    70379.78     1034.47       68.03        46916816.000            1024.908     2507704.000           0.000
