 Elev(m)    dbdxp(-)    dbdxc(-)      I2p     I2c
  -18.8600006       0.00000000       0.00000000       0.00000000       0.00000000    
  -18.2900009     -0.696724772      -2.01369002E-02  -5.65914102E-02  -1.63561793E-03
  -17.7199993     -0.975887477      -3.18699442E-02 -0.305632383      -9.13111586E-03
  -17.1499996      -1.13219237      -8.89511481E-02 -0.861759365      -3.06645371E-02
  -16.5799999      -1.07394588      -8.77731815E-02  -1.76830840      -7.63660595E-02
  -16.0100002      -1.02058172      -6.74036518E-02  -3.02417850     -0.149026230    
  -15.4399996     -0.967778027      -7.99165815E-02  -4.61168337     -0.246256828    
  -14.8800001     -0.648363829     -0.355706781      -6.46127605     -0.388921052    
  -14.3100004     -0.592386842     -0.365263104      -8.57360458     -0.627445281    
  -13.7399998     -0.549791574     -0.356768936      -10.8794899     -0.983177662    
  -13.1700001     -0.512320399     -0.336536735      -13.3644152      -1.45387018    
  -12.6000004     -0.480234236     -0.275106072      -16.0162296      -2.03055716    
  -12.0299997     -0.445639640     -0.220553443      -18.8238735      -2.69718552    
  -11.4600000     -0.420207590     -0.187005818      -21.7770462      -3.43717694    
  -10.8900003     -0.396551281     -0.176125884      -24.8668861      -4.23976755    
  -10.3199997     -0.261181355     -0.286765516      -28.0764999      -5.10945320    
  -9.75000000     -0.245257050     -0.274490833      -31.3806648      -6.06232357    
  -9.18000031     -0.231924951     -0.259818017      -34.7647247      -7.10418177    
  -8.60999966     -0.223986506     -0.238903463      -38.2245827      -8.22994900    
  -8.03999996     -0.213388041     -0.218856931      -41.7569923      -9.43340492    
  -7.46999979     -0.203119606     -0.155815110      -45.3587608      -10.7044754    
  -6.90000010     -0.193006650      -2.27746870E-02  -49.0265312      -12.0204840    
  -6.32999992     -0.179061905      -1.42182661E-02  -52.7567024      -13.3540049    
  -5.76000023     -0.162331641      -1.63037460E-02  -56.5448189      -14.6930084    
  -5.19000006     -0.135145634      -3.32776792E-02  -60.3848343      -16.0385189    
  -4.61999989     -0.102639094      -6.04129620E-02  -64.2683258      -17.3956661    
  -4.05000019      -7.54482821E-02  -8.40355307E-02  -68.1855927      -18.7721558    
  -3.48000002      -5.38288020E-02 -0.103676610      -72.1278229      -20.1756268    
  -2.91000009      -3.00459377E-02 -0.105975926      -76.0873718      -21.6113720    
  -2.33999991      -1.90146565E-02  -6.41023740E-02  -80.0577164      -23.0779629    
  -1.76999998      -1.11032231E-02  -6.24513626E-02  -84.0344925      -24.5686474    
  -1.20000005      -7.48011330E-03  -6.38056546E-02  -88.0152283      -26.0798645    
 -0.629999995      -5.61725441E-03  -6.44783303E-02  -91.9985352      -27.6117573    
  -5.99999987E-02  -3.27948062E-03  -6.48080334E-02  -95.9836273      -29.1645718    
  0.509999990      -4.00154997E-04  -6.05966263E-02  -99.9697418      -30.7380733    
   1.08000004      -1.46419590E-03  -4.64413501E-02  -103.956299      -32.3304558    
   1.64999998      -3.65924672E-03  -3.95384282E-02  -107.943436      -33.9385147    
   2.22000003      -1.34869143E-02  -3.81965674E-02  -111.932373      -35.5598717    
   2.78999996      -2.86124088E-02  -3.77509929E-02  -115.926125      -37.1937141    
   3.35999990      -3.13553102E-02  -3.65533456E-02  -119.928169      -38.8397560    
   3.93000007      -5.33676483E-02  -3.34610119E-02  -123.941963      -40.4975243    
   4.50000000     -0.133879200      -3.54132205E-02  -127.977852      -42.1665726    
   5.07000017     -0.204642802      -3.78497876E-02  -132.056442      -43.8471642    
   5.63999987     -0.127607167     -0.134453565      -136.189514      -45.5477028    
   6.21000004      -4.84978221E-02 -0.187595770      -140.363876      -47.2883987    
   6.78000021      -2.55676489E-02 -0.139514357      -144.558563      -49.0818176    
   7.34999990      -1.86173189E-02  -8.02380368E-02  -148.762863      -50.9196587    
   7.92000008      -3.31994370E-02  -3.36649045E-02  -152.974945      -52.7845993    
   8.48999977      -3.41839120E-02  -2.39532702E-02  -157.196716      -54.6634712    
   9.06000042      -9.98083316E-03  -2.62832530E-02  -161.427551      -56.5511055    
   9.63000011       3.01735755E-02  -4.23138216E-02  -165.660324      -58.4483910    
   10.1999998       3.01735755E-02  -1.27303656E-02  -169.886566      -60.3557167    
   10.7700005       3.01735755E-02   3.01815327E-02  -174.102997      -62.2661018    
   11.3400002       3.01735755E-02   3.01815327E-02  -178.309631      -64.1701584    
   11.9099998       3.01735755E-02   3.01815327E-02  -182.506454      -66.0644150    
   12.4799995       3.01735755E-02   3.01815327E-02  -186.693481      -67.9488678    
   13.0500002       3.01735755E-02   3.01815327E-02  -190.870697      -69.8235092    
   13.6199999       3.01735755E-02   3.01815327E-02  -195.038116      -71.6883469    
   14.1899996       3.01735755E-02   3.01815327E-02  -199.195724      -73.5433731    
   14.7600002       3.01735755E-02   3.01815327E-02  -203.343536      -75.3886032    
   15.3299999       3.01735755E-02   3.01815327E-02  -207.481537      -77.2240219    
   15.8999996       3.01735755E-02   3.01815327E-02  -211.609741      -79.0496368    
   16.4699993       3.01735755E-02   3.01815327E-02  -215.728134      -80.8654404    
   17.0400009       3.01735755E-02   3.01815327E-02  -219.836746      -82.6714478    
   17.6100006       3.01735755E-02   3.01815327E-02  -223.935532      -84.4676437    
   18.1800003       3.01735755E-02   3.01815327E-02  -228.024521      -86.2540283    
   18.7500000       3.01735755E-02   3.01815327E-02  -232.103714      -88.0306168    
   19.3199997       3.01735755E-02   3.01815327E-02  -236.173096      -89.7973938    
   19.8899994       3.01735755E-02   3.01815327E-02  -240.232666      -91.5543594    
   20.4599991       3.01735755E-02   3.01815327E-02  -244.282440      -93.3015289    
   21.0300007       3.01735755E-02   3.01815327E-02  -248.322418      -95.0388870    
   21.6000004       3.01735755E-02   3.01815327E-02  -252.352585      -96.7664413    
   22.1700001       3.01735755E-02   3.01815327E-02  -256.372955      -98.4841919    
   22.7399998       3.01735755E-02   3.01815327E-02  -260.383514      -100.192131    
   23.3099995       3.01735755E-02   3.01815327E-02  -264.384277      -101.890266    
   23.8700008       3.01735755E-02   3.01815327E-02  -268.305145      -103.548897    
   24.4400005       3.01735755E-02   3.01815327E-02  -272.286285      -105.227417    
   25.0100002       3.01735755E-02   3.01815327E-02  -276.257629      -106.896133    
   25.5799999       3.01735755E-02   3.01815327E-02  -280.219177      -108.555046    
   26.1499996       3.01735755E-02   3.01815327E-02  -284.170898      -110.204147    
   26.7199993       3.01735755E-02   3.01815327E-02  -288.112854      -111.843452    
   27.2900009       3.01735755E-02   3.01815327E-02  -292.044983      -113.472946    
   27.8600006       3.01735755E-02   3.01815327E-02  -295.967316      -115.092636    
   28.4300003       3.01735755E-02   3.01815327E-02  -299.879852      -116.702515    
   29.0000000       3.01735755E-02   3.01815327E-02  -303.782562      -118.302589    
   29.5699997       3.01735755E-02   3.01815327E-02  -307.675476      -119.892860    
   30.1399994       3.01735755E-02   3.01815327E-02  -311.558594      -121.473320    
   30.7099991       3.01735755E-02   3.01815327E-02  -315.431915      -123.043983    
   31.2800007       3.01735755E-02   3.01815327E-02  -319.295441      -124.604836    
   31.8500004       3.01735755E-02   3.01815327E-02  -323.149139      -126.155884    
   32.4199982       3.01735755E-02   3.01815327E-02  -326.993042      -127.697113    
   32.9900017       3.01735755E-02   3.01815327E-02  -330.827148      -129.228561    
   33.5600014       3.01735755E-02   3.01815327E-02  -334.651459      -130.750183    
   34.1300011       3.01735755E-02   3.01815327E-02  -338.465942      -132.262009    
   34.7000008       3.01735755E-02   3.01815327E-02  -342.270630      -133.764023    
   35.2700005       3.01735755E-02   3.01815327E-02  -346.065521      -135.256241    
   35.8400002       3.01735755E-02   3.01815327E-02  -349.850616      -136.738632    
   36.4099998       3.01735755E-02   3.01815327E-02  -353.625885      -138.211243    
   36.9799995       3.01735755E-02   3.01815327E-02  -357.391357      -139.674026    
   37.5499992       3.01735755E-02   3.01815327E-02  -361.147034      -141.127014    
   38.1199989       3.01735755E-02   3.01815327E-02  -364.892883      -142.570190    
