 Elev(m)    Area(m2)     Peri(m)      Radi(m)   Conv(m3/s)    topWidth(m)    newI1(m3)    dPdA(1/m)
   -31.60        0.00        0.00         NaN                 NaN               0.000           0.000             NaN
   -30.82       19.37       40.17        0.48             476.523              40.138           7.596           2.074
   -30.03       60.65       65.27        0.93            2309.990              65.180          38.972           0.608
   -29.25      122.16       92.67        1.32            5875.138              92.517         110.652           0.445
   -28.46      208.56      130.13        1.60           11425.021             129.941         240.328           0.434
   -27.68      321.03      154.26        2.08           20932.277             154.005         447.980           0.214
   -26.90      448.53      171.57        2.61           34047.574             171.248         749.723           0.136
   -26.11      591.30      193.93        3.05           49733.227             193.532        1157.436           0.157
   -25.33      749.39      209.40        3.58           70133.133             208.903        1683.112           0.098
   -24.54      917.73      220.65        4.16           94941.570             220.013        2336.781           0.067
   -23.76     1094.50      231.67        4.72          123264.852             230.872        3125.765           0.062
   -22.98     1281.26      245.55        5.22          154178.188             244.602        4057.285           0.074
   -22.19     1478.43      262.18        5.64          187351.891             261.078        5139.344           0.084
   -21.41     1689.73      278.35        6.07          224920.578             277.088        6381.562           0.077
   -20.62     1914.46      298.96        6.40          264076.094             297.578        7794.745           0.092
   -19.84     2155.77      318.99        6.76          308235.688             317.487        9390.660           0.083
   -19.05     2414.38      344.54        7.01          353651.562             342.931       11182.590           0.099
   -18.27     2692.67      367.25        7.33          406498.719             365.555       13185.038           0.082
   -17.49     2988.35      391.15        7.64          463681.594             389.391       15412.536           0.081
   -16.70     3304.66      418.46        7.90          524207.062             416.647       17879.990           0.086
   -15.92     3638.66      435.46        8.36          599327.500             433.569       20602.426           0.051
   -15.13     3985.20      452.98        8.80          679347.688             451.010       23591.701           0.051
   -14.35     4345.25      469.12        9.26          766593.500             467.032       26858.025           0.045
   -13.57     4717.36      483.73        9.75          861305.688             481.528       30411.426           0.039
   -12.78     5100.21      497.12       10.26          963234.000             494.803       34260.844           0.035
   -12.00     5493.01      509.43       10.78         1072388.625             506.984       38414.391           0.031
   -11.21     5895.22      521.30       11.31         1188050.250             518.714       42879.656           0.030
   -10.43     6306.20      531.63       11.86         1311999.500             528.899       47663.770           0.025
    -9.64     6724.11      539.80       12.46         1445311.000             536.910       52772.887           0.020
    -8.86     7148.27      548.05       13.04         1584344.625             544.990       58212.172           0.019
    -8.08     7578.92      556.55       13.62         1728772.375             553.326       63986.633           0.020
    -7.29     8016.00      564.65       14.20         1879913.125             561.261       70101.320           0.019
    -6.51     8459.23      572.67       14.77         2037079.500             569.123       76561.172           0.018
    -5.72     8908.16      579.44       15.37         2203111.000             575.702       83370.828           0.015
    -4.94     9362.31      586.60       15.96         2373940.250             582.680       90534.586           0.016
    -4.16     9821.45      592.40       16.58         2554311.250             588.266       98056.438           0.013
    -3.37    10284.96      598.14       17.19         2740705.500             593.782      105940.055           0.012
    -2.59    10752.69      603.68       17.81         2933504.000             599.090      114188.812           0.012
    -1.80    11224.31      608.35       18.45         3134907.250             603.465      122805.875           0.010
    -1.02    11699.04      612.61       19.10         3343406.750             607.390      131794.000           0.009
    -0.23    12177.33      620.71       19.62         3543129.000             615.156      141155.797           0.017
     0.55    12667.87      644.65       19.65         3689907.750             638.639      150897.469           0.049
     1.33    13179.57      672.33       19.60         3832709.500             665.773      161032.109           0.054
     2.12    13710.62      692.43       19.80         4013947.750             685.343      171575.609           0.038
     2.90    14314.63      862.15       16.60         3726548.500             854.547      182564.156           0.281
     3.69    15012.12      926.79       16.20         3844217.000             918.792      194063.016           0.093
     4.47    15767.19     1040.13       15.16         3863001.750            1031.896      206131.422           0.150
     5.26    16599.57     1102.00       15.06         4049794.000            1093.573      218822.266           0.074
     6.04    17469.65     1128.17       15.48         4341265.000            1119.594      232180.625           0.030
     6.82    18351.86     1139.35       16.11         4681893.500            1130.658      246226.047           0.013
     7.61    19242.29     1147.58       16.77         5042349.000            1138.812      260966.516           0.009
     8.39    20135.33     1147.58       17.55         5438382.500            1138.812      276406.281           0.000
     9.18    21028.38     1147.58       18.32         5846302.500            1138.812      292546.344           0.000
     9.96    21921.42     1147.58       19.10         6265940.000            1138.812      309386.719           0.000
    10.74    22814.46     1147.58       19.88         6697132.500            1138.812      326927.438           0.000
    11.53    23707.51     1147.58       20.66         7139727.000            1138.812      345168.438          -0.000
    12.31    24600.55     1147.58       21.44         7593579.500            1138.812      364109.781           0.000
    13.10    25493.60     1147.58       22.22         8058551.000            1138.812      383751.438           0.000
    13.88    26386.64     1147.58       22.99         8534509.000            1138.812      404093.406           0.000
    14.67    27279.69     1147.58       23.77         9021332.000            1138.812      425135.688           0.000
    15.45    28172.73     1147.58       24.55         9518897.000            1138.812      446878.281           0.000
    16.23    29065.78     1147.58       25.33        10027090.000            1138.812      469321.219           0.000
    17.02    29958.82     1147.58       26.11        10545800.000            1138.812      492464.438           0.000
    17.80    30851.86     1147.58       26.88        11074924.000            1138.812      516307.969           0.000
    18.59    31744.91     1147.58       27.66        11614357.000            1138.812      540851.812           0.000
    19.37    32637.95     1147.58       28.44        12164004.000            1138.812      566096.000           0.000
    20.15    33531.00     1147.58       29.22        12723771.000            1138.812      592040.500           0.000
    20.94    34424.04     1147.58       30.00        13293565.000            1138.812      618685.312          -0.000
    21.72    35317.08     1147.58       30.78        13873301.000            1138.812      646030.438           0.000
    22.51    36210.13     1147.58       31.55        14462894.000            1138.812      674075.875           0.000
    23.29    37103.18     1147.58       32.33        15062262.000            1138.812      702821.688           0.000
    24.08    37996.22     1147.58       33.11        15671325.000            1138.812      732267.750           0.000
    24.86    38889.26     1147.58       33.89        16290007.000            1138.812      762414.125           0.000
    25.64    39782.30     1147.58       34.67        16918232.000            1138.812      793260.812           0.000
    26.43    40675.35     1147.58       35.44        17555932.000            1138.812      824807.812           0.000
    27.21    41568.39     1147.58       36.22        18203036.000            1138.812      857055.188           0.000
    28.00    42461.44     1147.58       37.00        18859474.000            1138.812      890002.812           0.000
    28.78    43354.48     1147.58       37.78        19525184.000            1138.812      923650.750           0.000
    29.57    44247.53     1147.58       38.56        20200096.000            1138.812      957999.062           0.000
    30.35    45140.57     1147.58       39.34        20884152.000            1138.812      993047.625           0.000
    31.13    46033.61     1147.58       40.11        21577290.000            1138.812     1028796.562          -0.000
    31.92    46926.66     1147.58       40.89        22279452.000            1138.812     1065245.875           0.000
    32.70    47819.70     1147.58       41.67        22990578.000            1138.812     1102395.250           0.000
    33.49    48712.75     1147.58       42.45        23710616.000            1138.812     1140245.250           0.000
    34.27    49605.79     1147.58       43.23        24439506.000            1138.812     1178795.375           0.000
    35.05    50498.84     1147.58       44.00        25177196.000            1138.812     1218045.875           0.000
    35.84    51391.88     1147.58       44.78        25923638.000            1138.812     1257996.750           0.000
    36.62    52284.93     1147.58       45.56        26678776.000            1138.812     1298647.875           0.000
    37.41    53177.97     1147.58       46.34        27442566.000            1138.812     1339999.375           0.000
    38.19    54071.02     1147.58       47.12        28214950.000            1138.812     1382051.000           0.000
    38.98    54964.06     1147.58       47.90        28995888.000            1138.812     1424803.125           0.000
    39.76    55857.10     1147.58       48.67        29785328.000            1138.812     1468255.500           0.000
    40.54    56750.15     1147.58       49.45        30583238.000            1138.812     1512408.250          -0.000
    41.33    57643.19     1147.58       50.23        31389554.000            1138.812     1557261.125           0.000
    42.11    58536.24     1147.58       51.01        32204244.000            1138.812     1602814.625           0.000
    42.90    59429.28     1147.58       51.79        33027256.000            1138.812     1649068.125           0.000
    43.68    60322.32     1147.58       52.56        33858564.000            1138.812     1696022.250           0.000
    44.46    61215.37     1147.58       53.34        34698116.000            1138.812     1743676.625           0.000
    45.25    62108.41     1147.58       54.12        35545868.000            1138.812     1792031.125           0.000
    46.03    63001.46     1147.58       54.90        36401792.000            1138.812     1841086.125           0.000
    46.82    63894.50     1147.58       55.68        37265840.000            1138.812     1890841.250           0.000
