 Elev(m)    dbdxp(-)    dbdxc(-)      I2p     I2c
  -38.2500000       0.00000000       0.00000000       0.00000000       0.00000000    
  -37.3400002       2.00431962E-02  -1.12379221E-02   4.14944114E-03  -2.32652994E-03
  -36.4300003       1.11352559E-02   9.48908087E-03   1.89030413E-02  -7.34164380E-03
  -35.5099983       9.51309688E-03   2.20656376E-02   4.46191877E-02  -6.24530064E-03
  -34.5999985       6.56276569E-03   3.77632827E-02   7.77050555E-02   1.38288373E-02
  -33.6899986       2.06799735E-03   4.65198793E-02  0.115905814       6.37377650E-02
  -32.7799988       1.22269336E-02   4.69551980E-02  0.158852756      0.150447085    
  -31.8600006       3.62561494E-02   4.88630608E-02  0.215300694      0.277510166    
  -30.9500008       3.26972194E-02   4.99683022E-02  0.295556545      0.443705231    
  -30.0400009       3.39916646E-02   5.01151644E-02  0.403893709      0.651080668    
  -29.1299992       3.94049659E-02   5.05490713E-02  0.541232288      0.900016308    
  -28.2199993       3.65585238E-02   5.81684187E-02  0.709491909       1.19229877    
  -27.2999992       3.16268876E-02   6.48392290E-02  0.909615815       1.53601336    
  -26.3899994       4.20895778E-02   6.53421357E-02   1.13709509       1.92868507    
  -25.4799995       4.14232984E-02   7.51953647E-02   1.39712477       2.37740231    
  -24.5699997       3.16918306E-02   9.55402032E-02   1.68958032       2.89056110    
  -23.6599998       4.05096859E-02  0.102762312       2.01212001       3.48011971    
  -22.7399998       5.17219193E-02  0.102096252       2.37241030       4.16007280    
  -21.8299999       5.66331148E-02   9.93137509E-02   2.77051830       4.91720343    
  -20.9200001       5.12437671E-02  0.103708737       3.21339154       5.75806189    
  -20.0100002       5.05740792E-02  0.109093077       3.69967699       6.68500614    
  -19.1000004       4.66073714E-02  0.114030331       4.22715998       7.70219803    
  -18.1800003       3.73438373E-02  0.115877323       4.79816008       8.82486439    
  -17.2700005       2.86887717E-02  0.119323157       5.39419270       10.0321341    
  -16.3600006       2.48759110E-02  0.123017155       6.01498461       11.3382664    
  -15.4499998       2.58424338E-02  0.126370534       6.65736675       12.7461996    
  -14.5400000       4.89149764E-02  0.117248051       7.32572460       14.2561970    
  -13.6199999       8.12372118E-02   9.98296589E-02   8.04401875       15.8787174    
  -12.7100000      0.107604533       9.11558568E-02   8.82083797       17.5685692    
  -11.8000002      0.124834388       9.55232605E-02   9.68487263       19.3366070    
  -10.8900003      0.130448595      0.106915727       10.6498775       21.1852016    
  -9.97000027      0.129399240      0.113455109       11.7327137       23.1421032    
  -9.06000042      0.124051630      0.116899818       12.9106293       25.1715431    
  -8.14999962      0.114531934      0.119207077       14.1904097       27.2975521    
  -7.23999977       9.80797261E-02  0.122783206       15.5635977       29.5225391    
  -6.32999992       8.01058710E-02  0.125825360       17.0176907       31.8490906    
  -5.40999985       6.71884343E-02  0.129720435       18.5555496       34.3061485    
  -4.50000000       5.77533804E-02  0.131285861       20.1333847       36.8440094    
  -3.58999991       4.92054224E-02  0.132235005       21.7592297       39.4904671    
  -2.68000007       4.04091813E-02  0.132735282       23.4257679       42.2463303    
  -1.76999998       3.03985551E-02  0.132395431       25.1255207       45.1119385    
 -0.850000024       2.09347531E-02  0.131946176       26.8693962       48.1192551    
   5.99999987E-02   1.37934629E-02  0.143674165       28.6122513       51.2062645    
  0.970000029       9.20891482E-03  0.198247358       30.3670578       54.4211197    
   1.88000000       2.33188048E-02  0.367465436       32.1333580       57.8238792    
   2.78999996       5.69825470E-02  0.526117444       33.9230194       61.5287476    
   3.71000004      0.211545900      0.461447746       35.8047485       65.6658096    
   4.61999989      0.326847821      0.322145015       37.8336754       70.1267929    
   5.53000021      0.188202187      0.326423466       40.0806961       74.8842773    
   6.44000006      0.131674901      0.304478467       42.5005646       79.9066391    
   7.34999990      0.124905400      0.231749192       45.0397758       85.1706238    
   8.27000046       6.03277944E-02  0.231749192       47.6989441       90.7006531    
   9.18000031       6.03277944E-02  0.231749192       50.3929482       96.3635178    
   10.0900002       6.03277944E-02  0.231749192       53.1369095       102.218300    
   11.0000000       6.03277944E-02  0.231749192       55.9308281       108.264984    
   11.9200001       6.03277944E-02  0.231749192       58.8056793       114.571091    
   12.8299999       6.03277944E-02  0.231749192       61.6995125       121.001602    
   13.7399998       6.03277944E-02  0.231749192       64.6433029       127.624031    
   14.6499996       6.03277944E-02  0.231749192       67.6370544       134.438370    
   15.5600004       6.03277944E-02  0.231749192       70.6807632       141.444611    
   16.4799995       6.03277944E-02  0.231749192       73.8081436       148.720810    
   17.3899994       6.03277944E-02  0.231749192       76.9517670       156.110886    
   18.2999992       6.03277944E-02  0.231749192       80.1453400       163.692871    
   19.2099991       6.03277944E-02  0.231749192       83.3888779       171.466766    
   20.1200008       6.03277944E-02  0.231749192       86.6823807       179.432587    
   21.0400009       6.03277944E-02  0.231749192       90.0622940       187.678894    
   21.9500008       6.03277944E-02  0.231749192       93.4557037       196.028519    
   22.8600006       6.03277944E-02  0.231749192       96.8990707       204.570053    
   23.7700005       6.03277944E-02  0.231749192       100.392387       213.303497    
   24.6800003       6.03277944E-02  0.231749192       103.935669       222.228867    
   25.6000004       6.03277944E-02  0.231749192       107.568123       231.445282    
   26.5100002       6.03277944E-02  0.231749192       111.211319       240.754456    
   27.4200001       6.03277944E-02  0.231749192       114.904465       250.255554    
   28.3299999       6.03277944E-02  0.231749192       118.647575       259.948578    
   29.2399998       6.03277944E-02  0.231749192       122.440643       269.833496    
   30.1599998       6.03277944E-02  0.231749192       126.325630       280.019989    
   31.0699997       6.03277944E-02  0.231749192       130.218613       290.288727    
   31.9799995       6.03277944E-02  0.231749192       134.161545       300.749390    
   32.8899994       6.03277944E-02  0.231749192       138.154449       311.401947    
   33.8100014       6.03277944E-02  0.231749192       142.241455       322.364563    
   34.7200012       6.03277944E-02  0.231749192       146.334274       333.400970    
   35.6300011       6.03277944E-02  0.231749192       150.477036       344.629242    
   36.5400009       6.03277944E-02  0.231749192       154.669769       356.049469    
   37.4500008       6.03277944E-02  0.231749192       158.912445       367.661591    
   38.3699989       6.03277944E-02  0.231749192       163.251984       379.594269    
   39.2799988       6.03277944E-02  0.231749192       167.594589       391.590210    
   40.1899986       6.03277944E-02  0.231749192       171.987137       403.778046    
   41.0999985       6.03277944E-02  0.231749192       176.429657       416.157837    
   42.0099983       6.03277944E-02  0.231749192       180.922119       428.729492    
   42.9300003       6.03277944E-02  0.231749192       185.514206       441.632324    
   43.8400002       6.03277944E-02  0.231749192       190.106598       454.587830    
   44.7500000       6.03277944E-02  0.231749192       194.748932       467.735229    
   45.6599998       6.03277944E-02  0.231749192       199.441238       481.074554    
   46.5699997       6.03277944E-02  0.231749192       204.183487       494.605804    
   47.4900017       6.03277944E-02  0.231749192       209.028107       508.478729    
   48.4000015       6.03277944E-02  0.231749192       213.870285       522.393799    
   49.3100014       6.03277944E-02  0.231749192       218.762405       536.500732    
   50.2200012       6.03277944E-02  0.231749192       223.704498       550.799622    
   51.1300011       6.03277944E-02  0.231749192       228.696548       565.290466    
   52.0499992       6.03277944E-02  0.231749192       233.793671       580.133423    
   52.9599991       6.03277944E-02  0.231749192       238.885635       595.007996    
