 Elev(m)    dbdxp(-)    dbdxc(-)      I2p     I2c
  -20.3700008       0.00000000       0.00000000       0.00000000       0.00000000    
  -19.7600002       2.74702776E-02  -9.56505239E-02   2.55542761E-03  -8.89790803E-03
  -19.1399994      -1.95037120E-03  -5.85030317E-02   1.01240631E-02  -4.13256288E-02
  -18.5300007      -1.70000009E-02  -2.61617564E-02   1.82200149E-02  -9.56775844E-02
  -17.9099998      -5.33702113E-02   7.38087967E-02   1.81107558E-02 -0.154493421    
  -17.2999992      -7.76938051E-02   7.41529018E-02  -8.40783294E-04 -0.194092557    
  -16.6900005      -1.33866221E-02  -1.01894503E-02  -4.04572524E-02 -0.213977247    
  -16.0699997      -1.36962598E-02  -5.63669857E-03  -9.18543488E-02 -0.229612470    
  -15.4600000      -3.55969816E-02   3.52462567E-02 -0.149567902     -0.243737027    
  -14.8400002      -6.65379688E-02   4.34912294E-02 -0.222389400     -0.247968987    
  -14.2299995     -0.279681236       5.09528816E-02 -0.335897893     -0.235904321    
  -13.6099997     -0.209026411     -0.334383279     -0.529464245     -0.241078347    
  -13.0000000       9.53765679E-03 -0.665393949     -0.784661174     -0.365964741    
  -12.3800001       4.18401547E-02 -0.573240161      -1.05812395     -0.702651501    
  -11.7700005       3.93096916E-02 -0.416473031      -1.31477058      -1.24305832    
  -11.1499996       3.31634022E-02 -0.193209440      -1.56121039      -1.94261861    
  -10.5400000       3.07803396E-02  -8.54951814E-02  -1.79087591      -2.71445131    
  -9.93000031       3.01090069E-02  -7.74974376E-02  -2.00892901      -3.52737308    
  -9.31000042       2.75300313E-02  -7.23747462E-02  -2.21943760      -4.38297462    
  -8.69999981       2.55874973E-02  -6.83413073E-02  -2.41616178      -5.25203371    
  -8.07999992       2.52688099E-02  -6.48941547E-02  -2.60635734      -6.16103792    
  -7.46999979       2.47551426E-02  -6.30641282E-02  -2.78402472      -7.07987833    
  -6.84999990       2.22814009E-02  -6.06287606E-02  -2.95549917      -8.03738594    
  -6.23999977       2.05377657E-02  -5.83732314E-02  -3.11577868      -9.00221348    
  -5.61999989       1.92676820E-02  -5.66688664E-02  -3.27093410      -10.0048103    
  -5.01000023       1.81293283E-02  -5.52096926E-02  -3.41634536      -11.0125179    
  -4.38999987       1.76337585E-02  -5.46487644E-02  -3.55727792      -12.0575447    
  -3.77999997       1.60349142E-02  -5.50504848E-02  -3.68942475      -13.1063042    
  -3.17000008       1.45661179E-02  -5.53586669E-02  -3.81559300      -14.1755390    
  -2.54999995       1.38350790E-02  -5.63562773E-02  -3.93829417      -15.2831345    
  -1.94000006       1.33979106E-02  -5.74042797E-02  -4.05379820      -16.3940067    
  -1.32000005       1.26685500E-02  -5.80565482E-02  -4.16619587      -17.5445881    
 -0.709999979       1.04722604E-02  -5.80721386E-02  -4.27216434      -18.6983299    
  -9.00000036E-02   8.97528976E-03  -5.85154332E-02  -4.37587309      -19.8928089    
  0.519999981       7.36636901E-03  -5.92396632E-02  -4.47455025      -21.0899963    
   1.13999999       3.23258224E-03  -5.92903718E-02  -4.57231426      -22.3289719    
   1.75000000      -1.32008770E-03  -5.94757199E-02  -4.66732121      -23.5702152    
   2.36999989      -4.79821535E-03  -6.11000881E-02  -4.76427460      -24.8542519    
   2.98000002      -7.33297039E-03  -6.45269230E-02  -4.86137056      -26.1406631    
   3.58999991      -1.41746625E-02  -6.80328161E-02  -4.96159601      -27.4510937    
   4.21000004      -4.13733209E-03  -9.27916765E-02  -5.06720161      -28.8104992    
   4.82000017      -1.44773033E-02 -0.160572842      -5.17456627      -30.1867504    
   5.44000006      -2.17445958E-02 -0.251159847      -5.28882074      -31.6478195    
   6.05000019      -2.85241567E-02 -0.251824707      -5.40933275      -33.1710320    
   6.67000008      -3.54007408E-02 -0.199953362      -5.54251957      -34.8088036    
   7.28000021      -4.00858857E-02 -0.142665133      -5.68662310      -36.4947319    
   7.90000010      -3.75893787E-02  -9.76630375E-02  -5.84745169      -38.2630501    
   8.51000023      -3.53225619E-02  -6.88645989E-02  -6.01981115      -40.0410538    
   9.11999989      -3.56326662E-02  -6.44507036E-02  -6.20555401      -41.8469543    
   9.73999977      -3.34781706E-02  -6.80397451E-02  -6.40747976      -43.7073860    
   10.3500004      -3.51923257E-02  -5.60284108E-02  -6.61907005      -45.5618782    
   10.9700003      -3.51923257E-02  -2.74606775E-02  -6.84716845      -47.4662704    
   11.5799999      -3.51923257E-02  -2.06767656E-02  -7.08478880      -49.3523140    
   12.1999998      -3.51923257E-02  -2.06767656E-02  -7.33950710      -51.2776756    
   12.8100004      -3.51923257E-02  -2.06767656E-02  -7.60331774      -53.1797371    
   13.4300003      -3.51923257E-02  -2.06767656E-02  -7.88465548      -55.1207390    
   14.0400000      -3.51923257E-02  -2.06767656E-02  -8.17465591      -57.0381889    
   14.6599998      -3.51923257E-02  -2.06767656E-02  -8.48261356      -58.9948311    
   15.2700005      -3.51923257E-02  -2.06767656E-02  -8.79880428      -60.9276695    
   15.8800001      -3.51923257E-02  -2.06767656E-02  -9.12808990      -62.8682022    
   16.5000000      -3.51923257E-02  -2.06767656E-02  -9.47597694      -64.8483047    
   17.1100006      -3.51923257E-02  -2.06767656E-02  -9.83145332      -66.8042221    
   17.7299995      -3.51923257E-02  -2.06767656E-02  -10.2059584      -68.7999573    
   18.3400002      -3.51923257E-02  -2.06767656E-02  -10.5876255      -70.7712708    
   18.9599991      -3.51923257E-02  -2.06767656E-02  -10.9887495      -72.7826462    
   19.5699997      -3.51923257E-02  -2.06767656E-02  -11.3966064      -74.7693481    
   20.1900005      -3.51923257E-02  -2.06767656E-02  -11.8243523      -76.7963715    
   20.7999992      -3.51923257E-02  -2.06767656E-02  -12.2583981      -78.7984467    
   21.4200001      -3.51923257E-02  -2.06767656E-02  -12.7127628      -80.8411102    
   22.0300007      -3.51923257E-02  -2.06767656E-02  -13.1730003      -82.8585815    
   22.6399994      -3.51923257E-02  -2.06767656E-02  -13.6463308      -84.8837433    
   23.2600002      -3.51923257E-02  -2.06767656E-02  -14.1406260      -86.9498672    
   23.8700008      -3.51923257E-02  -2.06767656E-02  -14.6401482      -88.9904175    
   24.4899998      -3.51923257E-02  -2.06767656E-02  -15.1610603      -91.0721741    
   25.1000004      -3.51923257E-02  -2.06767656E-02  -15.6867733      -93.1281204    
   25.7199993      -3.51923257E-02  -2.06767656E-02  -16.2343044      -95.2255173    
   26.3299999      -3.51923257E-02  -2.06767656E-02  -16.7862072      -97.2968445    
   26.9500008      -3.51923257E-02  -2.06767656E-02  -17.3603611      -99.4098892    
   27.5599995      -3.51923257E-02  -2.06767656E-02  -17.9384518      -101.496597    
   28.1800003      -3.51923257E-02  -2.06767656E-02  -18.5392246      -103.625282    
   28.7900009      -3.51923257E-02  -2.06767656E-02  -19.1435070      -105.727386    
   29.3999996      -3.51923257E-02  -2.06767656E-02  -19.7608833      -107.837181    
   30.0200005      -3.51923257E-02  -2.06767656E-02  -20.4015865      -109.989319    
   30.6299992      -3.51923257E-02  -2.06767656E-02  -21.0451527      -112.114502    
   31.2500000      -3.51923257E-02  -2.06767656E-02  -21.7124729      -114.282288    
   31.8600006      -3.51923257E-02  -2.06767656E-02  -22.3822327      -116.422859    
   32.4799995      -3.51923257E-02  -2.06767656E-02  -23.0761719      -118.606277    
   33.0900002      -3.51923257E-02  -2.06767656E-02  -23.7721195      -120.762238    
   33.7099991      -3.51923257E-02  -2.06767656E-02  -24.4926777      -122.961288    
   34.3199997      -3.51923257E-02  -2.06767656E-02  -25.2148170      -125.132645    
   34.9399986      -3.51923257E-02  -2.06767656E-02  -25.9619942      -127.347336    
   35.5499992      -3.51923257E-02  -2.06767656E-02  -26.7103233      -129.534073    
   36.1599998      -3.51923257E-02  -2.06767656E-02  -27.4717484      -131.728500    
   36.7799988      -3.51923257E-02  -2.06767656E-02  -28.2588558      -133.966660    
   37.3899994      -3.51923257E-02  -2.06767656E-02  -29.0464706      -136.176483    
   38.0099983      -3.51923257E-02  -2.06767656E-02  -29.8601971      -138.430267    
   38.6199989      -3.51923257E-02  -2.06767656E-02  -30.6740017      -140.655487    
   39.2400017      -3.51923257E-02  -2.06767656E-02  -31.5143528      -142.924927    
   39.8499985      -3.51923257E-02  -2.06767656E-02  -32.3543434      -145.165512    
   40.4700012      -3.51923257E-02  -2.06767656E-02  -33.2213135      -147.450607    
   41.0800018      -3.51923257E-02  -2.06767656E-02  -34.0874977      -149.706589    
