   291.095367      -24.9202671    
   327.304596      -24.9202671    
 NaN NaN
   283.883453      -24.1458912    
   341.937164      -24.1458912    
 NaN NaN
   278.338287      -23.3715172    
   355.231842      -23.3715172    
 NaN NaN
   273.327881      -22.5971413    
   365.777252      -22.5971413    
 NaN NaN
   268.289673      -21.8227673    
   374.675812      -21.8227673    
 NaN NaN
   263.089417      -21.0483913    
   383.969849      -21.0483913    
 NaN NaN
   257.635742      -20.2740173    
   391.380096      -20.2740173    
 NaN NaN
   252.217789      -19.4996414    
   401.016235      -19.4996414    
 NaN NaN
   246.855972      -18.7252674    
   413.957947      -18.7252674    
 NaN NaN
   242.584122      -17.9508915    
   424.040558      -17.9508915    
 NaN NaN
   239.404785      -17.1765175    
   430.420197      -17.1765175    
 NaN NaN
   236.114197      -16.4021416    
   437.688507      -16.4021416    
 NaN NaN
   232.968704      -15.6277676    
   450.102753      -15.6277676    
 NaN NaN
   229.948380      -14.8533926    
   464.078888      -14.8533926    
 NaN NaN
   226.965622      -14.0790176    
   482.224152      -14.0790176    
 NaN NaN
   223.969772      -13.3046427    
   495.164581      -13.3046427    
 NaN NaN
   220.947845      -12.5302677    
   510.272888      -12.5302677    
 NaN NaN
   217.958633      -11.7558928    
   531.492493      -11.7558928    
 NaN NaN
   214.972244      -10.9815178    
   544.477295      -10.9815178    
 NaN NaN
   211.939880      -10.2071428    
   553.851746      -10.2071428    
 NaN NaN
   208.907532      -9.43276787    
   565.523132      -9.43276787    
 NaN NaN
   205.289856      -8.65839291    
   582.148560      -8.65839291    
 NaN NaN
   201.620163      -7.88401842    
   600.067932      -7.88401842    
 NaN NaN
   196.789551      -7.10964346    
   615.992798      -7.10964346    
 NaN NaN
   190.883408      -6.33526850    
   629.714294      -6.33526850    
 NaN NaN
   184.253998      -5.56089354    
   645.064941      -5.56089354    
 NaN NaN
   179.205826      -4.78651857    
   659.261353      -4.78651857    
 NaN NaN
   174.601822      -4.01214409    
   683.924011      -4.01214409    
 NaN NaN
   169.997818      -3.23776889    
   695.865234      -3.23776889    
 NaN NaN
   165.393814      -2.46339417    
   717.667175      -2.46339417    
 NaN NaN
   160.673599      -1.68901920    
   735.626526      -1.68901920    
 NaN NaN
   156.504623     -0.914644241    
   769.328186     -0.914644241    
 NaN NaN
   152.387589     -0.140269339    
   788.427612     -0.140269339    
 NaN NaN
   147.980438      0.634105563    
   824.746582      0.634105563    
 NaN NaN
   143.351700       1.40848041    
   833.140991       1.40848041    
 NaN NaN
   138.462708       2.18285537    
   843.365540       2.18285537    
 NaN NaN
   133.288254       2.95723033    
   860.562256       2.95723033    
 NaN NaN
   869.358215       2.95723033    
   876.100220       2.95723033    
 NaN NaN
   127.655746       3.73160505    
   907.778992       3.73160505    
 NaN NaN
   921.341125       3.73160505    
   921.569153       3.73160505    
 NaN NaN
   121.190849       4.50598001    
   936.620972       4.50598001    
 NaN NaN
   118.715897       5.28035498    
   943.497070       5.28035498    
 NaN NaN
   116.307655       6.05472994    
   950.398254       6.05472994    
 NaN NaN
   113.899414       6.82910490    
   958.363647       6.82910490    
 NaN NaN
   1729.86499       6.82910490    
   1776.90735       6.82910490    
 NaN NaN
   111.248688       7.60347986    
   984.285339       7.60347986    
 NaN NaN
   1087.00793       7.60347986    
   1115.39355       7.60347986    
 NaN NaN
   1715.48218       7.60347986    
   1810.92517       7.60347986    
 NaN NaN
   25.8440247       8.37785435    
   89.0071030       8.37785435    
 NaN NaN
   107.426773       8.37785435    
   992.279785       8.37785435    
 NaN NaN
   1040.77673       8.37785435    
   1127.86548       8.37785435    
 NaN NaN
   1149.76831       8.37785435    
   1194.53882       8.37785435    
 NaN NaN
   1628.92517       8.37785435    
   1830.15015       8.37785435    
 NaN NaN
   18.3342819       9.15222931    
   99.9268875       9.15222931    
 NaN NaN
   102.855835       9.15222931    
   1223.47559       9.15222931    
 NaN NaN
   1377.70837       9.15222931    
   1843.84155       9.15222931    
 NaN NaN
   14.2473879       9.92660427    
   1245.96057       9.92660427    
 NaN NaN
   1345.36902       9.92660427    
   1853.48315       9.92660427    
 NaN NaN
   10.6696377       10.7009792    
   1262.04602       10.7009792    
 NaN NaN
   1312.47668       10.7009792    
   1860.03735       10.7009792    
 NaN NaN
   6.98220730       11.4753542    
   1861.09973       11.4753542    
 NaN NaN
   3.49110365       12.2497292    
   1861.09973       12.2497292    
 NaN NaN
   0.00000000       13.0241041    
   1861.09973       13.0241041    
 NaN NaN
   0.00000000       13.7984791    
   1861.09973       13.7984791    
 NaN NaN
   0.00000000       14.5728540    
   1861.09973       14.5728540    
 NaN NaN
   0.00000000       15.3472290    
   1861.09973       15.3472290    
 NaN NaN
   0.00000000       16.1216030    
   1861.09973       16.1216030    
 NaN NaN
   0.00000000       16.8959789    
   1861.09973       16.8959789    
 NaN NaN
   0.00000000       17.6703529    
   1861.09973       17.6703529    
 NaN NaN
   0.00000000       18.4447289    
   1861.09973       18.4447289    
 NaN NaN
   0.00000000       19.2191029    
   1861.09973       19.2191029    
 NaN NaN
   0.00000000       19.9934788    
   1861.09973       19.9934788    
 NaN NaN
   0.00000000       20.7678528    
   1861.09973       20.7678528    
 NaN NaN
   0.00000000       21.5422287    
   1861.09973       21.5422287    
 NaN NaN
   0.00000000       22.3166027    
   1861.09973       22.3166027    
 NaN NaN
   0.00000000       23.0909786    
   1861.09973       23.0909786    
 NaN NaN
   0.00000000       23.8653526    
   1861.09973       23.8653526    
 NaN NaN
   0.00000000       24.6397266    
   1861.09973       24.6397266    
 NaN NaN
   0.00000000       25.4141026    
   1861.09973       25.4141026    
 NaN NaN
   0.00000000       26.1884766    
   1861.09973       26.1884766    
 NaN NaN
   0.00000000       26.9628525    
   1861.09973       26.9628525    
 NaN NaN
   0.00000000       27.7372265    
   1861.09973       27.7372265    
 NaN NaN
   0.00000000       28.5116024    
   1861.09973       28.5116024    
 NaN NaN
   0.00000000       29.2859764    
   1861.09973       29.2859764    
 NaN NaN
   0.00000000       30.0603523    
   1861.09973       30.0603523    
 NaN NaN
   0.00000000       30.8347263    
   1861.09973       30.8347263    
 NaN NaN
   0.00000000       31.6091022    
   1861.09973       31.6091022    
 NaN NaN
   0.00000000       32.3834763    
   1861.09973       32.3834763    
 NaN NaN
   0.00000000       33.1578522    
   1861.09973       33.1578522    
 NaN NaN
   0.00000000       33.9322281    
   1861.09973       33.9322281    
 NaN NaN
   0.00000000       34.7066002    
   1861.09973       34.7066002    
 NaN NaN
   0.00000000       35.4809761    
   1861.09973       35.4809761    
 NaN NaN
   0.00000000       36.2553520    
   1861.09973       36.2553520    
 NaN NaN
   0.00000000       37.0297241    
   1861.09973       37.0297241    
 NaN NaN
   0.00000000       37.8041000    
   1861.09973       37.8041000    
 NaN NaN
   0.00000000       38.5784760    
   1861.09973       38.5784760    
 NaN NaN
   0.00000000       39.3528519    
   1861.09973       39.3528519    
 NaN NaN
   0.00000000       40.1272240    
   1861.09973       40.1272240    
 NaN NaN
   0.00000000       40.9015999    
   1861.09973       40.9015999    
 NaN NaN
   0.00000000       41.6759758    
   1861.09973       41.6759758    
 NaN NaN
   0.00000000       42.4503517    
   1861.09973       42.4503517    
 NaN NaN
   0.00000000       43.2247238    
   1861.09973       43.2247238    
 NaN NaN
   0.00000000       43.9990997    
   1861.09973       43.9990997    
 NaN NaN
   0.00000000       44.7734756    
   1861.09973       44.7734756    
 NaN NaN
   0.00000000       45.5478516    
   1861.09973       45.5478516    
 NaN NaN
   0.00000000       46.3222237    
   1861.09973       46.3222237    
 NaN NaN
   0.00000000       47.0965996    
   1861.09973       47.0965996    
 NaN NaN
   0.00000000       47.8709755    
   1861.09973       47.8709755    
 NaN NaN
   0.00000000       48.6453476    
   1861.09973       48.6453476    
 NaN NaN
   0.00000000       49.4197235    
   1861.09973       49.4197235    
 NaN NaN
   0.00000000       50.1940994    
   1861.09973       50.1940994    
 NaN NaN
   0.00000000       50.9684753    
   1861.09973       50.9684753    
 NaN NaN
   0.00000000       51.7428474    
   1861.09973       51.7428474    
 NaN NaN
