 Elev(m)    dbdxp(-)    dbdxc(-)      I2p     I2c
  -41.0499992       0.00000000       0.00000000       0.00000000       0.00000000    
  -40.0999985       4.58521722E-03   5.10117924E-03   1.03454129E-03   1.15095545E-03
  -39.1500015       1.39103597E-02   2.43774857E-02   7.27668684E-03   1.01039913E-02
  -38.2000008       2.33518090E-02   2.73621604E-02   2.60992032E-02   3.73819470E-02
  -37.2500000       2.87516732E-02   3.92253995E-02   6.50848746E-02   9.13575217E-02
  -36.2999992       3.70734408E-02   4.38755862E-02  0.130678236      0.179106623    
  -35.3499985       4.34548855E-02   3.23671997E-02  0.229292631      0.302807719    
  -34.4000015       3.50540243E-02   3.18042450E-02  0.363789409      0.458189279    
  -33.4500008       3.42449360E-02   2.43649725E-02  0.531635821      0.640723288    
  -32.5000000       2.53557116E-02   2.33471114E-02  0.728565276      0.846695602    
  -31.5499992       2.48600468E-02   4.32936065E-02  0.950272143       1.07846880    
  -30.6000004       2.64100097E-02  0.201091677       1.19487631       1.38041675    
  -29.6499996       2.82840338E-02  0.276680291       1.46338904       1.84530234    
  -28.7000008      0.100869037      0.373663455       1.77338183       2.56471825    
  -27.7500000      0.362296075      0.111007966       2.21701717       3.54022336    
  -26.7999992      0.134475917       8.79530162E-02   2.87723875       4.66997337    
  -25.8500004       9.73481685E-02   7.40564466E-02   3.70184851       5.88116503    
  -24.8999996       9.33668166E-02   6.10209331E-02   4.62179518       7.15938950    
  -23.9500008       8.42303112E-02   5.27872518E-02   5.62484074       8.49376678    
  -23.0000000       8.28418434E-02   4.59049307E-02   6.70565414       9.87609100    
  -22.0499992       8.24995860E-02   3.99682298E-02   7.86146879       11.3000584    
  -21.1000004       7.98362643E-02   3.41614820E-02   9.09121323       12.7601242    
  -20.1499996       7.05984682E-02   3.08298301E-02   10.3915291       14.2515812    
  -19.2000008       6.32834807E-02   2.62939092E-02   11.7559910       15.7705879    
  -18.2500000       5.76193258E-02   2.53229477E-02   13.1779413       17.3141327    
  -17.2999992       5.30702211E-02   2.46861130E-02   14.6521454       18.8806057    
  -16.3500004       4.78813574E-02   2.39299033E-02   16.1740971       20.4693279    
  -15.3999996       4.45565768E-02   2.03978680E-02   17.7396870       22.0790253    
  -14.4499998       4.22149114E-02   1.71296131E-02   19.3457088       23.7071896    
  -13.5000000       3.89310271E-02   1.58730000E-02   20.9896164       25.3512650    
  -12.5500002       3.39574702E-02   1.74585301E-02   22.6682777       27.0103092    
  -11.6000004       2.99651381E-02   2.39933021E-02   24.3778076       28.6862259    
  -10.6599998       3.33128981E-02   3.71038988E-02   26.0978928       30.3675404    
  -9.71000004       4.18649130E-02   5.29776886E-02   27.8673611       32.1007042    
  -8.76000023       7.16374069E-02   7.47478334E-03   29.6794014       33.8678322    
  -7.80999994       2.17701476E-02   8.75129364E-03   31.5381260       35.6522636    
  -6.86000013       6.40102429E-03   1.20532596E-02   33.4242821       37.4450455    
  -5.90999985       7.77922571E-03   1.36239482E-02   35.3199921       39.2483177    
  -4.96000004       9.16958600E-03   1.18375607E-02   37.2227249       41.0631294    
  -4.01000023       1.05626304E-02   1.00470679E-02   39.1337357       42.8886185    
  -3.05999994       1.08615458E-02   9.35070310E-03   41.0540352       44.7234268    
  -2.10999990       1.08536500E-02   8.93367454E-03   42.9840622       46.5667343    
  -1.15999997       1.11291958E-02   8.31768382E-03   44.9239540       48.4180603    
 -0.209999993       1.12776272E-02   7.68558774E-03   46.8738556       50.2768898    
  0.740000010       1.02859791E-02   7.04449043E-03   48.8336830       52.1426544    
   1.69000006       8.66791885E-03   9.92311165E-03   50.8026505       54.0155716    
   2.64000010       7.62937311E-03   5.64877726E-02   52.7795715       55.9072990    
   3.58999991       2.75504440E-02  0.102764256       54.7681046       57.8499413    
   4.53999996       6.75798655E-02   7.14048147E-02   56.7860413       59.8678131    
   5.48999977       7.39758313E-02  -2.09236145E-02   58.8573799       61.9363708    
   6.44000006      -2.11181547E-02  -2.80884281E-02   60.9725838       64.0052567    
   7.38999987      -2.80961655E-02  -2.80884281E-02   63.0886116       66.0504150    
   8.34000015      -2.80961655E-02  -2.80884281E-02   65.1808548       68.0702209    
   9.28999996      -2.80961655E-02  -2.80884281E-02   67.2477417       70.0646820    
   10.2399998      -2.80961655E-02  -2.80884281E-02   69.2892685       72.0337830    
   11.1899996      -2.80961655E-02  -2.80884281E-02   71.3054428       73.9775391    
   12.1400003      -2.80961655E-02  -2.80884281E-02   73.2962570       75.8959503    
   13.0900002      -2.80961655E-02  -2.80884281E-02   75.2617188       77.7890091    
   14.0400000      -2.80961655E-02  -2.80884281E-02   77.2018204       79.6567154    
   14.9899998      -2.80961655E-02  -2.80884281E-02   79.1165619       81.4990692    
   15.9399996      -2.80961655E-02  -2.80884281E-02   81.0059509       83.3160782    
   16.8899994      -2.80961655E-02  -2.80884281E-02   82.8699875       85.1077347    
   17.8400002      -2.80961655E-02  -2.80884281E-02   84.7086639       86.8740463    
   18.7900009      -2.80961655E-02  -2.80884281E-02   86.5219803       88.6150055    
   19.7399998      -2.80961655E-02  -2.80884281E-02   88.3099365       90.3306122    
   20.6900005      -2.80961655E-02  -2.80884281E-02   90.0725479       92.0208740    
   21.6399994      -2.80961655E-02  -2.80884281E-02   91.8097916       93.6857758    
   22.5900002      -2.80961655E-02  -2.80884281E-02   93.5216827       95.3253403    
   23.5400009      -2.80961655E-02  -2.80884281E-02   95.2082214       96.9395523    
   24.4899998      -2.80961655E-02  -2.80884281E-02   96.8693924       98.5284042    
   25.4400005      -2.80961655E-02  -2.80884281E-02   98.5052185       100.091919    
   26.3899994      -2.80961655E-02  -2.80884281E-02   100.115677       101.630074    
   27.3400002      -2.80961655E-02  -2.80884281E-02   101.700790       103.142883    
   28.2800007      -2.80961655E-02  -2.80884281E-02   103.243988       104.614555    
   29.2299995      -2.80961655E-02  -2.80884281E-02   104.778381       106.076660    
   30.1800003      -2.80961655E-02  -2.80884281E-02   106.287415       107.513428    
   31.1299992      -2.80961655E-02  -2.80884281E-02   107.771095       108.924835    
   32.0800018      -2.80961655E-02  -2.80884281E-02   109.229424       110.310898    
   33.0299988      -2.80961655E-02  -2.80884281E-02   110.662384       111.671608    
   33.9799995      -2.80961655E-02  -2.80884281E-02   112.069992       113.006966    
   34.9300003      -2.80961655E-02  -2.80884281E-02   113.452248       114.316978    
   35.8800011      -2.80961655E-02  -2.80884281E-02   114.809143       115.601639    
   36.8300018      -2.80961655E-02  -2.80884281E-02   116.140686       116.860954    
   37.7799988      -2.80961655E-02  -2.80884281E-02   117.446861       118.094910    
   38.7299995      -2.80961655E-02  -2.80884281E-02   118.727684       119.303528    
   39.6800003      -2.80961655E-02  -2.80884281E-02   119.983154       120.486786    
   40.6300011      -2.80961655E-02  -2.80884281E-02   121.213272       121.644699    
   41.5800018      -2.80961655E-02  -2.80884281E-02   122.418022       122.777267    
   42.5299988      -2.80961655E-02  -2.80884281E-02   123.597420       123.884476    
   43.4799995      -2.80961655E-02  -2.80884281E-02   124.751457       124.966339    
   44.4300003      -2.80961655E-02  -2.80884281E-02   125.880142       126.022850    
   45.3800011      -2.80961655E-02  -2.80884281E-02   126.983475       127.054016    
   46.3300018      -2.80961655E-02  -2.80884281E-02   128.061447       128.059830    
   47.2799988      -2.80961655E-02  -2.80884281E-02   129.114059       129.040283    
   48.2299995      -2.80961655E-02  -2.80884281E-02   130.141312       129.995407    
   49.1800003      -2.80961655E-02  -2.80884281E-02   131.143219       130.925171    
   50.1300011      -2.80961655E-02  -2.80884281E-02   132.119766       131.829590    
   51.0800018      -2.80961655E-02  -2.80884281E-02   133.070953       132.708649    
   52.0299988      -2.80961655E-02  -2.80884281E-02   133.996780       133.562363    
   52.9799995      -2.80961655E-02  -2.80884281E-02   134.897247       134.390732    
   53.9300003      -2.80961655E-02  -2.80884281E-02   135.772369       135.193741    
