 Elev(m)    dbdxp(-)    dbdxc(-)      I2p     I2c
  -24.2500000       0.00000000       0.00000000       0.00000000       0.00000000    
  -23.6200008      -9.90681350E-03   8.60625580E-02  -9.83000966E-04   8.53953417E-03
  -22.9899998       5.85598834E-02   7.21097887E-02   1.87857915E-03   4.13132645E-02
  -22.3600006      -6.16579913E-02   6.29184097E-02   9.26034432E-03  0.103179693    
  -21.7299995       5.92011511E-02   6.78355247E-02   1.60909425E-02  0.191418499    
  -21.1000004       3.66974548E-02  0.104184672       3.21932547E-02  0.309699774    
  -20.4699993      -7.24305259E-03   4.87217084E-02   6.07337616E-02  0.460222214    
  -19.8299999      -1.97747275E-02   4.06872816E-02   9.00153890E-02  0.637418032    
  -19.2000008      -1.66116108E-03   5.76247796E-02  0.113989793      0.830610335    
  -18.5699997       8.77480954E-03  0.120381959      0.136543140       1.05122089    
  -17.9400005       2.36734804E-02  0.258230805      0.163021937       1.32706118    
  -17.3099995      0.208049089       7.30140805E-02  0.215713114       1.67333794    
  -16.6800003      0.200461775       5.14979288E-02  0.331931204       2.06483603    
  -16.0499992       4.11402881E-02   5.42523488E-02  0.512657046       2.47918320    
  -15.4200001       2.38180049E-02   5.42989410E-02  0.723800778       2.91479301    
  -14.7799997       2.19957922E-02   5.57834022E-02  0.949390054       3.37918305    
  -14.1499996       2.46920139E-02   5.07276542E-02   1.18070388       3.85797906    
  -13.5200005       1.90801434E-02   4.53345068E-02   1.42099333       4.35687447    
  -12.8900003       1.67867299E-02   3.90139036E-02   1.66918516       4.87367201    
  -12.2600002       1.11152567E-02   3.52750570E-02   1.92370450       5.40620995    
  -11.6300001       4.03228914E-03   3.31126302E-02   2.18249559       5.95290518    
  -11.0000000       8.04207346E-04   3.23182680E-02   2.44326949       6.51287842    
  -10.3699999       1.74151151E-03   3.17079946E-02   2.70477581       7.08569717    
  -9.72999954       3.66200926E-03   3.19495723E-02   2.97122598       7.68037891    
  -9.10000038       7.45781884E-03   3.28759737E-02   3.23516011       8.27861500    
  -8.47000027       1.08873919E-02   3.05902958E-02   3.50201845       8.88958168    
  -7.84000015       1.38756530E-02   2.79673915E-02   3.77315426       9.51265621    
  -7.21000004       1.96016300E-02   2.30605658E-02   4.05006886       10.1466045    
  -6.57999992       2.86748968E-02   1.50281629E-02   4.33509541       10.7893944    
  -5.94999981       3.41149904E-02   5.93502913E-03   4.63114262       11.4380445    
  -5.32000017       3.67454551E-02  -7.08068162E-03   4.94045115       12.0886612    
  -4.67999983       3.23316306E-02  -2.26240009E-02   5.26866627       12.7465420    
  -4.05000019       2.89322995E-02  -4.24520895E-02   5.60479307       13.3846922    
  -3.42000008       1.56111866E-02  -4.93850820E-02   5.95141888       14.0072737    
  -2.78999996       6.30108919E-03  -5.71085662E-02   6.30463839       14.6101751    
  -2.16000009      -8.86614807E-03  -6.36844635E-02   6.65977812       15.1905241    
  -1.52999997      -3.49703617E-02  -6.68430999E-02   7.01031303       15.7459364    
 -0.899999976      -4.84083928E-02  -6.84945881E-02   7.34822559       16.2749672    
 -0.270000011      -5.16132675E-02  -6.97770268E-02   7.66794014       16.7768497    
  0.370000005      -5.39147705E-02  -7.09425509E-02   7.97217607       17.2587986    
   1.00000000      -5.61294183E-02  -7.20368624E-02   8.25010490       17.7048473    
   1.63000000      -5.81364185E-02  -7.30606690E-02   8.50577641       18.1223125    
   2.25999999      -6.06518984E-02  -7.41008297E-02   8.73832321       18.5107784    
   2.89000010      -6.36357591E-02  -6.50041774E-02   8.94675064       18.8708401    
   3.51999998      -2.62232423E-02   5.87076619E-02   9.13393021       19.2164745    
   4.15000010       2.87791584E-02  0.248051375       9.31244659       19.5919209    
   4.78000021      0.241750285       2.64521614E-02   9.51805973       20.0250435    
   5.42000008      0.167264760      -7.94164389E-02   9.79479027       20.4874573    
   6.05000019      -3.63612846E-02  -9.04566199E-02   10.1214037       20.9204502    
   6.67999983      -9.18642506E-02 -0.103278577       10.4482841       21.3173656    
   7.30999994      -9.83946100E-02 -0.109822303       10.7435627       21.6739120    
   7.94000006     -0.109825112     -0.109822303       10.9993019       21.9875202    
   8.56999969     -0.109825112     -0.109822303       11.2125854       22.2575397    
   9.19999981     -0.109825112     -0.109822303       11.3822803       22.4839706    
   9.82999992     -0.109825112     -0.109822303       11.5083857       22.6668129    
   10.4700003     -0.109825112     -0.109822303       11.5925570       22.8086224    
   11.1000004     -0.109825112     -0.109822303       11.6314821       22.9042892    
   11.7299995     -0.109825112     -0.109822303       11.6268187       22.9563656    
   12.3599997     -0.109825112     -0.109822303       11.5785656       22.9648552    
   12.9899998     -0.109825112     -0.109822303       11.4867229       22.9297543    
   13.6199999     -0.109825112     -0.109822303       11.3512907       22.8510666    
   14.2500000     -0.109825112     -0.109822303       11.1722689       22.7287903    
   14.8800001     -0.109825112     -0.109822303       10.9496584       22.5629253    
   15.5200005     -0.109825112     -0.109822303       10.6795778       22.3504925    
   16.1499996     -0.109825112     -0.109822303       10.3697882       22.0974522    
   16.7800007     -0.109825112     -0.109822303       10.0164070       21.8008213    
   17.4099998     -0.109825112     -0.109822303       9.61943817       21.4606037    
   18.0400009     -0.109825112     -0.109822303       9.17887878       21.0767956    
   18.6700001     -0.109825112     -0.109822303       8.69473076       20.6494007    
   19.2999992     -0.109825112     -0.109822303       8.16699409       20.1784172    
   19.9300003     -0.109825112     -0.109822303       7.59566545       19.6638451    
   20.5699997     -0.109825112     -0.109822303       6.97133446       19.0971699    
   21.2000008     -0.109825112     -0.109822303       6.31282663       18.4954205    
   21.8299999     -0.109825112     -0.109822303       5.61073160       17.8500843    
   22.4599991     -0.109825112     -0.109822303       4.86504698       17.1611595    
   23.0900002     -0.109825112     -0.109822303       4.07577085       16.4286442    
   23.7199993     -0.109825112     -0.109822303       3.24290705       15.6525421    
   24.3500004     -0.109825112     -0.109822303       2.36645150       14.8328495    
   24.9799995     -0.109825112     -0.109822303       1.44640899       13.9695711    
   25.6200008     -0.109825112     -0.109822303      0.467824072       13.0486526    
   26.2500000     -0.109825112     -0.109822303     -0.539397359       12.0981970    
   26.8799992     -0.109825112     -0.109822303      -1.59020829       11.1041536    
   27.5100002     -0.109825112     -0.109822303      -2.68461180       10.0665188    
   28.1399994     -0.109825112     -0.109822303      -3.82260180       8.98529911    
   28.7700005     -0.109825112     -0.109822303      -5.00418472       7.86048698    
   29.3999996     -0.109825112     -0.109822303      -6.22935343       6.69209003    
   30.0300007     -0.109825112     -0.109822303      -7.49811554       5.48010111    
   30.6700001     -0.109825112     -0.109822303      -8.83094883       4.20494318    
   31.2999992     -0.109825112     -0.109822303      -10.1868858       2.90578151    
   31.9300003     -0.109825112     -0.109822303      -11.5864162       1.56302714    
   32.5600014     -0.109825112     -0.109822303      -13.0295372      0.176684380    
   33.1899986     -0.109825112     -0.109822303      -14.5162382      -1.25323832    
   33.8199997     -0.109825112     -0.109822303      -16.0465374      -2.72675824    
   34.4500008     -0.109825112     -0.109822303      -17.6204262      -4.24386644    
   35.0800018     -0.109825112     -0.109822303      -19.2379055      -5.80456305    
   35.7099991     -0.109825112     -0.109822303      -20.8989639      -7.40883875    
   36.3499985     -0.109825112     -0.109822303      -22.6303310      -9.08251858    
   36.9799995     -0.109825112     -0.109822303      -24.3785782      -10.7739811    
   37.6100006     -0.109825112     -0.109822303      -26.1704159      -12.5090322    
   38.2400017     -0.109825112     -0.109822303      -28.0058422      -14.2876711    
   38.8699989     -0.109825112     -0.109822303      -29.8848476      -16.1098881    
