   403.266876      -29.3698578    
   468.841156      -29.3698578    
 NaN NaN
   579.758545      -29.3698578    
   621.267822      -29.3698578    
 NaN NaN
   384.346680      -28.6254749    
   499.347839      -28.6254749    
 NaN NaN
   532.247559      -28.6254749    
   629.085083      -28.6254749    
 NaN NaN
   374.005554      -27.8810921    
   637.882324      -27.8810921    
 NaN NaN
   365.923920      -27.1367111    
   650.655640      -27.1367111    
 NaN NaN
   337.895630      -26.3923283    
   660.802612      -26.3923283    
 NaN NaN
   314.367584      -25.6479454    
   670.828247      -25.6479454    
 NaN NaN
   295.528778      -24.9035625    
   679.226868      -24.9035625    
 NaN NaN
   272.196838      -24.1591797    
   685.872620      -24.1591797    
 NaN NaN
   240.665604      -23.4147968    
   691.393616      -23.4147968    
 NaN NaN
   226.015472      -22.6704159    
   696.959595      -22.6704159    
 NaN NaN
   215.085388      -21.9260330    
   703.546692      -21.9260330    
 NaN NaN
   207.122772      -21.1816502    
   713.597107      -21.1816502    
 NaN NaN
   201.861038      -20.4372673    
   720.867615      -20.4372673    
 NaN NaN
   198.589035      -19.6928844    
   731.628113      -19.6928844    
 NaN NaN
   196.025726      -18.9485016    
   740.172363      -18.9485016    
 NaN NaN
   193.462402      -18.2041206    
   745.185242      -18.2041206    
 NaN NaN
   190.810898      -17.4597378    
   749.087524      -17.4597378    
 NaN NaN
   187.766159      -16.7153549    
   752.213501      -16.7153549    
 NaN NaN
   184.721420      -15.9709721    
   755.339539      -15.9709721    
 NaN NaN
   181.819214      -15.2265892    
   758.731079      -15.2265892    
 NaN NaN
   179.524673      -14.4822073    
   762.251526      -14.4822073    
 NaN NaN
   177.230133      -13.7378244    
   765.838257      -13.7378244    
 NaN NaN
   174.935593      -12.9934416    
   770.135010      -12.9934416    
 NaN NaN
   172.540680      -12.2490597    
   774.431763      -12.2490597    
 NaN NaN
   169.786102      -11.5046768    
   792.530945      -11.5046768    
 NaN NaN
   167.031525      -10.7602940    
   798.771729      -10.7602940    
 NaN NaN
   164.276947      -10.0159111    
   803.665039      -10.0159111    
 NaN NaN
   162.366394      -9.27152920    
   807.236389      -9.27152920    
 NaN NaN
   160.539673      -8.52714634    
   810.807800      -8.52714634    
 NaN NaN
   158.712936      -7.78276396    
   814.615845      -7.78276396    
 NaN NaN
   156.886200      -7.03838110    
   818.440125      -7.03838110    
 NaN NaN
   155.059464      -6.29399872    
   822.992004      -6.29399872    
 NaN NaN
   153.439667      -5.54961634    
   828.132141      -5.54961634    
 NaN NaN
   151.837296      -4.80523348    
   832.588806      -4.80523348    
 NaN NaN
   150.234909      -4.06085110    
   836.852661      -4.06085110    
 NaN NaN
   148.632538      -3.31646848    
   841.498230      -3.31646848    
 NaN NaN
   147.030151      -2.57208586    
   846.356201      -2.57208586    
 NaN NaN
   145.307678      -1.82770336    
   850.922913      -1.82770336    
 NaN NaN
   143.194016      -1.08332086    
   855.401184      -1.08332086    
 NaN NaN
   141.080338     -0.338938236    
   859.933105     -0.338938236    
 NaN NaN
   138.966660      0.405444324    
   864.484619      0.405444324    
 NaN NaN
   136.852982       1.14982688    
   869.933472       1.14982688    
 NaN NaN
   132.471451       1.89420938    
   876.012817       1.89420938    
 NaN NaN
   127.901215       2.63859200    
   883.738342       2.63859200    
 NaN NaN
   123.121994       3.38297462    
   895.373352       3.38297462    
 NaN NaN
   1219.70251       3.38297462    
   1349.12952       3.38297462    
 NaN NaN
   118.253883       4.12735701    
   905.027222       4.12735701    
 NaN NaN
   932.958191       4.12735701    
   998.514587       4.12735701    
 NaN NaN
   1214.39062       4.12735701    
   1356.77539       4.12735701    
 NaN NaN
   1694.20105       4.12735701    
   1697.00745       4.12735701    
 NaN NaN
   1739.59985       4.12735701    
   1760.23206       4.12735701    
 NaN NaN
   22.5078182       4.87173986    
   87.7617264       4.87173986    
 NaN NaN
   110.956482       4.87173986    
   916.515625       4.87173986    
 NaN NaN
   923.835815       4.87173986    
   1018.22357       4.87173986    
 NaN NaN
   1204.79883       4.87173986    
   1366.52002       4.87173986    
 NaN NaN
   1637.39294       4.87173986    
   1647.21521       4.87173986    
 NaN NaN
   1657.41968       4.87173986    
   1709.71375       4.87173986    
 NaN NaN
   1732.18079       4.87173986    
   1770.23865       4.87173986    
 NaN NaN
   6.41727686       5.61612225    
   1033.67615       5.61612225    
 NaN NaN
   1104.47559       5.61612225    
   1382.26599       5.61612225    
 NaN NaN
   1613.92261       5.61612225    
   1718.10278       5.61612225    
 NaN NaN
   1725.18066       5.61612225    
   1776.99622       5.61612225    
 NaN NaN
   0.00000000       6.36050463    
   1392.42590       6.36050463    
 NaN NaN
   1494.90918       6.36050463    
   1518.78149       6.36050463    
 NaN NaN
   1583.92834       6.36050463    
   1776.99622       6.36050463    
 NaN NaN
   0.00000000       7.10488749    
   1403.36926       7.10488749    
 NaN NaN
   1403.36926       7.10488749    
   1776.99622       7.10488749    
 NaN NaN
   0.00000000       7.84926987    
   1776.99622       7.84926987    
 NaN NaN
   0.00000000       8.59365273    
   1776.99622       8.59365273    
 NaN NaN
   0.00000000       9.33803463    
   1776.99622       9.33803463    
 NaN NaN
   0.00000000       10.0824175    
   1776.99622       10.0824175    
 NaN NaN
   0.00000000       10.8268003    
   1776.99622       10.8268003    
 NaN NaN
   0.00000000       11.5711823    
   1776.99622       11.5711823    
 NaN NaN
   0.00000000       12.3155651    
   1776.99622       12.3155651    
 NaN NaN
   0.00000000       13.0599480    
   1776.99622       13.0599480    
 NaN NaN
   0.00000000       13.8043308    
   1776.99622       13.8043308    
 NaN NaN
   0.00000000       14.5487127    
   1776.99622       14.5487127    
 NaN NaN
   0.00000000       15.2930956    
   1776.99622       15.2930956    
 NaN NaN
   0.00000000       16.0374775    
   1776.99622       16.0374775    
 NaN NaN
   0.00000000       16.7818604    
   1776.99622       16.7818604    
 NaN NaN
   0.00000000       17.5262432    
   1776.99622       17.5262432    
 NaN NaN
   0.00000000       18.2706261    
   1776.99622       18.2706261    
 NaN NaN
   0.00000000       19.0150089    
   1776.99622       19.0150089    
 NaN NaN
   0.00000000       19.7593918    
   1776.99622       19.7593918    
 NaN NaN
   0.00000000       20.5037727    
   1776.99622       20.5037727    
 NaN NaN
   0.00000000       21.2481556    
   1776.99622       21.2481556    
 NaN NaN
   0.00000000       21.9925385    
   1776.99622       21.9925385    
 NaN NaN
   0.00000000       22.7369213    
   1776.99622       22.7369213    
 NaN NaN
   0.00000000       23.4813042    
   1776.99622       23.4813042    
 NaN NaN
   0.00000000       24.2256870    
   1776.99622       24.2256870    
 NaN NaN
   0.00000000       24.9700680    
   1776.99622       24.9700680    
 NaN NaN
   0.00000000       25.7144508    
   1776.99622       25.7144508    
 NaN NaN
   0.00000000       26.4588337    
   1776.99622       26.4588337    
 NaN NaN
   0.00000000       27.2032166    
   1776.99622       27.2032166    
 NaN NaN
   0.00000000       27.9475994    
   1776.99622       27.9475994    
 NaN NaN
   0.00000000       28.6919823    
   1776.99622       28.6919823    
 NaN NaN
   0.00000000       29.4363632    
   1776.99622       29.4363632    
 NaN NaN
   0.00000000       30.1807461    
   1776.99622       30.1807461    
 NaN NaN
   0.00000000       30.9251289    
   1776.99622       30.9251289    
 NaN NaN
   0.00000000       31.6695118    
   1776.99622       31.6695118    
 NaN NaN
   0.00000000       32.4138947    
   1776.99622       32.4138947    
 NaN NaN
   0.00000000       33.1582756    
   1776.99622       33.1582756    
 NaN NaN
   0.00000000       33.9026604    
   1776.99622       33.9026604    
 NaN NaN
   0.00000000       34.6470413    
   1776.99622       34.6470413    
 NaN NaN
   0.00000000       35.3914261    
   1776.99622       35.3914261    
 NaN NaN
   0.00000000       36.1358070    
   1776.99622       36.1358070    
 NaN NaN
   0.00000000       36.8801880    
   1776.99622       36.8801880    
 NaN NaN
   0.00000000       37.6245728    
   1776.99622       37.6245728    
 NaN NaN
   0.00000000       38.3689537    
   1776.99622       38.3689537    
 NaN NaN
   0.00000000       39.1133385    
   1776.99622       39.1133385    
 NaN NaN
   0.00000000       39.8577194    
   1776.99622       39.8577194    
 NaN NaN
   0.00000000       40.6021042    
   1776.99622       40.6021042    
 NaN NaN
   0.00000000       41.3464851    
   1776.99622       41.3464851    
 NaN NaN
   0.00000000       42.0908661    
   1776.99622       42.0908661    
 NaN NaN
   0.00000000       42.8352509    
   1776.99622       42.8352509    
 NaN NaN
   0.00000000       43.5796318    
   1776.99622       43.5796318    
 NaN NaN
   0.00000000       44.3240166    
   1776.99622       44.3240166    
 NaN NaN
