	RS=83.787* 
0	5.145023744
7.293864093	4.087367953
10.41806409	3.800856081
14.58772819	3.410711872
20.83917684	2.980943919
21.88159228	2.987040058
29.17240772	3.060191988
31.25724093	3.069335907
36.46932047	3.11810386
38.66387953	3.115056081
41.6753027	3.112008012
43.76013823	3.05409614
51.054	2.910840058
52.09641544	2.88950386
58.34786177	2.758440058
62.03898995	2.67309614
62.51143088	2.66090386
65.64172819	2.615183977
72.93254363	2.487167953
81.66811274	1.04546402
82.25028186	0.917447997
90.40368186	-3.992880116
91.56496912	-4.7244
99.13925098	-7.367016023
100.8827073	-8.00404807
107.8717691	-10.49426409
110.2004363	-11.30198456
116.6073382	-13.72819228
119.5151235	-14.76451158
125.3398564	-16.97126409
128.8328618	-18.19351158
134.0754255	-19.28164749
138.1506	-20.01926409
142.8079436	-20.58619228
147.4683382	-21.00681544
151.5435127	-21.31161544
156.7860765	-21.63775135
160.2760402	-21.96693591
166.1007637	-22.56129498
169.0116	-22.85695135
175.418502	-23.47874363
177.7441274	-23.63114363
184.7362402	-24.02738456
186.4796873	-24.09444093
194.0509274	-24.36875907
195.2152471	-24.40533591
203.3686471	-24.65527181
203.9508255	-24.66746409
212.6863853	-24.76804865
221.6505637	-24.66441544
222.1138471	-24.65222316
230.6116726	-24.47848726
231.5474108	-24.43276912
239.5728	-24.07005637
240.9779235	-24.02433591
248.5369598	-23.79878456
250.4114873	-23.78354363
257.4980873	-23.71648726
259.838949	-23.68295907
266.4592147	-23.51227181
269.2725127	-23.43607181
275.4233745	-23.241
278.7030255	-23.18308726
284.384502	-23.08555135
288.1365892	-22.9362
293.3486618	-22.72893591
297.564051	-22.6314
302.3097892	-22.52776912
306.9976147	-22.46071274
311.270898	-22.42413591
316.4281274	-22.44242316
320.2350765	-22.46985637
325.8616726	-22.62530502
329.1962039	-22.72284093
335.2891529	-22.91181544
338.1572941	-23.00630502
344.722698	-23.13736912
347.1214726	-23.18308726
354.1532294	-23.19527953
356.0826	-23.19223088
363.5867745	-23.05507181
365.0467784	-23.02764093
373.0142549	-22.83866409
374.0079059	-22.81732819
382.4478	-22.62225637
382.9689961	-22.61006409
391.8782941	-22.37232047
391.9331745	-22.37232047
400.894302	-22.13152819
401.3118765	-22.11933591
409.8554294	-21.90292819
410.7393196	-21.87854363
418.8195706	-21.69261544
420.172902	-21.67432819
427.780698	-21.55240772
429.6064471	-21.51887953
436.7418255	-21.37867181
439.0369784	-21.33904865
445.7060039	-21.24151274
448.4674726	-21.20493591
454.6701451	-21.13178456
457.8980039	-21.11044865
463.6343235	-21.08606409
467.331549	-21.07082316
472.595451	-21.02815135
476.7620804	-20.99157684
481.5565784	-20.94280772
486.1925745	-20.90623088
490.5207196	-20.86051274
495.6231059	-20.8026
499.4818471	-20.75383088
505.056651	-20.67458456
508.4429745	-20.62276912
514.4871451	-20.50389498
517.4071529	-20.44293591
523.9176765	-20.31187181
526.3682804	-20.25700772
533.3481706	-20.06498456
535.3324216	-20.01316912
542.7817529	-19.82419228
544.293549	-19.78456912
552.2122471	-19.63826409
553.2546765	-19.61692819
561.6427784	-19.431
562.2188549	-19.41880772
571.0732726	-19.23287953
571.1799451	-19.22983205
580.1410726	-18.99513591
580.5068549	-18.98599228
589.105251	-18.77567953
589.937349	-18.75739228
598.0663784	-18.60194363
599.3678804	-18.58670386
607.0275059	-18.51050386
608.7983745	-18.51050386
615.9916471	-18.53793591
618.2319196	-18.53183977
624.9528117	-18.48002433
627.665502	-18.4404
633.9169529	-18.33676795
637.0929451	-18.24837567
642.8780432	-18.06244749
646.5264902	-17.91309614
651.8392078	-17.69668842
655.9570588	-17.54123977
660.803349	-17.3736
665.3875529	-17.23034363
669.7644393	-17.09623205
674.8180471	-16.95907181
678.7256039	-16.83105637
684.2515922	-16.64817567
687.6897451	-16.53844749
693.6821607	-16.34642433
696.6509098	-16.27022433
703.1126549	-16.12696795
705.612	-16.07515251
712.543149	-15.96542433
714.5761412	-15.9258
721.9766941	-15.78254363
723.5373059	-15.75511158
731.4071883	-15.60880772
732.504498	-15.58442433
740.8377568	-15.36801544
741.4655883	-15.35277567
750.268251	-15.14856023
750.4267529	-15.14551158
759.3908941	-14.90167181
759.7017961	-14.89557567
768.3520588	-14.71879228
769.1322902	-14.70355251
777.313149	-14.53896023
778.5628588	-14.50238456
786.2772902	-14.27683205
787.9933529	-14.21587181
795.2384549	-13.94764749
797.426898	-13.84401544
804.1995451	-13.52397567
806.8573922	-13.40510386
813.1637607	-13.11249614
816.2879607	-12.98447953
822.124851	-12.68882433
825.7184549	-12.48765637
831.0859412	-12.19504749
835.152	-11.89634363
840.0501568	-11.54277567
844.5824941	-11.21968842
849.0112471	-10.89355251
854.0129883	-10.5918
857.9753883	-10.31443205
863.4466078	-9.906
866.9365529	-9.610344209
872.877102	-8.9916
875.8976432	-8.662416023
882.3106471	-7.92175193
884.8618588	-7.604760233
891.7380902	-6.797039767
893.822949	-6.516623744
901.1717098	-5.660135907
902.7840393	-5.428487837
908.0387883	-3.834383977
910.6022039	-3.057143919
911.7482549	-2.654808012
915.3600902	-0.475487983
920.035749	2.350008012
926.3756039	2.602991988
930.6061922	2.81635193
932.7185098	2.883408012
939.0613412	2.935224035
941.1767098	2.97484807
945.4042471	3.048
951.7471529	3.1242
951.7502039	3.1242
958.0900588	3.331464093
962.3206471	3.624072105
964.4328902	3.922775965
970.7757961	5.096255791
972.8880393	5.434583977
977.118702	5.538216023
983.4616078	4.696967953
	
