 Elev(m)    Area(m2)     Peri(m)      Radi(m)   Conv(m3/s)    topWidth(m)    newI1(m3)    dPdA(1/m)
   -17.01        0.00        0.00         NaN                 NaN               0.000           0.000             NaN
   -16.37       13.88       45.38        0.31             252.145              45.356           4.436           3.269
   -15.73       51.45       70.33        0.73            1671.029              70.258          25.313           0.664
   -15.09      108.02      125.03        0.86            3919.308             124.911          76.267           0.967
   -14.45      194.72      145.69        1.34            9451.074             145.521         173.000           0.238
   -13.82      294.23      167.18        1.76           17155.639             166.964         329.230           0.216
   -13.18      408.96      191.76        2.13           27103.324             191.496         553.913           0.214
   -12.54      537.63      210.78        2.55           40147.227             210.460         856.369           0.148
   -11.90      677.54      227.65        2.98           56075.473             227.273        1244.642           0.121
   -11.26      828.57      246.13        3.37           74443.609             245.701        1725.875           0.122
   -10.62      992.95      271.99        3.65           94167.070             271.512        2307.889           0.157
    -9.98     1179.56      311.03        3.79          114742.648             310.498        3002.055           0.209
    -9.34     1384.85      331.68        4.18          143631.359             331.085        3821.439           0.101
    -8.70     1603.17      353.15        4.54          175814.297             352.490        4776.177           0.098
    -8.06     1844.66      409.51        4.50          201254.781             408.782        5877.834           0.233
    -7.43     2124.68      452.47        4.70          238317.797             451.673        7146.125           0.153
    -6.79     2419.20      473.22        5.11          287170.281             472.345        8597.996           0.070
    -6.15     2731.15      500.69        5.45          338524.031             499.746       10243.646           0.088
    -5.51     3056.87      519.88        5.88          398338.906             518.865       12093.044           0.059
    -4.87     3394.47      539.69        6.29          462645.031             538.607       14154.386           0.059
    -4.23     3786.83      646.90        5.85          491995.062             645.742       16448.969           0.273
    -3.59     4205.16      664.05        6.33          575743.750             662.811       19002.584           0.041
    -2.95     4634.50      685.19        6.76          663018.125             683.866       21827.049           0.049
    -2.31     5080.21      710.80        7.15          753989.938             709.391       24931.109           0.057
    -1.67     5546.18      775.03        7.16          823827.188             773.538       28326.471           0.138
    -1.03     6085.60      875.56        6.95          886561.562             873.967       32043.078           0.186
    -0.40     6647.93      886.88        7.50         1018500.188             885.179       36111.719           0.020
     0.24     7216.03      894.64        8.07         1160890.125             892.694       40541.555           0.014
     0.88     7788.69      901.76        8.64         1311518.000             899.559       45335.891           0.012
     1.52     8365.03      906.44        9.23         1472135.750             903.963       50497.359           0.008
     2.16     8944.03      910.86        9.82         1640512.375             908.116       56027.980           0.008
     2.80     9525.83      916.02       10.40         1815353.125             913.013       61929.500           0.009
     3.44    10110.99      921.58       10.97         1996916.500             918.322       68203.898           0.010
     4.08    10701.43      939.03       11.40         2167751.750             935.541       74853.922           0.030
     4.72    11309.20      962.47       11.75         2338063.250             958.753       81886.797           0.039
     5.36    11923.85      968.75       12.31         2542618.750             964.786       89310.258           0.010
     5.99    12542.58      977.01       12.84         2750664.000             972.814       97127.820           0.013
     6.63    13167.71      995.10       13.23         2946666.500             990.649      105342.820           0.029
     7.27    13809.83     1020.25       13.54         3137397.500            1015.584      113962.727           0.039
     7.91    14470.68     1071.80       13.50         3281960.000            1066.944      122998.969           0.078
     8.55    15173.16     1167.37       13.00         3355176.750            1162.309      132470.828           0.136
     9.19    16016.92     1414.44       11.32         3230740.000            1409.142      142436.734           0.293
     9.83    16937.23     1454.86       11.64         3480028.500            1449.452      152966.312           0.044
    10.47    17866.08     1462.50       12.22         3790626.750            1456.978      164086.719           0.008
    11.11    18798.70     1467.46       12.81         4116829.250            1461.763      175801.906           0.005
    11.75    19734.33     1472.33       13.40         4454104.500            1466.468      188114.047           0.005
    12.39    20672.96     1477.07       14.00         4802456.000            1471.031      201025.062           0.005
    13.02    21614.45     1481.91       14.59         5161230.000            1475.689      214536.812           0.005
    13.66    22559.06     1487.20       15.17         5529445.500            1480.824      228651.219           0.006
    14.30    23507.44     1494.29       15.73         5903535.000            1487.791      243370.469           0.007
    14.94    24460.73     1501.52       16.29         6287653.000            1494.947      258697.359           0.008
    15.58    25416.06     1501.52       16.93         6702242.000            1494.947      274634.094           0.000
    16.22    26371.40     1501.52       17.56         7127353.000            1494.947      291181.312           0.000
    16.86    27326.73     1501.52       18.20         7562857.000            1494.947      308339.031           0.000
    17.50    28282.07     1501.52       18.84         8008632.500            1494.947      326107.281           0.000
    18.14    29237.41     1501.52       19.47         8464561.000            1494.947      344486.000           0.000
    18.78    30192.74     1501.52       20.11         8930531.000            1494.947      363475.250           0.000
    19.41    31148.08     1501.52       20.74         9406436.000            1494.947      383074.906           0.000
    20.05    32103.41     1501.52       21.38         9892173.000            1494.947      403285.156           0.000
    20.69    33058.75     1501.52       22.02        10387644.000            1494.947      424105.906           0.000
    21.33    34014.09     1501.52       22.65        10892753.000            1494.947      445537.125           0.000
    21.97    34969.42     1501.52       23.29        11407410.000            1494.947      467578.875           0.000
    22.61    35924.76     1501.52       23.93        11931528.000            1494.947      490231.125          -0.000
    23.25    36880.09     1501.52       24.56        12465022.000            1494.947      513493.875           0.000
    23.89    37835.43     1501.52       25.20        13007809.000            1494.947      537367.125           0.000
    24.53    38790.77     1501.52       25.83        13559811.000            1494.947      561850.875           0.000
    25.17    39746.11     1501.52       26.47        14120952.000            1494.947      586945.125           0.000
    25.81    40701.44     1501.52       27.11        14691156.000            1494.947      612649.875           0.000
    26.44    41656.78     1501.52       27.74        15270354.000            1494.947      638965.125           0.000
    27.08    42612.11     1501.52       28.38        15858477.000            1494.947      665890.875           0.000
    27.72    43567.45     1501.52       29.02        16455455.000            1494.947      693427.125           0.000
    28.36    44522.79     1501.52       29.65        17061224.000            1494.947      721573.875           0.000
    29.00    45478.12     1501.52       30.29        17675722.000            1494.947      750331.062           0.000
    29.64    46433.46     1501.52       30.92        18298888.000            1494.947      779698.812           0.000
    30.28    47388.79     1501.52       31.56        18930658.000            1494.947      809677.125           0.000
    30.92    48344.13     1501.52       32.20        19570980.000            1494.947      840265.875           0.000
    31.56    49299.46     1501.52       32.83        20219792.000            1494.947      871465.125           0.000
    32.20    50254.80     1501.52       33.47        20877042.000            1494.947      903275.000           0.000
    32.83    51210.14     1501.52       34.11        21542672.000            1494.947      935695.188           0.000
    33.47    52165.48     1501.52       34.74        22216636.000            1494.947      968726.062           0.000
    34.11    53120.81     1501.52       35.38        22898872.000            1494.947     1002367.188           0.000
    34.75    54076.14     1501.52       36.01        23589344.000            1494.947     1036618.875           0.000
    35.39    55031.48     1501.52       36.65        24287998.000            1494.947     1071481.250           0.000
    36.03    55986.82     1501.52       37.29        24994780.000            1494.947     1106954.000          -0.000
    36.67    56942.16     1501.52       37.92        25709654.000            1494.947     1143037.375           0.000
    37.31    57897.49     1501.52       38.56        26432560.000            1494.947     1179731.000           0.000
    37.95    58852.83     1501.52       39.20        27163468.000            1494.947     1217035.375           0.000
    38.59    59808.16     1501.52       39.83        27902326.000            1494.947     1254950.125           0.000
    39.22    60763.50     1501.52       40.47        28649098.000            1494.947     1293475.500           0.000
    39.86    61718.84     1501.52       41.10        29403738.000            1494.947     1332611.125           0.000
    40.50    62674.17     1501.52       41.74        30166202.000            1494.947     1372357.500           0.000
    41.14    63629.51     1501.52       42.38        30936460.000            1494.947     1412714.250           0.000
    41.78    64584.85     1501.52       43.01        31714466.000            1494.947     1453681.625           0.000
    42.42    65540.18     1501.52       43.65        32500174.000            1494.947     1495259.250           0.000
    43.06    66495.52     1501.52       44.29        33293564.000            1494.947     1537447.750           0.000
    43.70    67450.85     1501.52       44.92        34094584.000            1494.947     1580246.375           0.000
    44.34    68406.19     1501.52       45.56        34903208.000            1494.947     1623655.625           0.000
    44.98    69361.52     1501.52       46.19        35719392.000            1494.947     1667675.500           0.000
    45.62    70316.86     1501.52       46.83        36543108.000            1494.947     1712305.625           0.000
    46.25    71272.20     1501.52       47.47        37374312.000            1494.947     1757546.625           0.000
    46.89    72227.53     1501.52       48.10        38212984.000            1494.947     1803397.750           0.000
