 Elev(m)    Area(m2)     Peri(m)      Radi(m)   Conv(m3/s)    topWidth(m)    newI1(m3)    dPdA(1/m)
   -15.01        0.00        0.00         NaN                 NaN               0.000           0.000             NaN
   -14.51       22.09       87.58        0.25             352.725              87.568           5.464           3.965
   -14.02       82.34      154.15        0.53            2168.178             154.105          31.294           1.105
   -13.52      174.59      212.83        0.82            6119.633             212.732          94.843           0.636
   -13.03      291.43      259.69        1.12           12588.631             259.514         210.110           0.401
   -12.53      435.59      323.24        1.35           21257.180             322.986         389.934           0.441
   -12.04      610.14      396.23        1.54           32543.896             395.900         648.589           0.418
   -11.55      832.07      518.55        1.60           45617.844             518.111        1005.312           0.551
   -11.05     1112.48      644.83        1.73           64010.645             644.280        1486.289           0.450
   -10.56     1492.17      881.42        1.69           84781.539             880.757        2130.537           0.623
   -10.06     1929.54      888.39        2.17          129443.844             887.616        2976.881           0.016
    -9.57     2370.42      895.72        2.65          181407.766             894.844        4040.455           0.017
    -9.07     2815.08      903.92        3.11          240135.672             902.951        5323.064           0.018
    -8.58     3263.75      912.02        3.58          305434.250             910.957        6826.631           0.018
    -8.08     3716.28      919.19        4.04          377257.844             918.023        8553.110           0.016
    -7.59     4171.77      924.75        4.51          455594.438             923.476       10504.180           0.012
    -7.09     4629.95      930.21        4.98          539881.750             928.835       12681.241           0.012
    -6.60     5090.66      935.28        5.44          630069.688             933.793       15085.586           0.011
    -6.10     5553.82      940.35        5.91          725861.812             938.751       17718.447           0.011
    -5.61     6019.52      945.69        6.37          826986.562             943.991       20581.057           0.011
    -5.11     6487.78      950.94        6.82          933507.688             949.152       23674.676           0.011
    -4.62     6958.59      956.19        7.28         1045276.562             954.312       27000.572           0.011
    -4.13     7431.94      961.45        7.73         1162197.875             959.468       30560.000           0.011
    -3.63     7907.98      967.19        8.18         1283788.250             965.125       34354.250           0.012
    -3.14     8386.81      972.94        8.62         1410363.000             970.782       38384.691           0.012
    -2.64     8868.42      978.54        9.06         1542001.625             976.288       42652.688           0.012
    -2.15     9352.73      984.13        9.50         1678510.875             981.783       47159.602           0.012
    -1.65     9839.76      989.53        9.94         1820046.250             987.091       51906.773           0.011
    -1.16    10329.27      994.50       10.39         1966852.375             991.968       56895.488           0.010
    -0.66    10821.20      999.48       10.83         2118372.000             996.846       62126.953           0.010
    -0.17    11315.52     1004.26       11.27         2274856.500            1001.517       67602.359           0.010
     0.33    11811.95     1008.39       11.71         2436936.500            1005.527       73322.828           0.008
     0.82    12310.37     1012.52       12.16         2603611.500            1009.537       79289.367           0.008
     1.32    12810.77     1016.65       12.60         2774838.250            1013.548       85502.961           0.008
     1.81    13313.15     1020.78       13.04         2950574.250            1017.558       91964.586           0.008
     2.31    13817.87     1026.85       13.46         3126963.750            1023.525       98675.312           0.012
     2.80    14325.85     1033.64       13.86         3306340.750            1030.212      105636.531           0.013
     3.30    14837.01     1039.87       14.27         3491270.750            1036.342      112849.820           0.012
     3.79    15351.19     1046.09       14.67         3680578.000            1042.460      120316.727           0.012
     4.28    15868.04     1050.86       15.10         3877663.250            1047.105      128038.656           0.009
     4.78    16387.74     1067.13       15.36         4049918.750            1063.270      136016.969           0.031
     5.27    16922.21     1100.54       15.38         4185540.500            1096.571      144256.016           0.063
     5.77    17469.30     1119.39       15.61         4363802.500            1115.277      152762.594           0.034
     6.26    18025.00     1137.08       15.85         4549788.000            1132.792      161541.938           0.032
     6.76    18591.84     1156.15       16.08         4737923.000            1151.713      170598.938           0.034
     7.25    19162.44     1159.75       16.52         4972419.000            1155.178      179937.281           0.006
     7.75    19734.75     1163.36       16.96         5211598.500            1158.643      189558.312           0.006
     8.24    20308.88     1167.47       17.40         5453901.000            1162.629      199462.922           0.007
     8.74    20885.53     1174.31       17.79         5692198.500            1169.389      209652.156           0.012
     9.23    21465.91     1181.71       18.17         5933364.500            1176.717      220127.578           0.013
     9.73    22048.61     1184.14       18.62         6195749.000            1179.091      230890.688           0.004
    10.22    22631.89     1184.14       19.11         6471326.500            1179.091      241942.203           0.000
    10.72    23215.18     1184.14       19.61         6751681.500            1179.091      253282.250          -0.000
    11.21    23798.46     1184.14       20.10         7036771.000            1179.091      264910.844           0.000
    11.70    24381.75     1184.14       20.59         7326557.500            1179.091      276828.000           0.000
    12.20    24965.04     1184.14       21.08         7621003.500            1179.091      289033.688           0.000
    12.69    25548.32     1184.14       21.58         7920072.000            1179.091      301527.906           0.000
    13.19    26131.61     1184.14       22.07         8223726.500            1179.091      314310.719           0.000
    13.68    26714.89     1184.14       22.56         8531935.000            1179.091      327382.031           0.000
    14.18    27298.18     1184.14       23.05         8844661.000            1179.091      340741.906           0.000
    14.67    27881.46     1184.14       23.55         9161876.000            1179.091      354390.312           0.000
    15.17    28464.75     1184.14       24.04         9483544.000            1179.091      368327.281           0.000
    15.66    29048.03     1184.14       24.53         9809639.000            1179.091      382552.781           0.000
    16.16    29631.32     1184.14       25.02        10140127.000            1179.091      397066.875           0.000
    16.65    30214.60     1184.14       25.52        10474982.000            1179.091      411869.438           0.000
    17.15    30797.88     1184.14       26.01        10814174.000            1179.091      426960.594           0.000
    17.64    31381.17     1184.14       26.50        11157675.000            1179.091      442340.250           0.000
    18.14    31964.46     1184.14       26.99        11505462.000            1179.091      458008.531           0.000
    18.63    32547.74     1184.14       27.49        11857505.000            1179.091      473965.312           0.000
    19.13    33131.03     1184.14       27.98        12213778.000            1179.091      490210.625           0.000
    19.62    33714.31     1184.14       28.47        12574257.000            1179.091      506744.469           0.000
    20.11    34297.60     1184.14       28.96        12938920.000            1179.091      523566.938           0.000
    20.61    34880.88     1184.14       29.46        13307740.000            1179.091      540677.875           0.000
    21.10    35464.17     1184.14       29.95        13680694.000            1179.091      558077.375           0.000
    21.60    36047.45     1184.14       30.44        14057761.000            1179.091      575765.438           0.000
    22.09    36630.74     1184.14       30.93        14438918.000            1179.091      593742.062           0.000
    22.59    37214.02     1184.14       31.43        14824140.000            1179.091      612007.188           0.000
    23.08    37797.31     1184.14       31.92        15213412.000            1179.091      630560.875          -0.000
    23.58    38380.59     1184.14       32.41        15606707.000            1179.091      649403.125           0.000
    24.07    38963.88     1184.14       32.90        16004011.000            1179.091      668533.938          -0.000
    24.57    39547.16     1184.14       33.40        16405296.000            1179.091      687953.250           0.000
    25.06    40130.45     1184.14       33.89        16810548.000            1179.091      707661.125          -0.000
    25.56    40713.73     1184.14       34.38        17219746.000            1179.091      727657.500           0.000
    26.05    41297.02     1184.14       34.88        17632872.000            1179.091      747942.500          -0.000
    26.55    41880.30     1184.14       35.37        18049904.000            1179.091      768516.062           0.000
    27.04    42463.59     1184.14       35.86        18470828.000            1179.091      789378.062          -0.000
    27.54    43046.88     1184.14       36.35        18895622.000            1179.091      810528.688           0.000
    28.03    43630.16     1184.14       36.85        19324274.000            1179.091      831967.812          -0.000
    28.52    44213.45     1184.14       37.34        19756760.000            1179.091      853695.562           0.000
    29.02    44796.73     1184.14       37.83        20193072.000            1179.091      875711.750          -0.000
    29.51    45380.02     1184.14       38.32        20633182.000            1179.091      898016.562           0.000
    30.01    45963.30     1184.14       38.82        21077084.000            1179.091      920609.875          -0.000
    30.50    46546.59     1184.14       39.31        21524754.000            1179.091      943491.812           0.000
    31.00    47129.87     1184.14       39.80        21976184.000            1179.091      966662.188          -0.000
    31.49    47713.16     1184.14       40.29        22431350.000            1179.091      990121.125           0.000
    31.99    48296.44     1184.14       40.79        22890244.000            1179.091     1013868.625          -0.000
    32.48    48879.73     1184.14       41.28        23352844.000            1179.091     1037904.750           0.000
    32.98    49463.01     1184.14       41.77        23819142.000            1179.091     1062229.375          -0.000
    33.47    50046.30     1184.14       42.26        24289118.000            1179.091     1086842.500           0.000
    33.97    50629.58     1184.14       42.76        24762762.000            1179.091     1111744.125          -0.000
    34.46    51212.86     1184.14       43.25        25240052.000            1179.091     1136934.375           0.000
