 Elev(m)    dbdxp(-)    dbdxc(-)      I2p     I2c
  -27.1900005       0.00000000       0.00000000       0.00000000       0.00000000    
  -26.4799995      -2.57455595E-02  -1.24397036E-02  -3.24459327E-03  -1.56771799E-03
  -25.7700005      -7.27988721E-04   4.68349969E-03  -1.30701000E-02  -5.68062393E-03
  -25.0699997      -2.51561496E-03  -5.45194559E-03  -2.64553577E-02  -1.07961632E-02
  -24.3600006      -9.29480419E-03  -1.71303470E-02  -4.19231467E-02  -1.89261697E-02
  -23.6499996      -1.96953217E-04  -6.72747730E-04  -6.00755885E-02  -3.21457759E-02
  -22.9400005       4.05603554E-03   9.08020791E-03  -7.89378360E-02  -4.65494245E-02
  -22.2399998       1.54918144E-02   4.93994020E-02  -9.45914537E-02  -5.23357019E-02
  -21.5300007       3.08461338E-02   1.13970041E-02 -0.102200568      -4.32781279E-02
  -20.8199997       9.67390742E-03  -9.46640852E-04  -9.88634154E-02  -2.52416525E-02
  -20.1200008      -1.48275429E-02  -1.25229955E-02  -9.11881477E-02  -7.85832480E-03
  -19.4099998      -2.18915772E-02  -1.97108146E-02  -8.86709616E-02   4.03785286E-03
  -18.7000008      -1.84617676E-02  -1.95343848E-02  -9.58668441E-02   6.92584226E-03
  -17.9899998      -1.23593817E-02  -1.22109372E-02 -0.112032533       8.67247058E-04
  -17.2900009      -1.18455840E-02  -1.10812951E-02 -0.134850457      -1.19857648E-02
  -16.5799999      -1.56279299E-02  -9.61347483E-03 -0.164463624      -3.05239651E-02
  -15.8699999      -2.77766492E-02  -2.08825562E-02 -0.203009188      -5.55134751E-02
  -15.1599998      -3.17277201E-02  -4.68989573E-02 -0.254523873      -9.28884372E-02
  -14.4600000      -2.09846031E-02  -2.98819710E-02 -0.319349468     -0.147835180    
  -13.7500000      -2.45657768E-02  -2.14006528E-02 -0.397389859     -0.219567880    
  -13.0400000      -2.89980341E-02  -2.71801930E-02 -0.487921149     -0.303885877    
  -12.3400002      -4.12575603E-02  -3.62344421E-02 -0.592686594     -0.401044309    
  -11.6300001      -5.10653928E-02  -3.87947522E-02 -0.719311237     -0.516923964    
  -10.9200001      -5.05009778E-02  -6.35166839E-02 -0.870370805     -0.655153036    
  -10.2100000      -4.11066003E-02  -4.61058691E-02  -1.04577518     -0.820091128    
  -9.51000023      -4.54580672E-02  -4.27719429E-02  -1.24100053      -1.00752759    
  -8.80000019      -2.90965121E-02  -2.52006017E-02  -1.45916414      -1.21724880    
  -8.09000015      -2.17939932E-02  -2.00327691E-02  -1.69313705      -1.44123673    
  -7.38000011      -1.88990720E-02  -1.59410425E-02  -1.93865168      -1.67545891    
  -6.67999983      -1.75677724E-02  -1.94216315E-02  -2.19036031      -1.91530859    
  -5.96999979      -2.12250352E-02  -2.29247697E-02  -2.45508385      -2.16831422    
  -5.26000023      -2.44090576E-02  -2.48399526E-02  -2.73044682      -2.43267608    
  -4.55999994      -2.67909914E-02  -2.59496402E-02  -3.01405454      -2.70565009    
  -3.84999990      -2.81237513E-02  -2.65330374E-02  -3.31499457      -2.99544740    
  -3.14000010      -2.87100673E-02  -2.65004281E-02  -3.63001752      -3.29854202    
  -2.43000007      -2.90045235E-02  -2.64201220E-02  -3.95947671      -3.61498976    
  -1.73000002      -2.96951588E-02  -2.75320802E-02  -4.29886436      -3.94035530    
  -1.01999998      -3.11463494E-02  -3.01249176E-02  -4.65805960      -4.28433704    
 -0.310000002      -3.50505337E-02  -2.95830537E-02  -5.03326511      -4.64311028    
  0.389999986      -3.37095000E-02  -3.60888354E-02  -5.42007637      -5.01252508    
   1.10000002      -3.63865383E-02  -3.87128256E-02  -5.82978916      -5.40480185    
   1.80999994      -3.77970077E-02  -3.97759490E-02  -6.25768471      -5.81639767    
   2.51999998      -4.13171835E-02  -2.41071377E-02  -6.70489979      -6.24593544    
   3.22000003      -2.55057663E-02  -3.98458727E-02  -7.16406727      -6.68542099    
   3.93000007      -3.60469818E-02  -4.06667814E-02  -7.64585257      -7.14927578    
   4.63999987      -5.69710694E-02  -3.55336703E-02  -8.14711761      -7.63288021    
   5.34999990      -4.19278331E-02  -5.78610897E-02  -8.67256927      -8.13785839    
   6.05000019      -5.86990342E-02  -5.28624691E-02  -9.21559048      -8.66128254    
   6.76000023      -5.44218719E-02  -5.37383743E-02  -9.79312420      -9.21937275    
   7.46999979      -6.77663460E-02  -3.88340130E-02  -10.4003134      -9.80256367    
   8.17000008      -4.81985398E-02  -5.99630065E-02  -11.0287476      -10.4014940    
   8.88000011      -4.81985398E-02  -4.82038930E-02  -11.6927128      -11.0348854    
   9.59000015      -4.81985398E-02  -4.82038930E-02  -12.3809757      -11.6940584    
   10.3000002      -4.81985398E-02  -4.82038930E-02  -13.0935345      -12.3775301    
   11.0000000      -4.81985398E-02  -4.82038930E-02  -13.8201838      -13.0755053    
   11.7100000      -4.81985398E-02  -4.82038930E-02  -14.5813370      -13.8075762    
   12.4200001      -4.81985398E-02  -4.82038930E-02  -15.3667870      -14.5639477    
   13.1300001      -4.81985398E-02  -4.82038930E-02  -16.1765347      -15.3446188    
   13.8299999      -4.81985398E-02  -4.82038930E-02  -16.9990025      -16.1384220    
   14.5400000      -4.81985398E-02  -4.82038930E-02  -17.8573437      -16.9676933    
   15.2500000      -4.81985398E-02  -4.82038930E-02  -18.7399807      -17.8212624    
   15.9499998      -4.81985398E-02  -4.82038930E-02  -19.6343117      -18.6869373    
   16.6599998      -4.81985398E-02  -4.82038930E-02  -20.5655441      -19.5891075    
   17.3700008      -4.81985398E-02  -4.82038930E-02  -21.5210743      -20.5155773    
   18.0799999      -4.81985398E-02  -4.82038930E-02  -22.5008984      -21.4663429    
   18.7800007      -4.81985398E-02  -4.82038930E-02  -23.4910507      -22.4278507    
   19.4899998      -4.81985398E-02  -4.82038930E-02  -24.5194683      -23.4272175    
   20.2000008      -4.81985398E-02  -4.82038930E-02  -25.5721855      -24.4508858    
   20.9099998      -4.81985398E-02  -4.82038930E-02  -26.6491966      -25.4988499    
   21.6100006      -4.81985398E-02  -4.82038930E-02  -27.7351685      -26.5561867    
   22.3199997      -4.81985398E-02  -4.82038930E-02  -28.8607731      -27.6527500    
   23.0300007      -4.81985398E-02  -4.82038930E-02  -30.0106792      -28.7736187    
   23.7299995      -4.81985398E-02  -4.82038930E-02  -31.1685104      -29.9028225    
   24.4400005      -4.81985398E-02  -4.82038930E-02  -32.3670120      -31.0722904    
   25.1499996      -4.81985398E-02  -4.82038930E-02  -33.5898056      -32.2660522    
   25.8600006      -4.81985398E-02  -4.82038930E-02  -34.8368988      -33.4841194    
   26.5599995      -4.81985398E-02  -4.82038930E-02  -36.0905495      -34.7091522    
   27.2700005      -4.81985398E-02  -4.82038930E-02  -37.3862343      -35.9758186    
   27.9799995      -4.81985398E-02  -4.82038930E-02  -38.7062149      -37.2667770    
   28.6900005      -4.81985398E-02  -4.82038930E-02  -40.0504951      -38.5820427    
   29.3899994      -4.81985398E-02  -4.82038930E-02  -41.3999672      -39.9029083    
   30.1000004      -4.81985398E-02  -4.82038930E-02  -42.7928391      -41.2667694    
   30.8099995      -4.81985398E-02  -4.82038930E-02  -44.2100105      -42.6549301    
   31.5100002      -4.81985398E-02  -4.82038930E-02  -45.6313477      -44.0476685    
   32.2200012      -4.81985398E-02  -4.82038930E-02  -47.0971107      -45.4844322    
   32.9300003      -4.81985398E-02  -4.82038930E-02  -48.5871696      -46.9454918    
   33.6399994      -4.81985398E-02  -4.82038930E-02  -50.1015282      -48.4308472    
   34.3400002      -4.81985398E-02  -4.82038930E-02  -51.6186829      -49.9194183    
   35.0499992      -4.81985398E-02  -4.82038930E-02  -53.1816330      -51.4533730    
   35.7599983      -4.81985398E-02  -4.82038930E-02  -54.7688789      -53.0116310    
   36.4700012      -4.81985398E-02  -4.82038930E-02  -56.3804321      -54.5941963    
   37.1699982      -4.81985398E-02  -4.82038930E-02  -57.9933968      -56.1785851    
   37.8800011      -4.81985398E-02  -4.82038930E-02  -59.6535416      -57.8097496    
   38.5900002      -4.81985398E-02  -4.82038930E-02  -61.3379745      -59.4652061    
   39.2900009      -4.81985398E-02  -4.82038930E-02  -63.0228157      -61.1214752    
   40.0000000      -4.81985398E-02  -4.82038930E-02  -64.7558441      -62.8255310    
   40.7099991      -4.81985398E-02  -4.82038930E-02  -66.5131683      -64.5538864    
   41.4199982      -4.81985398E-02  -4.82038930E-02  -68.2947922      -66.3065338    
   42.1199989      -4.81985398E-02  -4.82038930E-02  -70.0754471      -68.0586395    
   42.8300018      -4.81985398E-02  -4.82038930E-02  -71.9056702      -69.8599014    
   43.5400009      -4.81985398E-02  -4.82038930E-02  -73.7601852      -71.6854477    
