 Elev(m)    dbdxp(-)    dbdxc(-)      I2p     I2c
  -28.6900005       0.00000000       0.00000000       0.00000000       0.00000000    
  -27.9699993      -7.48381208E-05   2.98017077E-03  -9.69905341E-06   3.86231433E-04
  -27.2500000      -1.60206167E-04   4.91153402E-03  -5.95589518E-05   2.18146062E-03
  -26.5400009       1.13193342E-03   9.09693073E-03  -1.28286492E-05   6.77581644E-03
  -25.8199997       7.63683871E-04   1.09864324E-02   4.04394959E-04   1.58276353E-02
  -25.1000004      -1.27844769E-03   6.79899799E-03   1.00057595E-03   2.97872350E-02
  -24.3799992      -1.81353539E-02   2.76781211E-04  -9.85992025E-04   4.69688885E-02
  -23.6700001      -3.74817215E-02  -8.89762677E-03  -1.26340454E-02   6.36988804E-02
  -22.9500008      -2.98870411E-02  -2.74706446E-02  -4.02836166E-02   7.48496428E-02
  -22.2299995      -8.29062983E-03  -4.05753553E-02  -8.16121027E-02   7.24683106E-02
  -21.5200005      -4.38876590E-03  -2.78061125E-02 -0.128888816       5.25615104E-02
  -20.7999992      -1.60977768E-03  -2.00630389E-02 -0.179229081       1.74329877E-02
  -20.0799999      -8.64353683E-03  -1.79767795E-02 -0.231675446      -2.88292654E-02
  -19.3600006      -1.65764466E-02  -1.98311210E-02 -0.288719147      -8.49213898E-02
  -18.6499996      -2.21027248E-02  -2.28220206E-02 -0.353206664     -0.150594309    
  -17.9300003      -2.82432176E-02  -2.58422736E-02 -0.430069387     -0.228948936    
  -17.2099991      -3.77364270E-02  -3.15611735E-02 -0.522008181     -0.321050197    
  -16.5000000      -3.77240181E-02  -4.80415672E-02 -0.630881608     -0.429524690    
  -15.7799997      -5.49441949E-02  -4.55887578E-02 -0.762940466     -0.561832964    
  -15.0600004      -5.76643571E-02  -5.39174117E-02 -0.921603024     -0.719171524    
  -14.3400002      -6.68206066E-02  -5.69995902E-02  -1.11099315     -0.903781235    
  -13.6300001     -0.194375500      -6.46241009E-02  -1.34751320      -1.11576450    
  -12.9099998     -0.828611076     -0.105421625      -1.75331831      -1.36831200    
  -12.1899996      -1.00681734     -0.179038033      -2.52957487      -1.67976344    
  -11.4799995     -0.972576976     -0.207949042      -3.78614807      -2.07339668    
  -10.7600002     -0.683964550     -0.439704925      -5.52802277      -2.60595727    
  -10.0400000     -0.214499041     -0.849401891      -7.60102892      -3.38952303    
  -9.31999969     -0.139010757     -0.829889178      -9.83629131      -4.55779409    
  -8.60999966     -0.128485516     -0.685783148      -12.1203537      -6.12088394    
  -7.88999987     -0.120084628     -0.537124515      -14.5029783      -8.05814266    
  -7.17000008     -0.114563636     -0.228696615      -16.9482288      -10.2531404    
  -6.44999981     -0.110599853     -0.118604593      -19.4530735      -12.5924015    
  -5.73999977     -0.106820449     -0.109677747      -21.9800797      -14.9731417    
  -5.01999998     -0.104253493     -0.103865623      -24.5978146      -17.4442577    
  -4.30000019     -0.101692580      -8.54307786E-02  -27.2695942      -19.9675808    
  -3.58999991      -9.44863260E-02  -6.60881475E-02  -29.9560127      -22.4996872    
  -2.86999989      -7.47639388E-02  -7.48010054E-02  -32.7272682      -25.1050777    
  -2.15000010      -8.00593346E-02 -0.110522851      -35.5405235      -27.7527447    
  -1.42999995     -0.121560685     -0.119643308      -38.3999748      -30.4542599    
 -0.720000029     -0.147898301     -0.122269921      -41.2804031      -33.1790199    
   0.00000000     -0.197092250     -0.124913402      -44.2805367      -36.0051041    
  0.720000029     -0.254085541     -0.127540335      -47.3838577      -38.8959427    
   1.42999995     -0.278065413     -0.136863008      -50.5707016      -41.8131561    
   2.15000010     -0.263747394     -0.181829557      -53.9406471      -44.8465500    
   2.86999989     -0.213510603     -0.259605736      -57.4426651      -47.9784508    
   3.58999991     -0.186215565     -0.296477199      -61.0583382      -51.2396317    
   4.30000019     -0.327291816     -0.302092999      -64.7414322      -54.6041641    
   5.01999998     -0.409688711     -0.189297035      -68.6375198      -58.1562500    
   5.73999977     -0.229359880     -0.364193022      -72.7119522      -61.8437500    
   6.44999981     -0.205121487     -0.227846265      -76.8677673      -65.6275024    
   7.17000008     -0.166499868     -0.229418740      -81.1857986      -69.5994492    
   7.88999987     -0.166499868     -0.208408341      -85.5951385      -73.6874084    
   8.60999966     -0.166499868     -0.174642548      -90.0907974      -77.8817520    
   9.31999969     -0.166499868     -0.166499868      -94.6097336      -82.1110001    
   10.0400000     -0.166499868     -0.166499868      -99.2780228      -86.4865723    
   10.7600002     -0.166499868     -0.166499868      -104.032623      -90.9484558    
   11.4799995     -0.166499868     -0.166499868      -108.873535      -95.4966431    
   12.1899996     -0.166499868     -0.166499868      -113.732933      -100.067383    
   12.9099998     -0.166499868     -0.166499868      -118.746475      -104.788208    
   13.6300001     -0.166499868     -0.166499868      -123.846336      -109.595345    
   14.3400002     -0.166499868     -0.166499868      -128.961075      -114.421425    
   15.0600004     -0.166499868     -0.166499868      -134.233551      -119.401192    
   15.7799997     -0.166499868     -0.166499868      -139.592346      -124.467262    
   16.5000000     -0.166499868     -0.166499868      -145.037460      -129.619659    
   17.2099991     -0.166499868     -0.166499868      -150.492645      -134.786194    
   17.9300003     -0.166499868     -0.166499868      -156.110397      -140.111221    
   18.6499996     -0.166499868     -0.166499868      -161.814453      -145.522537    
   19.3600006     -0.166499868     -0.166499868      -167.524994      -150.944443    
   20.0799999     -0.166499868     -0.166499868      -173.401672      -156.528381    
   20.7999992     -0.166499868     -0.166499868      -179.364655      -162.198654    
   21.5200005     -0.166499868     -0.166499868      -185.413971      -167.955246    
   22.2299995     -0.166499868     -0.166499868      -191.464966      -173.717590    
   22.9500008     -0.166499868     -0.166499868      -197.686920      -179.646820    
   23.6700001     -0.166499868     -0.166499868      -203.995148      -185.662338    
   24.3799992     -0.166499868     -0.166499868      -210.301498      -191.680023    
   25.1000004     -0.166499868     -0.166499868      -216.782379      -197.868179    
   25.8199997     -0.166499868     -0.166499868      -223.349564      -204.142639    
   26.5400009     -0.166499868     -0.166499868      -230.003082      -210.503433    
   27.2500000     -0.166499868     -0.166499868      -236.649872      -216.861572    
   27.9699993     -0.166499868     -0.166499868      -243.475998      -223.394989    
   28.6900005     -0.166499868     -0.166499868      -250.388443      -230.014709    
   29.3999996     -0.166499868     -0.166499868      -257.290588      -236.628204    
   30.1200008     -0.166499868     -0.166499868      -264.375671      -243.420563    
   30.8400002     -0.166499868     -0.166499868      -271.547058      -250.299225    
   31.5599995     -0.166499868     -0.166499868      -278.804749      -257.264191    
   32.2700005     -0.166499868     -0.166499868      -286.047363      -264.218170    
   32.9900017     -0.166499868     -0.166499868      -293.477692      -271.355774    
   33.7099991     -0.166499868     -0.166499868      -300.994324      -278.579651    
   34.4300003     -0.166499868     -0.166499868      -308.597290      -285.889923    
   35.1399994     -0.166499868     -0.166499868      -316.180328      -293.184326    
   35.8600006     -0.166499868     -0.166499868      -323.955933      -300.667175    
   36.5800018     -0.166499868     -0.166499868      -331.817841      -308.236359    
   37.2900009     -0.166499868     -0.166499868      -339.656250      -315.786133    
   38.0099983     -0.166499868     -0.166499868      -347.690735      -323.527893    
   38.7299995     -0.166499868     -0.166499868      -355.811584      -331.356018    
   39.4500008     -0.166499868     -0.166499868      -364.018738      -339.270477    
   40.1599998     -0.166499868     -0.166499868      -372.197601      -347.160675    
   40.8800011     -0.166499868     -0.166499868      -380.577393      -355.247742    
   41.5999985     -0.166499868     -0.166499868      -389.043457      -363.421082    
   42.3100014     -0.166499868     -0.166499868      -397.477722      -371.566681    
   43.0299988     -0.166499868     -0.166499868      -406.116394      -379.912628    
