 Elev(m)    Area(m2)     Peri(m)      Radi(m)   Conv(m3/s)    topWidth(m)    newI1(m3)    dPdA(1/m)
   -20.18        0.00        0.00         NaN                 NaN               0.000           0.000             NaN
   -19.51       14.30       35.69        0.40             310.720              35.661           4.786           2.497
   -18.84       49.76       70.42        0.71            1579.220              70.344          26.231           0.979
   -18.18      105.65       95.72        1.10            4513.181              95.580          78.256           0.453
   -17.51      177.17      118.30        1.50            9276.947             118.088         172.934           0.316
   -16.84      263.45      140.01        1.88           16061.674             139.726         320.438           0.252
   -16.17      363.95      159.39        2.28           25243.682             159.030         530.467           0.193
   -15.50      475.58      174.81        2.72           37072.688             174.374         811.508           0.138
   -14.83      597.67      190.86        3.13           51169.980             190.348        1170.790           0.131
   -14.16      730.08      205.97        3.54           67889.852             205.381        1615.270           0.114
   -13.49      873.63      225.16        3.88           86287.555             224.506        2152.133           0.134
   -12.82     1031.10      246.08        4.19          107194.344             245.369        2789.765           0.133
   -12.15     1202.55      267.31        4.50          131086.203             266.540        3537.505           0.124
   -11.48     1387.24      287.17        4.83          158570.406             286.328        4404.466           0.108
   -10.81     1584.36      303.36        5.22          190770.828             302.443        5399.245           0.082
   -10.14     1792.53      321.01        5.58          225677.625             320.014        6529.699           0.085
    -9.47     2014.11      346.19        5.82          260606.859             345.114        7804.014           0.114
    -8.80     2262.39      389.01        5.82          292661.344             387.852        9235.621           0.172
    -8.13     2529.70      413.82        6.11          338299.938             412.591       10839.828           0.093
    -7.46     2832.18      479.42        5.91          370211.438             478.143       12634.780           0.217
    -6.79     3166.16      514.54        6.15          425272.094             513.201       14642.796           0.105
    -6.12     3518.40      541.07        6.50          490308.031             539.661       16880.531           0.075
    -5.45     3905.81      625.43        6.25          529820.625             623.973       19365.877           0.218
    -4.78     4337.91      667.03        6.50          604550.438             665.527       22125.561           0.096
    -4.12     4798.51      707.13        6.79          687971.000             705.599       25184.088           0.087
    -3.45     5278.32      730.46        7.23          789141.438             728.884       28557.428           0.049
    -2.78     5774.50      754.49        7.65          897044.500             752.875       32257.492           0.048
    -2.11     6285.54      774.02        8.12         1015776.312             772.345       36294.734           0.038
    -1.44     6807.18      787.35        8.65         1146993.750             785.600       40677.680           0.026
    -0.77     7336.97      798.50        9.19         1287477.375             796.659       45412.602           0.021
    -0.10     7873.52      807.95        9.75         1436871.375             806.008       50504.492           0.018
     0.57     8416.21      817.08       10.30         1593718.500             815.027       55957.672           0.017
     1.24     8964.82      825.93       10.85         1757926.875             823.765       61776.180           0.016
     1.91     9519.22      834.48       11.41         1929531.625             832.203       67963.930           0.015
     2.58    10079.12      842.71       11.96         2108522.000             840.319       74524.711           0.015
     3.25    10644.76      852.01       12.49         2292568.000             849.522       81462.273           0.016
     3.92    11216.71      861.82       13.02         2482518.000             859.233       88780.664           0.017
     4.59    11796.72      883.71       13.35         2655357.000             881.047       96484.680           0.038
     5.26    12390.20      894.65       13.85         2858171.000             891.905      104581.547           0.018
     5.93    12991.25      906.47       14.33         3066036.000             903.641      113078.289           0.020
     6.60    13600.64      925.42       14.70         3264123.000             922.515      121980.234           0.031
     7.27    14234.16      957.13       14.87         3443233.750             954.108      131298.266           0.050
     7.94    14880.17      983.80       15.13         3640270.750             980.645      141044.641           0.041
     8.61    15563.60     1057.24       14.72         3739343.500            1053.894      151236.047           0.107
     9.28    16287.85     1100.86       14.80         3926566.500            1097.349      161898.703           0.060
     9.94    17026.30     1110.44       15.33         4203362.500            1106.810      173051.000           0.013
    10.61    17769.75     1117.56       15.90         4494516.500            1113.796      184699.391           0.010
    11.28    18517.49     1123.60       16.48         4796841.500            1119.691      196846.984           0.008
    11.95    19269.11     1129.81       17.06         5106921.000            1125.751      209496.500           0.008
    12.62    20024.99     1136.40       17.62         5424069.000            1132.203      222650.656           0.009
    13.29    20785.83     1147.59       18.11         5734313.000            1143.335      236312.562           0.015
    13.96    21551.33     1147.59       18.78         6090584.000            1143.335      250485.438           0.000
    14.63    22316.81     1147.59       19.45         6455392.000            1143.335      265170.812           0.000
    15.30    23082.30     1147.59       20.11         6828640.500            1143.335      280368.688          -0.000
    15.97    23847.79     1147.59       20.78         7210234.000            1143.335      296079.125           0.000
    16.64    24613.29     1147.59       21.45         7600081.000            1143.335      312302.062           0.000
    17.31    25378.78     1147.59       22.11         7998098.000            1143.335      329037.469           0.000
    17.98    26144.27     1147.59       22.78         8404200.000            1143.335      346285.406          -0.000
    18.65    26909.75     1147.59       23.45         8818307.000            1143.335      364045.844           0.000
    19.32    27675.25     1147.59       24.12         9240343.000            1143.335      382318.875           0.000
    19.99    28440.74     1147.59       24.78         9670234.000            1143.335      401104.344           0.000
    20.66    29206.22     1147.59       25.45        10107910.000            1143.335      420402.344          -0.000
    21.33    29971.72     1147.59       26.12        10553302.000            1143.335      440212.906           0.000
    22.00    30737.21     1147.59       26.78        11006341.000            1143.335      460535.906           0.000
    22.67    31502.70     1147.59       27.45        11466966.000            1143.335      481371.438          -0.000
    23.34    32268.19     1147.59       28.12        11935113.000            1143.335      502719.500           0.000
    24.00    33033.68     1147.59       28.79        12410725.000            1143.335      524580.062           0.000
    24.67    33799.17     1147.59       29.45        12893741.000            1143.335      546953.188           0.000
    25.34    34564.66     1147.59       30.12        13384106.000            1143.335      569838.750          -0.000
    26.01    35330.14     1147.59       30.79        13881764.000            1143.335      593236.875           0.000
    26.68    36095.64     1147.59       31.45        14386665.000            1143.335      617147.562           0.000
    27.35    36861.13     1147.59       32.12        14898756.000            1143.335      641570.688           0.000
    28.02    37626.62     1147.59       32.79        15417985.000            1143.335      666506.312          -0.000
    28.69    38392.11     1147.59       33.45        15944302.000            1143.335      691954.438           0.000
    29.36    39157.60     1147.59       34.12        16477665.000            1143.335      717915.125           0.000
    30.03    39923.09     1147.59       34.79        17018026.000            1143.335      744388.375           0.000
    30.70    40688.58     1147.59       35.46        17565338.000            1143.335      771374.062          -0.000
    31.37    41454.07     1147.59       36.12        18119556.000            1143.335      798872.250           0.000
    32.04    42219.56     1147.59       36.79        18680640.000            1143.335      826883.062           0.000
    32.71    42985.05     1147.59       37.46        19248548.000            1143.335      855406.250           0.000
    33.38    43750.54     1147.59       38.12        19823242.000            1143.335      884442.062          -0.000
    34.05    44516.03     1147.59       38.79        20404676.000            1143.335      913990.375           0.000
    34.72    45281.52     1147.59       39.46        20992808.000            1143.335      944051.062           0.000
    35.39    46047.01     1147.59       40.12        21587614.000            1143.335      974624.438          -0.000
    36.06    46812.50     1147.59       40.79        22189050.000            1143.335     1005710.312           0.000
    36.73    47577.99     1147.59       41.46        22797074.000            1143.335     1037308.562           0.000
    37.40    48343.48     1147.59       42.13        23411656.000            1143.335     1069419.500           0.000
    38.06    49108.97     1147.59       42.79        24032762.000            1143.335     1102042.750          -0.000
    38.73    49874.46     1147.59       43.46        24660356.000            1143.335     1135178.625           0.000
    39.40    50639.95     1147.59       44.13        25294402.000            1143.335     1168827.125           0.000
    40.07    51405.44     1147.59       44.79        25934868.000            1143.335     1202987.875           0.000
    40.74    52170.93     1147.59       45.46        26581732.000            1143.335     1237661.375          -0.000
    41.41    52936.42     1147.59       46.13        27234950.000            1143.335     1272847.250           0.000
    42.08    53701.91     1147.59       46.80        27894494.000            1143.335     1308545.750           0.000
    42.75    54467.40     1147.59       47.46        28560342.000            1143.335     1344756.750           0.000
    43.42    55232.89     1147.59       48.13        29232452.000            1143.335     1381480.125          -0.000
    44.09    55998.38     1147.59       48.80        29910802.000            1143.335     1418716.125           0.000
    44.76    56763.87     1147.59       49.46        30595364.000            1143.335     1456464.750           0.000
    45.43    57529.36     1147.59       50.13        31286106.000            1143.335     1494725.625           0.000
    46.10    58294.85     1147.59       50.80        31983008.000            1143.335     1533499.250          -0.000
    46.77    59060.34     1147.59       51.46        32686038.000            1143.335     1572785.375           0.000
