 Elev(m)    Area(m2)     Peri(m)      Radi(m)   Conv(m3/s)    topWidth(m)    newI1(m3)    dPdA(1/m)
   -32.01        0.00        0.00         NaN                 NaN               0.000           0.000             NaN
   -31.21       29.22       57.33        0.51             745.916              57.306          11.582           1.962
   -30.42       90.40       98.28        0.92            3420.079              98.214          58.988           0.669
   -29.63      180.92      130.99        1.38            8974.716             130.892         166.511           0.361
   -28.84      318.99      217.22        1.47           16484.609             217.083         364.623           0.625
   -28.04      507.41      260.55        1.95           31650.828             260.378         692.122           0.230
   -27.25      723.13      283.96        2.55           53940.328             283.729        1179.785           0.109
   -26.46      956.70      306.16        3.12           81794.391             305.865        1845.503           0.095
   -25.67     1207.44      327.92        3.68          115166.484             327.568        2703.154           0.087
   -24.87     1477.57      355.85        4.15          152684.375             355.443        3767.224           0.103
   -24.08     1768.97      380.85        4.64          196983.609             380.369        5053.834           0.086
   -23.29     2082.00      410.50        5.07          245837.766             409.961        6579.979           0.095
   -22.50     2421.74      445.41        5.44          299524.125             444.822        8364.812           0.103
   -21.70     2784.96      470.23        5.92          364656.438             469.586       10428.232           0.068
   -20.91     3163.05      484.32        6.53          442060.562             483.582       12785.434           0.037
   -20.12     3550.99      496.08        7.16          527564.812             495.232       15446.208           0.030
   -19.33     3947.57      506.39        7.80          620798.688             505.426       18417.896           0.026
   -18.53     4352.13      516.23        8.43          721108.562             515.132       21707.080           0.024
   -17.74     4764.52      526.62        9.05          827480.875             525.391       25320.012           0.025
   -16.95     5184.95      536.90        9.66          940525.688             535.532       29263.000           0.024
   -16.16     5613.18      546.59       10.27         1060805.375             545.051       33542.312           0.023
   -15.36     6048.98      556.13       10.88         1187807.750             554.430       38164.039           0.022
   -14.57     6492.09      565.48       11.48         1321565.375             563.615       43134.074           0.021
   -13.78     6942.12      574.00       12.09         1463095.625             571.953       48458.066           0.019
   -12.98     7398.71      582.41       12.70         1611262.750             580.187       54141.348           0.018
   -12.19     7861.90      591.38       13.29         1764798.875             588.976       60189.141           0.019
   -11.40     8332.64      601.17       13.86         1923229.875             598.593       66607.055           0.021
   -10.61     8810.02      608.74       14.47         2092820.625             605.951       73400.703           0.016
    -9.81     9293.36      617.04       15.06         2267109.500             614.041       80575.094           0.017
    -9.02     9783.61      626.27       15.62         2445592.500             623.075       88135.320           0.019
    -8.23    10281.75      636.73       16.15         2627465.250             633.344       96087.234           0.021
    -7.44    10787.20      645.61       16.71         2820089.250             642.031      104436.883           0.018
    -6.64    11298.87      652.84       17.31         3023982.500             649.057      113189.617           0.014
    -5.85    11816.11      660.24       17.90         3233828.250             656.237      122350.109           0.014
    -5.06    12339.21      668.00       18.47         3448963.750             663.784      131922.891           0.015
    -4.27    12869.10      677.83       18.99         3663464.250             673.419      141912.953           0.019
    -3.47    13413.99      701.75       19.12         3835923.750             697.153      152328.969           0.044
    -2.68    13971.58      713.32       19.59         4060807.250             708.537      163181.906           0.021
    -1.89    14536.82      722.93       20.11         4299766.000             717.953      174479.812           0.017
    -1.10    15109.91      733.86       20.59         4540336.000             728.705      186228.828           0.019
    -0.30    15692.29      745.76       21.04         4784162.000             740.433      198435.766           0.020
     0.49    16284.96      762.61       21.35         5013848.000             757.135      211108.391           0.028
     1.28    16889.74      774.56       21.81         5273068.000             768.930      224255.547           0.020
     2.07    17503.39      786.11       22.27         5541276.000             780.339      237885.594           0.019
     2.87    18127.59      800.85       22.64         5802203.000             794.989      252006.188           0.024
     3.66    18763.97      817.34       22.96         6062676.500             811.400      266626.344           0.026
     4.45    19420.22      868.53       22.36         6165399.500             862.499      281758.781           0.078
     5.25    20229.02     1235.87       16.37         5216376.500            1229.646      297471.812           0.454
     6.04    21341.30     1617.15       13.20         4767180.000            1610.722      313946.156           0.343
     6.83    22661.01     1695.80       13.36         5104372.000            1689.291      331384.344           0.060
     7.62    24001.79     1700.52       14.11         5607176.000            1693.947      349876.844           0.004
     8.42    25344.42     1700.52       14.90         6139627.000            1693.947      369432.781           0.000
     9.21    26687.04     1700.52       15.69         6691223.500            1693.947      390052.906           0.000
    10.00    28029.67     1700.52       16.48         7261640.500            1693.947      411737.188           0.000
    10.79    29372.29     1700.52       17.27         7850571.000            1693.947      434485.625           0.000
    11.59    30714.92     1700.52       18.06         8457730.000            1693.947      458298.281           0.000
    12.38    32057.54     1700.52       18.85         9082846.000            1693.947      483175.062           0.000
    13.17    33400.17     1700.52       19.64         9725666.000            1693.947      509116.000           0.000
    13.96    34742.80     1700.52       20.43        10385948.000            1693.947      536121.125           0.000
    14.76    36085.42     1700.52       21.22        11063464.000            1693.947      564190.438           0.000
    15.55    37428.05     1700.52       22.01        11758000.000            1693.947      593323.875           0.000
    16.34    38770.68     1700.52       22.80        12469349.000            1693.947      623521.500           0.000
    17.13    40113.30     1700.52       23.59        13197312.000            1693.947      654783.312           0.000
    17.93    41455.93     1700.52       24.38        13941704.000            1693.947      687109.250           0.000
    18.72    42798.55     1700.52       25.17        14702345.000            1693.947      720499.375           0.000
    19.51    44141.18     1700.52       25.96        15479065.000            1693.947      754953.750           0.000
    20.30    45483.80     1700.52       26.75        16271693.000            1693.947      790472.125           0.000
    21.10    46826.43     1700.52       27.54        17080080.000            1693.947      827054.812           0.000
    21.89    48169.05     1700.52       28.33        17904068.000            1693.947      864701.625           0.000
    22.68    49511.68     1700.52       29.12        18743510.000            1693.947      903412.562           0.000
    23.48    50854.31     1700.52       29.91        19598272.000            1693.947      943187.688           0.000
    24.27    52196.93     1700.52       30.69        20468206.000            1693.947      984027.062           0.000
    25.06    53539.56     1700.52       31.48        21353196.000            1693.947     1025930.562           0.000
    25.85    54882.18     1700.52       32.27        22253098.000            1693.947     1068898.125           0.000
    26.65    56224.81     1700.52       33.06        23167804.000            1693.947     1112930.000           0.000
    27.44    57567.44     1700.52       33.85        24097186.000            1693.947     1158026.000           0.000
    28.23    58910.06     1700.52       34.64        25041134.000            1693.947     1204186.000           0.000
    29.02    60252.69     1700.52       35.43        25999532.000            1693.947     1251410.375           0.000
    29.82    61595.32     1700.52       36.22        26972280.000            1693.947     1299698.875           0.000
    30.61    62937.94     1700.52       37.01        27959260.000            1693.947     1349051.500           0.000
    31.40    64280.57     1700.52       37.80        28960386.000            1693.947     1399468.375           0.000
    32.19    65623.19     1700.52       38.59        29975540.000            1693.947     1450949.250           0.000
    32.99    66965.82     1700.52       39.38        31004650.000            1693.947     1503494.375           0.000
    33.78    68308.45     1700.52       40.17        32047600.000            1693.947     1557103.750           0.000
    34.57    69651.07     1700.52       40.96        33104304.000            1693.947     1611777.375           0.000
    35.36    70993.70     1700.52       41.75        34174680.000            1693.947     1667515.000           0.000
    36.16    72336.33     1700.52       42.54        35258644.000            1693.947     1724316.875           0.000
    36.95    73678.95     1700.52       43.33        36356088.000            1693.947     1782182.625           0.000
    37.74    75021.57     1700.52       44.12        37466956.000            1693.947     1841112.875           0.000
    38.53    76364.20     1700.52       44.91        38591156.000            1693.947     1901107.250           0.000
    39.33    77706.83     1700.52       45.70        39728616.000            1693.947     1962165.750           0.000
    40.12    79049.45     1700.52       46.49        40879252.000            1693.947     2024288.500           0.000
    40.91    80392.08     1700.52       47.27        42042984.000            1693.947     2087475.375           0.000
    41.70    81734.70     1700.52       48.06        43219756.000            1693.947     2151726.000           0.000
    42.50    83077.33     1700.52       48.85        44409480.000            1693.947     2217041.250           0.000
    43.29    84419.95     1700.52       49.64        45612092.000            1693.947     2283420.750           0.000
    44.08    85762.58     1700.52       50.43        46827524.000            1693.947     2350864.250           0.000
    44.88    87105.21     1700.52       51.22        48055712.000            1693.947     2419372.000           0.000
    45.67    88447.84     1700.52       52.01        49296584.000            1693.947     2488944.000           0.000
    46.46    89790.46     1700.52       52.80        50550076.000            1693.947     2559580.000           0.000
    47.25    91133.08     1700.52       53.59        51816116.000            1693.947     2631279.750           0.000
