160.79	RS=160.79  
0	10.35710386
9.107423744	10.20470386
18.21789614	7.607807721
27.32532047	6.754367953
30.37941544	6.745223744
36.43274363	6.726935907
45.54321544	5.1816
54.65064093	3.630167953
63.75806177	2.28295193
72.86853823	0.329184013
81.97596372	-0.987552003
91.08337991	-2.599943919
100.1938564	-5.346192279
109.3012819	-7.863839767
118.4087073	-10.15898456
127.5191745	-12.30172819
136.6266	-14.39875251
145.7340255	-15.57223205
154.8444927	-15.88312819
163.9519274	-15.89532047
173.0593529	-15.7734
182.1698108	-15.66672047
191.2772363	-15.58137567
200.3846618	-15.56308842
209.4951382	-15.58442433
218.6025637	-15.68196023
227.7099892	-15.86483977
236.8204471	-16.04772047
245.9278726	-16.05686409
255.035298	-15.82216795
264.1457745	-15.52346409
273.2532	-15.39544749
282.3606255	-15.58442433
291.471102	-16.09648842
300.5785274	-16.4592
309.6859529	-16.76704749
318.7964294	-16.75180772
327.9038549	-16.52625637
337.0112804	-16.2306
346.1217196	-15.99895251
355.2291451	-16.02638456
364.3365706	-16.20926409
373.4470471	-16.29460772
382.5544726	-16.35861544
391.661898	-16.46529614
400.7723745	-16.84324749
409.8798	-17.26692047
418.9872255	-18.50440772
428.097702	-18.86102433
437.2051274	-18.83968842
446.3125529	-18.85797567
455.4230294	-18.99208842
464.5304549	-18.92503205
473.6378804	-18.69643205
482.7483196	-18.46173591
491.8557451	-18.19960772
500.9631706	-17.96186409
510.0736471	-17.75764749
519.1810726	-17.65401544
528.288498	-17.57781544
537.3989745	-17.51076023
546.5064	-17.50771158
555.6138255	-17.55647953
564.724302	-17.61134363
573.8317274	-17.68449614
582.9391529	-17.69973591
592.0496294	-17.73326409
601.1570549	-17.89785637
610.2644804	-18.20875251
619.3749196	-18.48002433
628.4823451	-18.48002433
637.5898078	-17.88566409
646.7002471	-17.61439228
655.8077098	-17.71497567
664.915098	-17.6784
674.0256117	-17.87347181
683.133	-18.01672819
692.2403883	-17.87347181
701.350902	-17.65401544
710.4582902	-17.64487181
719.5657529	-17.74240772
728.6761922	-17.69363977
737.7836549	-17.24558456
746.8910432	-16.3068
756.0015568	-14.53591158
765.1089451	-11.2776
774.2164078	-7.120128186
783.3268471	-2.90169614
792.4343098	0.728472032
801.541698	3.294888128
810.6522117	4.471416023
819.7596	4.992623744
828.8669883	5.501639767
837.4196941	5.830823744
837.974451	5.852160233
847.0848902	6.25449614
856.1923529	6.562344209
865.2997412	6.522719884
874.4102549	6.498335907
883.5176432	6.495287837
892.6251059	6.684264093
901.7355451	7.885176256
910.8430078	9.640823744
	
