 Elev(m)    dbdxp(-)    dbdxc(-)      I2p     I2c
  -18.0900002       0.00000000       0.00000000       0.00000000       0.00000000    
  -17.4300003       1.66324023E-02   2.84721460E-02   1.81126781E-03   3.10061523E-03
  -16.7700005       1.90169252E-02   2.81576626E-02   9.31601319E-03   1.54688293E-02
  -16.1100006       2.32133344E-02  0.124243200       2.53018420E-02   5.06004728E-02
  -15.4499998      0.123892039       3.59081402E-02   6.19063415E-02  0.119769111    
  -14.7900000       4.15329188E-02   4.37001735E-02  0.132545352      0.215047494    
  -14.1300001       3.14904191E-02   6.33827671E-02  0.229151368      0.330656528    
  -13.4799995       4.81153280E-02   6.24688454E-02  0.340794563      0.469703943    
  -12.8199997       5.73222600E-02   6.12109527E-02  0.474173099      0.637853503    
  -12.1599998       5.46989776E-02   7.69148245E-02  0.631232858      0.834513664    
  -11.5000000       5.29873557E-02  0.123616710      0.812218785       1.06805360    
  -10.8400002       6.42683282E-02  0.172768369       1.01770091       1.35570776    
  -10.1800003      0.109412417      0.153221160       1.25486600       1.71113849    
  -9.52000046      0.166093364      0.151245996       1.54094744       2.13522577    
  -8.85999966      0.124589689      0.246455058       1.88868725       2.63578010    
  -8.21000004       9.21130180E-02  0.291595727       2.28593230       3.22999620    
  -7.55000019      0.242760614      0.165797487       2.74899268       3.94085693    
  -6.88999987      0.272182226      0.133720577       3.30459833       4.73414564    
  -6.23000002      0.188020021      0.124077208       3.96639681       5.58812571    
  -5.57000017       9.44759026E-02  0.292011440       4.70907497       6.51549149    
  -4.90999985      0.109262399      0.387213588       5.50470495       7.56213808    
  -4.25000000      0.381395608      0.138636038       6.37595367       8.74001598    
  -3.58999991      0.360417843      0.154315934       7.38141918       10.0070620    
  -2.94000006      0.240670353      0.261617512       8.51666737       11.3316250    
  -2.27999997      0.147578999      0.449373752       9.77611446       12.7985907    
  -1.62000000      0.277438790      0.370894164       11.1241245       14.4323101    
 -0.959999979      0.492721111       5.50089702E-02   12.6022902       16.2017384    
 -0.300000012      0.271645397       3.49439643E-02   14.2475662       18.0273418    
  0.360000014       5.62756620E-02   2.21090931E-02   16.0117912       19.8689556    
   1.01999998      -1.59509946E-02   3.53056751E-03   17.8161182       21.7195740    
   1.67999995       9.07566957E-03  -2.89615896E-02   19.6240883       23.5702152    
   2.32999992       2.98879854E-02  -5.30400909E-02   21.4081707       25.3811588    
   2.99000001       3.78121622E-02  -2.99097504E-02   23.2312527       27.2021389    
   3.65000010       4.17000167E-02   1.60485003E-02   25.0703640       29.0125751    
   4.30999994       4.08459976E-02   2.06121709E-02   26.9271240       30.8254929    
   4.96999979       4.08401601E-02   3.42412479E-02   28.8017673       32.6483765    
   5.63000011       4.39033695E-02   7.38228559E-02   30.6945381       34.4890060    
   6.28999996       8.60680863E-02  0.102781788       32.6106873       36.3606300    
   6.94999981      0.108168863      0.181490034       34.5621452       38.2824478    
   7.59999990      0.136950135      0.407991737       36.5315628       40.2698288    
   8.26000023      0.297130406      0.717282236       38.6048317       42.4735336    
   8.92000008      0.796033144       5.68217672E-02   40.8444138       44.8840790    
   9.57999992      0.438770741     -0.119883209       43.3375168       47.3720589    
   10.2399998       5.43733221E-03 -0.128647432       46.0134583       49.8261070    
   10.8999996     -0.119424529     -0.129467830       48.7253647       52.2249794    
   11.5600004     -0.130578086     -0.130353346       51.3976364       54.5674515    
   12.2100000     -0.132511213     -0.127830923       53.9739494       56.8184471    
   12.8699999     -0.132642522     -0.121963933       56.5328178       59.0491867    
   13.5299997     -0.127364814     -0.117469095       59.0344925       61.2266502    
   14.1899996     -0.118141197     -0.128258109       61.4811172       63.3512802    
   14.8500004     -0.113105923     -0.152342990       63.8758278       65.4185944    
   15.5100002     -0.138915822     -0.152342990       66.2179031       67.4221725    
   16.1700001     -0.152334496     -0.152342990       68.5008240       69.3593826    
   16.8299999     -0.152334496     -0.152342990       70.7188416       71.2302399    
   17.4799995     -0.152334496     -0.152342990       72.8374023       73.0068817    
   18.1399994     -0.152334496     -0.152342990       74.9227142       74.7450180    
   18.7999992     -0.152334496     -0.152342990       76.9416656       76.4167862    
   19.4599991     -0.152334496     -0.152342990       78.8942566       78.0222015    
   20.1200008     -0.152334496     -0.152342990       80.7804947       79.5612564    
   20.7800007     -0.152334496     -0.152342990       82.6003799       81.0339432    
   21.4400005     -0.152334496     -0.152342990       84.3538971       82.4402771    
   22.1000004     -0.152334496     -0.152342990       86.0410690       83.7802429    
   22.7500000     -0.152334496     -0.152342990       87.6368179       85.0340500    
   23.4099998     -0.152334496     -0.152342990       89.1912689       86.2412949    
   24.0699997     -0.152334496     -0.152342990       90.6793594       87.3821869    
   24.7299995     -0.152334496     -0.152342990       92.1011047       88.4567108    
   25.3899994     -0.152334496     -0.152342990       93.4564819       89.4648743    
   26.0499992     -0.152334496     -0.152342990       94.7455063       90.4066849    
   26.7099991     -0.152334496     -0.152342990       95.9681778       91.2821274    
   27.3700008     -0.152334496     -0.152342990       97.1244888       92.0912094    
   28.0200005     -0.152334496     -0.152342990       98.1974258       92.8221817    
   28.6800003     -0.152334496     -0.152342990       99.2210236       93.4985428    
   29.3400002     -0.152334496     -0.152342990       100.178268       94.1085434    
   30.0000000     -0.152334496     -0.152342990       101.069145       94.6521835    
   30.6599998     -0.152334496     -0.152342990       101.893677       95.1294708    
   31.3199997     -0.152334496     -0.152342990       102.651848       95.5403900    
   31.9799995     -0.152334496     -0.152342990       103.343658       95.8849487    
   32.6399994     -0.152334496     -0.152342990       103.969116       96.1631470    
   33.2900009     -0.152334496     -0.152342990       104.519241       96.3712769    
   33.9500008     -0.152334496     -0.152342990       105.011986       96.5167542    
   34.6100006     -0.152334496     -0.152342990       105.438370       96.5958710    
   35.2700005     -0.152334496     -0.152342990       105.798401       96.6086273    
   35.9300003     -0.152334496     -0.152342990       106.092072       96.5550232    
   36.5900002     -0.152334496     -0.152342990       106.319382       96.4350586    
   37.2500000     -0.152334496     -0.152342990       106.480339       96.2487335    
   37.9099998     -0.152334496     -0.152342990       106.574944       95.9960480    
   38.5600014     -0.152334496     -0.152342990       106.602257       95.6813354    
   39.2200012     -0.152334496     -0.152342990       106.564140       95.2959290    
   39.8800011     -0.152334496     -0.152342990       106.459671       94.8441620    
   40.5400009     -0.152334496     -0.152342990       106.288849       94.3260345    
   41.2000008     -0.152334496     -0.152342990       106.051666       93.7415466    
   41.8600006     -0.152334496     -0.152342990       105.748123       93.0906982    
   42.5200005     -0.152334496     -0.152342990       105.378227       92.3734894    
   43.1800003     -0.152334496     -0.152342990       104.941971       91.5899200    
   43.8300018     -0.152334496     -0.152342990       104.446472       90.7523651    
   44.4900017     -0.152334496     -0.152342990       103.877510       89.8360748    
   45.1500015     -0.152334496     -0.152342990       103.242180       88.8534164    
   45.8100014     -0.152334496     -0.152342990       102.540497       87.8044052    
   46.4700012     -0.152334496     -0.152342990       101.772461       86.6890335    
   47.1300011     -0.152334496     -0.152342990       100.938065       85.5073013    
   47.7900009     -0.152334496     -0.152342990       100.037315       84.2592087    
