   0.00000000       39.0207520    
   0.00000000       11.9694958    
   8.00100040       11.8689117    
   9.77798462       11.6982241    
   16.0020008       9.89076042    
   19.5559692       8.93064022    
   24.0030003       8.30580044    
   29.3339520       7.83640766    
   32.0009499       7.73582363    
   36.4022636       7.60171223    
   39.1149864       7.51941586    
   40.0019531       7.49808025    
   48.0029526       7.25423956    
   48.8929672       7.23290396    
   56.0039520       7.15975189    
   58.6709518       7.25119209    
   64.0049515       7.46455193    
   68.4489365       7.73277617    
   72.0059509       7.93089628    
   78.2269211       7.95223188    
   79.0102539       7.93089628    
   80.0069504       7.90346432    
   88.0049057       7.60476017    
   95.2652359       6.53186417    
   102.522522       5.37057638    
   106.640373       5.10844803    
   109.779823       4.82193613    
   117.040146       5.01396036    
   124.297440       3.67893600    
   125.272797       3.56311178    
   131.557770       2.89560008    
   138.815063       1.99034405    
   143.899124       1.16738403    
   146.075394      0.826008022    
   153.332687     -0.140208006    
   160.593033      -1.60324812    
   162.531555      -2.01167989    
   167.850311      -3.16077590    
   175.110657      -4.42874384    
   181.157867      -5.16026402    
   182.367935      -5.30047178    
   189.628281      -5.69976044    
   196.885559      -5.94360018    
   199.793350      -6.04723215    
   204.145905      -6.24535179    
   211.403183      -6.72998381    
   218.419678      -7.19023228    
   218.663528      -7.20547199    
   225.920822      -7.66571999    
   233.181152      -8.15949631    
   237.052094      -8.38504791    
   240.438446      -8.57097626    
   247.698761      -8.98855209    
   254.956055      -9.28725624    
   255.684525      -9.32078362    
   262.216400      -9.60729599    
   269.470642      -10.0248718    
   274.313904      -10.2595682    
   276.730957      -10.3632002    
   283.988251      -10.6344719    
   291.248596      -10.9453678    
   292.946320      -11.0246153    
   298.505859      -11.2440720    
   305.766205      -11.5214396    
   311.572662      -11.6037359    
   313.023499      -11.6189756    
   320.283844      -11.6494560    
   327.541138      -11.7744246    
   330.205078      -11.8658638    
   334.801483      -12.0030241    
   342.058746      -12.2163849    
   348.837494      -12.3139200    
   349.319092      -12.3230639    
   356.576385      -12.3261118    
   363.836700      -12.1188478    
   367.466858      -12.0335035    
   371.093994      -11.9298716    
   378.354309      -11.9664478    
   385.611633      -12.2285757    
   386.099304      -12.2468643    
   392.871948      -12.4998474    
   400.129242      -12.6583433    
   404.725616      -12.7619753    
   407.389557      -12.8168402    
   414.646881      -12.8717041    
   421.907196      -12.8656073    
   423.358032      -12.8534155    
   429.164490      -12.8076963    
   436.421783      -12.8107433    
   441.987427      -12.8747520    
   443.682129      -12.8930397    
   450.939392      -12.9448566    
   458.199768      -13.0058155    
   460.619843      -13.0332479    
   465.457031      -13.0942078    
   472.717377      -13.1368799    
   479.252258      -13.1704073    
   479.974640      -13.1734562    
   487.235016      -13.1003036    
   494.492279      -12.9387598    
   497.878601      -12.8899927    
   501.752625      -12.8351278    
   509.009888      -12.6735849    
   516.270264      -12.6034794    
   516.511047      -12.6034794    
   523.527527      -12.5973845    
   530.787903      -12.7193041    
   535.140381      -12.8076963    
   538.045166      -12.8747520    
   545.305481      -12.9418077    
   552.562744      -12.8899927    
   553.772827      -12.8838959    
   559.823120      -12.8778000    
   567.080383      -12.8503675    
   572.405273      -12.8625603    
   574.340698      -12.8656073    
   581.598022      -12.9113283    
   588.858337      -13.0302000    
   591.031555      -13.0576324    
   596.115662      -13.0789680    
   603.375977      -13.0942078    
   609.667053      -13.1704073    
   610.630249      -13.1917439    
   617.890564      -13.2709923    
   625.147827      -13.3959599    
   628.293396      -13.4538717    
   632.408203      -13.5178795    
   639.665466      -13.6032248    
   646.925781      -13.6306562    
   651.570923      -13.5879841    
   656.219116      -13.4934959    
   660.867371      -13.3776722    
   664.354248      -13.3197603    
   665.515564      -13.2984247    
   670.163757      -13.2466078    
   674.808899      -13.2344151    
   679.457092      -13.2191753    
   681.782776      -13.2069845    
   684.105286      -13.2069845    
   688.753479      -13.1582155    
   693.401672      -13.0058155    
   698.046814      -12.7589283    
   699.211182      -12.7254000    
   702.695068      -12.5882397    
   707.343262      -12.4937525    
   711.991455      -12.4297438    
   716.639648      -12.3870716    
   721.284790      -12.3809757    
   725.932983      -12.3840246    
   730.581177      -12.3718319    
   734.065125      -12.3291607    
   735.229370      -12.3230639    
   739.877563      -12.2468643    
   744.522766      -12.1462793    
   749.170959      -12.1310396    
   751.493530      -12.1310396    
   753.819153      -12.1188478    
   758.467346      -12.0914154    
   763.112488      -12.0548401    
   767.760681      -12.0304565    
   768.921997      -12.0243607    
   772.408875      -11.9847355    
   777.054016      -11.9298716    
   781.702209      -11.8658638    
   786.350464      -11.7165117    
   790.998657      -11.5702076    
   795.646851      -11.3629436    
   800.291992      -11.2196884    
   803.778931      -11.0977678    
   804.940186      -11.0550957    
   809.588379      -10.9575605    
   814.236572      -10.8691683    
   818.884766      -10.8112564    
   821.207397      -10.7899208    
   823.530029      -10.7716322    
   828.178223      -10.7015285    
   832.826416      -10.6131363    
   837.474609      -10.4820719    
   838.635864      -10.4485435    
   842.119751      -10.3235760    
   846.767944      -10.2260399    
   851.416138      -10.0797358    
   856.064331      -9.96086407    
   860.712585      -9.84199238    
   865.357727      -9.72921562    
   870.005920      -9.61643982    
   873.492798      -9.50975990    
   874.654114      -9.43356037    
   879.299255      -9.13790417    
   883.947449      -8.85748768    
   888.595642      -8.59840775    
   890.921265      -8.48563194    
   893.243835      -8.25398445    
   897.889038      -7.80288029    
   902.537231      -7.34568024    
   907.185425      -6.85799980    
   908.346619      -6.72998381    
   911.833618      -6.39165592    
   916.481812      -5.97712803    
   921.126953      -5.59308004    
   925.775146      -5.19379234    
   930.423340      -4.56895208    
   935.071533      -4.03555202    
   939.719727      -3.53568006    
   943.203613      -3.15468001    
   944.364929      -3.05714393    
   949.013123      -2.59080005    
   953.661316      -2.07568789    
   958.309509      -1.57276797    
   960.632019      -1.34112000    
   962.957703      -1.19176805    
   967.602844     -0.932687998    
   972.251038     -0.713231981    
   976.899231     -0.384047985    
   978.060547     -0.274320006    
   981.547485      0.265175998    
   986.195679       1.18871999    
   990.840820       3.04190397    
   995.489014       7.59866428    
   1004.21234       7.53770399    
   1004.42578       7.53770399    
   1004.95001       7.54989624    
   1013.36548       7.50417614    
   1014.41400       7.51027203    
   1015.33752       7.51027203    
   1022.30225       7.50112820    
   1023.87805       7.54379988    
   1031.24207       7.83640766    
   1033.34204       7.90651226    
   1040.17566       8.07415199    
   1042.80615       7.98576021    
   1049.11243       7.75411224    
   1052.26721       7.45540762    
   1058.05225       6.90676785    
   1061.73413       6.64463997    
   1066.98901       6.23620749    
   1071.19519       6.07466412    
   1075.92871       5.91311979    
   1080.65930       5.85216045    
   1084.86548       5.83996773    
   1090.12329       5.83082390    
   1093.80225       5.86130381    
   1099.58740       5.95883989    
   1102.74194       6.04723215    
   1109.05139       6.30021620    
   1111.67871       6.42213583    
   1118.51233       6.90981579    
   1120.61548       7.03478384    
   1127.97644       7.40359211    
   1129.55530       7.50112820    
   1137.43738       7.92479992    
   1138.49194       8.01624012    
   1146.90454       9.86637592    
   1147.43176       10.0035362    
   1156.36853       12.1950474    
   1156.36853       39.0207520    
