   589.845215      -35.2801094    
   627.200073      -35.2801094    
 NaN NaN
   565.757446      -34.4353256    
   639.921326      -34.4353256    
 NaN NaN
   541.773499      -33.5905418    
   649.666626      -33.5905418    
 NaN NaN
   262.265747      -32.7457581    
   267.251404      -32.7457581    
 NaN NaN
   531.193176      -32.7457581    
   656.384033      -32.7457581    
 NaN NaN
   252.258469      -31.9009743    
   296.562256      -31.9009743    
 NaN NaN
   524.136780      -31.9009743    
   662.274109      -31.9009743    
 NaN NaN
   247.657043      -31.0561924    
   326.706635      -31.0561924    
 NaN NaN
   518.747192      -31.0561924    
   667.171570      -31.0561924    
 NaN NaN
   243.274948      -30.2114086    
   333.113617      -30.2114086    
 NaN NaN
   511.144928      -30.2114086    
   671.624939      -30.2114086    
 NaN NaN
   239.280685      -29.3666248    
   342.162323      -29.3666248    
 NaN NaN
   499.230499      -29.3666248    
   674.926392      -29.3666248    
 NaN NaN
   235.372955      -28.5218410    
   366.351624      -28.5218410    
 NaN NaN
   481.664917      -28.5218410    
   678.227783      -28.5218410    
 NaN NaN
   232.321259      -27.6770573    
   409.689270      -27.6770573    
 NaN NaN
   461.612244      -27.6770573    
   680.875549      -27.6770573    
 NaN NaN
   229.269562      -26.8322735    
   433.694794      -26.8322735    
 NaN NaN
   437.665619      -26.8322735    
   682.949463      -26.8322735    
 NaN NaN
   226.310287      -25.9874897    
   685.023438      -25.9874897    
 NaN NaN
   224.013779      -25.1427059    
   687.097351      -25.1427059    
 NaN NaN
   221.717270      -24.2979221    
   689.180908      -24.2979221    
 NaN NaN
   219.420761      -23.4531384    
   691.313660      -23.4531384    
 NaN NaN
   217.117889      -22.6083565    
   693.446411      -22.6083565    
 NaN NaN
   214.785141      -21.7635727    
   695.579163      -21.7635727    
 NaN NaN
   212.452377      -20.9187889    
   697.711914      -20.9187889    
 NaN NaN
   210.119614      -20.0740051    
   700.122314      -20.0740051    
 NaN NaN
   207.444016      -19.2292213    
   702.559143      -19.2292213    
 NaN NaN
   203.926437      -18.3844376    
   704.995972      -18.3844376    
 NaN NaN
   200.408875      -17.5396538    
   707.524231      -17.5396538    
 NaN NaN
   197.503952      -16.6948700    
   710.434448      -16.6948700    
 NaN NaN
   194.845337      -15.8500862    
   713.344666      -15.8500862    
 NaN NaN
   192.186737      -15.0053034    
   716.215820      -15.0053034    
 NaN NaN
   188.328476      -14.1605196    
   718.633728      -14.1605196    
 NaN NaN
   181.719147      -13.3157358    
   721.051636      -13.3157358    
 NaN NaN
   175.681671      -12.4709520    
   723.469788      -12.4709520    
 NaN NaN
   153.678513      -11.6261683    
   725.378235      -11.6261683    
 NaN NaN
   142.259445      -10.7813854    
   726.253967      -10.7813854    
 NaN NaN
   136.588135      -9.93660164    
   727.129639      -9.93660164    
 NaN NaN
   71.9936218      -9.09181786    
   728.005371      -9.09181786    
 NaN NaN
   70.5813751      -8.24703407    
   728.881104      -8.24703407    
 NaN NaN
   69.1691284      -7.40225077    
   729.756775      -7.40225077    
 NaN NaN
   67.7568817      -6.55746698    
   730.632507      -6.55746698    
 NaN NaN
   66.3446350      -5.71268368    
   731.508240      -5.71268368    
 NaN NaN
   64.9323883      -4.86789989    
   732.383911      -4.86789989    
 NaN NaN
   63.5201416      -4.02311611    
   733.259644      -4.02311611    
 NaN NaN
   62.2166710      -3.17833257    
   734.135376      -3.17833257    
 NaN NaN
   60.9193878      -2.33354902    
   735.413452      -2.33354902    
 NaN NaN
   59.6221008      -1.48876548    
   736.698547      -1.48876548    
 NaN NaN
   58.3248177     -0.643981814    
   737.983643     -0.643981814    
 NaN NaN
   57.0275345      0.200801790    
   739.268799      0.200801790    
 NaN NaN
   55.7302513       1.04558539    
   740.553894       1.04558539    
 NaN NaN
   54.4329681       1.89036894    
   741.839050       1.89036894    
 NaN NaN
   50.8106918       2.73515272    
   743.124146       2.73515272    
 NaN NaN
   47.0941391       3.57993627    
   749.490356       3.57993627    
 NaN NaN
   43.1424065       4.42471981    
   756.667358       4.42471981    
 NaN NaN
   790.334900       4.42471981    
   790.803589       4.42471981    
 NaN NaN
   0.00000000       5.26950359    
   28.5462322       5.26950359    
 NaN NaN
   38.9753189       5.26950359    
   764.264893       5.26950359    
 NaN NaN
   786.234497       5.26950359    
   790.803589       5.26950359    
 NaN NaN
   0.00000000       6.11428690    
   779.471069       6.11428690    
 NaN NaN
   779.471130       6.11428690    
   790.803589       6.11428690    
 NaN NaN
   0.00000000       6.95907068    
   790.803589       6.95907068    
 NaN NaN
   0.00000000       7.80385399    
   790.803589       7.80385399    
 NaN NaN
   0.00000000       8.64863777    
   790.803589       8.64863777    
 NaN NaN
   0.00000000       9.49342155    
   790.803589       9.49342155    
 NaN NaN
   0.00000000       10.3382053    
   790.803589       10.3382053    
 NaN NaN
   0.00000000       11.1829891    
   790.803589       11.1829891    
 NaN NaN
   0.00000000       12.0277719    
   790.803589       12.0277719    
 NaN NaN
   0.00000000       12.8725557    
   790.803589       12.8725557    
 NaN NaN
   0.00000000       13.7173395    
   790.803589       13.7173395    
 NaN NaN
   0.00000000       14.5621233    
   790.803589       14.5621233    
 NaN NaN
   0.00000000       15.4069071    
   790.803589       15.4069071    
 NaN NaN
   0.00000000       16.2516899    
   790.803589       16.2516899    
 NaN NaN
   0.00000000       17.0964737    
   790.803589       17.0964737    
 NaN NaN
   0.00000000       17.9412575    
   790.803589       17.9412575    
 NaN NaN
   0.00000000       18.7860413    
   790.803589       18.7860413    
 NaN NaN
   0.00000000       19.6308250    
   790.803589       19.6308250    
 NaN NaN
   0.00000000       20.4756088    
   790.803589       20.4756088    
 NaN NaN
   0.00000000       21.3203926    
   790.803589       21.3203926    
 NaN NaN
   0.00000000       22.1651764    
   790.803589       22.1651764    
 NaN NaN
   0.00000000       23.0099583    
   790.803589       23.0099583    
 NaN NaN
   0.00000000       23.8547421    
   790.803589       23.8547421    
 NaN NaN
   0.00000000       24.6995258    
   790.803589       24.6995258    
 NaN NaN
   0.00000000       25.5443096    
   790.803589       25.5443096    
 NaN NaN
   0.00000000       26.3890934    
   790.803589       26.3890934    
 NaN NaN
   0.00000000       27.2338772    
   790.803589       27.2338772    
 NaN NaN
   0.00000000       28.0786610    
   790.803589       28.0786610    
 NaN NaN
   0.00000000       28.9234447    
   790.803589       28.9234447    
 NaN NaN
   0.00000000       29.7682285    
   790.803589       29.7682285    
 NaN NaN
   0.00000000       30.6130123    
   790.803589       30.6130123    
 NaN NaN
   0.00000000       31.4577942    
   790.803589       31.4577942    
 NaN NaN
   0.00000000       32.3025780    
   790.803589       32.3025780    
 NaN NaN
   0.00000000       33.1473618    
   790.803589       33.1473618    
 NaN NaN
   0.00000000       33.9921455    
   790.803589       33.9921455    
 NaN NaN
   0.00000000       34.8369293    
   790.803589       34.8369293    
 NaN NaN
   0.00000000       35.6817131    
   790.803589       35.6817131    
 NaN NaN
   0.00000000       36.5264969    
   790.803589       36.5264969    
 NaN NaN
   0.00000000       37.3712807    
   790.803589       37.3712807    
 NaN NaN
   0.00000000       38.2160645    
   790.803589       38.2160645    
 NaN NaN
   0.00000000       39.0608482    
   790.803589       39.0608482    
 NaN NaN
   0.00000000       39.9056320    
   790.803589       39.9056320    
 NaN NaN
   0.00000000       40.7504158    
   790.803589       40.7504158    
 NaN NaN
   0.00000000       41.5951996    
   790.803589       41.5951996    
 NaN NaN
   0.00000000       42.4399834    
   790.803589       42.4399834    
 NaN NaN
   0.00000000       43.2847672    
   790.803589       43.2847672    
 NaN NaN
   0.00000000       44.1295509    
   790.803589       44.1295509    
 NaN NaN
   0.00000000       44.9743347    
   790.803589       44.9743347    
 NaN NaN
   0.00000000       45.8191147    
   790.803589       45.8191147    
 NaN NaN
   0.00000000       46.6638985    
   790.803589       46.6638985    
 NaN NaN
   0.00000000       47.5086823    
   790.803589       47.5086823    
 NaN NaN
   0.00000000       48.3534660    
   790.803589       48.3534660    
 NaN NaN
