 Elev(m)    Area(m2)     Peri(m)      Radi(m)   Conv(m3/s)    topWidth(m)    newI1(m3)    dPdA(1/m)
   -23.01        0.00        0.00         NaN                 NaN               0.000           0.000             NaN
   -22.28       17.27       39.02        0.44             401.284              38.990           6.313           2.259
   -21.54       55.66       64.79        0.86            2012.092              64.712          32.972           0.671
   -20.81      109.17       81.45        1.34            5308.396              81.289          93.219           0.311
   -20.08      175.64      102.19        1.72           10080.528             101.950         197.320           0.312
   -19.35      261.67      151.96        1.72           15037.349             151.611         357.163           0.578
   -18.62      378.37      166.65        2.27           26144.209             166.191         591.109           0.126
   -17.89      503.96      178.17        2.83           40318.457             177.598         913.615           0.092
   -17.16      637.76      189.00        3.37           57391.477             188.330        1330.935           0.081
   -16.43      778.93      198.39        3.93           77542.945             197.577        1848.761           0.067
   -15.70      927.28      209.38        4.43          100028.445             208.413        2472.410           0.074
   -14.96     1084.42      222.88        4.87          124548.109             221.774        3207.719           0.086
   -14.23     1251.88      236.07        5.30          152278.391             234.814        4061.674           0.079
   -13.50     1427.85      249.15        5.73          182905.016             247.782        5041.159           0.074
   -12.77     1614.52      264.08        6.11          215929.188             262.607        6153.193           0.080
   -12.04     1812.66      282.20        6.42          250544.625             280.636        7405.882           0.091
   -11.31     2024.79      300.54        6.74          288905.375             298.898        8808.534           0.086
   -10.58     2247.73      312.63        7.19          334923.812             310.886       10370.209           0.054
    -9.85     2479.53      325.63        7.61          383873.562             323.795       12098.097           0.056
    -9.12     2721.37      340.05        8.00          435522.156             338.113       13999.107           0.060
    -8.39     2976.49      362.38        8.21          484688.094             360.334       16081.768           0.088
    -7.65     3246.67      382.27        8.49          540597.875             380.140       18356.434           0.074
    -6.92     3530.79      400.00        8.83          603215.812             397.776       20833.703           0.062
    -6.19     3829.70      424.19        9.03          664191.688             421.880       23524.078           0.081
    -5.46     4178.10      520.69        8.02          669845.875             518.272       26451.059           0.277
    -4.73     4596.04      674.07        6.82          661041.000             671.542       29658.152           0.367
    -4.00     5101.93      699.89        7.29          767242.250             697.227       33202.918           0.051
    -3.27     5614.61      708.11        7.93          893013.500             705.320       37119.984           0.016
    -2.54     6133.15      716.25        8.56         1026811.625             713.318       41413.980           0.016
    -1.81     6657.22      723.08        9.21         1169746.250             719.988       46089.070           0.013
    -1.08     7185.73      729.24        9.85         1321087.125             725.974       51148.895           0.012
    -0.34     7718.65      735.45       10.50         1479998.250             732.006       56596.688           0.012
     0.39     8256.05      741.95       11.13         1645999.875             738.341       62435.699           0.012
     1.12     8798.16      748.57       11.75         1819247.250             744.788       68669.289           0.012
     1.85     9345.05      755.56       12.37         1999167.250             751.616       75300.930           0.013
     2.58     9897.14      762.91       12.97         2185714.750             758.805       82334.258           0.013
     3.31    10455.28      773.42       13.52         2373242.000             769.177       89773.398           0.019
     4.04    11023.19      790.36       13.95         2554789.000             785.997       97624.125           0.030
     4.77    11601.30      800.25       14.50         2759004.500             795.752      105893.742           0.017
     5.50    12187.15      812.47       15.00         2965001.750             807.858      114588.805           0.021
     6.23    12785.53      851.94       15.01         3111604.750             847.236      123716.727           0.066
     6.97    13464.57      970.47       13.87         3109756.750             965.662      133311.562           0.175
     7.70    14199.22     1043.50       13.61         3237222.250            1038.536      143423.125           0.099
     8.43    14989.12     1123.51       13.34         3372633.750            1118.412      154091.938           0.101
     9.16    15845.19     1213.21       13.06         3515050.250            1208.057      165362.375           0.105
     9.89    16735.06     1228.88       13.62         3817389.000            1223.637      177270.984           0.018
    10.62    17633.76     1240.57       14.21         4138915.250            1235.225      189833.344           0.013
    11.35    18539.94     1247.28       14.86         4483294.500            1241.842      203055.406           0.007
    12.08    19448.82     1250.22       15.56         4847954.500            1244.683      216940.922           0.003
    12.81    20359.74     1253.10       16.25         5224251.500            1247.469      231491.594           0.003
    13.55    21272.89     1265.16       16.81         5584783.000            1259.449      246708.984           0.013
    14.28    22193.59     1265.16       17.54         5993419.500            1259.449      262596.688           0.000
    15.01    23114.29     1265.16       18.27         6413518.500            1259.449      279157.469          -0.000
    15.74    24034.99     1265.16       19.00         6844923.000            1259.449      296391.281           0.000
    16.47    24955.68     1265.16       19.73         7287488.000            1259.449      314298.156           0.000
    17.20    25876.38     1265.16       20.45         7741075.500            1259.449      332878.094           0.000
    17.93    26797.08     1265.16       21.18         8205553.500            1259.449      352131.094           0.000
    18.66    27717.78     1265.16       21.91         8680795.000            1259.449      372057.188           0.000
    19.39    28638.47     1265.16       22.64         9166677.000            1259.449      392656.281           0.000
    20.12    29559.17     1265.16       23.36         9663086.000            1259.449      413928.438           0.000
    20.86    30479.87     1265.16       24.09        10169915.000            1259.449      435873.719          -0.000
    21.59    31400.57     1265.16       24.82        10687053.000            1259.449      458492.062           0.000
    22.32    32321.27     1265.16       25.55        11214399.000            1259.449      481783.375           0.000
    23.05    33241.96     1265.16       26.27        11751857.000            1259.449      505747.781           0.000
    23.78    34162.66     1265.16       27.00        12299333.000            1259.449      530385.312           0.000
    24.51    35083.36     1265.16       27.73        12856736.000            1259.449      555695.875           0.000
    25.24    36004.06     1265.16       28.46        13423977.000            1259.449      581679.438           0.000
    25.97    36924.75     1265.16       29.19        14000970.000            1259.449      608336.062           0.000
    26.70    37845.45     1265.16       29.91        14587637.000            1259.449      635665.812          -0.000
    27.43    38766.15     1265.16       30.64        15183896.000            1259.449      663668.625           0.000
    28.17    39686.85     1265.16       31.37        15789671.000            1259.449      692344.438           0.000
    28.90    40607.55     1265.16       32.10        16404890.000            1259.449      721693.312           0.000
    29.63    41528.24     1265.16       32.82        17029478.000            1259.449      751715.312           0.000
    30.36    42448.94     1265.16       33.55        17663370.000            1259.449      782410.375          -0.000
    31.09    43369.64     1265.16       34.28        18306492.000            1259.449      813778.375           0.000
    31.82    44290.34     1265.16       35.01        18958780.000            1259.449      845819.500           0.000
    32.55    45211.04     1265.16       35.74        19620174.000            1259.449      878533.750           0.000
    33.28    46131.73     1265.16       36.46        20290608.000            1259.449      911921.062           0.000
    34.01    47052.43     1265.16       37.19        20970024.000            1259.449      945981.375           0.000
    34.75    47973.13     1265.16       37.92        21658356.000            1259.449      980714.625           0.000
    35.48    48893.83     1265.16       38.65        22355556.000            1259.449     1016121.125           0.000
    36.21    49814.53     1265.16       39.37        23061566.000            1259.449     1052200.625          -0.000
    36.94    50735.22     1265.16       40.10        23776322.000            1259.449     1088953.125           0.000
    37.67    51655.92     1265.16       40.83        24499782.000            1259.449     1126378.750           0.000
    38.40    52576.62     1265.16       41.56        25231892.000            1259.449     1164477.500           0.000
    39.13    53497.32     1265.16       42.28        25972600.000            1259.449     1203249.250           0.000
    39.86    54418.02     1265.16       43.01        26721856.000            1259.449     1242694.125          -0.000
    40.59    55338.71     1265.16       43.74        27479606.000            1259.449     1282811.875           0.000
    41.32    56259.41     1265.16       44.47        28245812.000            1259.449     1323602.875           0.000
    42.06    57180.11     1265.16       45.20        29020424.000            1259.449     1365066.875          -0.000
    42.79    58100.80     1265.16       45.92        29803388.000            1259.449     1407203.750           0.000
    43.52    59021.50     1265.16       46.65        30594674.000            1259.449     1450013.875           0.000
    44.25    59942.20     1265.16       47.38        31394234.000            1259.449     1493497.125           0.000
    44.98    60862.90     1265.16       48.11        32202022.000            1259.449     1537653.375           0.000
    45.71    61783.60     1265.16       48.83        33018000.000            1259.449     1582482.750          -0.000
    46.44    62704.29     1265.16       49.56        33842120.000            1259.449     1627984.875           0.000
    47.17    63624.99     1265.16       50.29        34674352.000            1259.449     1674160.375           0.000
    47.90    64545.69     1265.16       51.02        35514648.000            1259.449     1721008.875           0.000
    48.63    65466.38     1265.16       51.75        36362968.000            1259.449     1768530.125           0.000
    49.37    66387.09     1265.16       52.47        37219292.000            1259.449     1816724.875          -0.000
    50.10    67307.78     1265.16       53.20        38083564.000            1259.449     1865592.500           0.000
