   861.723145      -24.7384224    
   937.968811      -24.7384224    
 NaN NaN
   844.264709      -24.0534744    
   964.353943      -24.0534744    
 NaN NaN
   831.270691      -23.3685284    
   980.525635      -23.3685284    
 NaN NaN
   803.379578      -22.6835823    
   1001.62036      -22.6835823    
 NaN NaN
   789.646057      -21.9986362    
   1023.25128      -21.9986362    
 NaN NaN
   780.351440      -21.3136883    
   1039.41846      -21.3136883    
 NaN NaN
   771.271240      -20.6287422    
   1049.64905      -20.6287422    
 NaN NaN
   762.242737      -19.9437962    
   1060.84863      -19.9437962    
 NaN NaN
   753.390747      -19.2588482    
   1071.49304      -19.2588482    
 NaN NaN
   745.145508      -18.5739021    
   1083.92505      -18.5739021    
 NaN NaN
   734.624817      -17.8889561    
   1092.41370      -17.8889561    
 NaN NaN
   723.401489      -17.2040100    
   1100.48254      -17.2040100    
 NaN NaN
   712.916443      -16.5190620    
   1108.28369      -16.5190620    
 NaN NaN
   703.219666      -15.8341160    
   1115.33240      -15.8341160    
 NaN NaN
   691.139954      -15.1491699    
   1122.12537      -15.1491699    
 NaN NaN
   678.847839      -14.4642229    
   1128.76611      -14.4642229    
 NaN NaN
   668.461182      -13.7792759    
   1138.09070      -13.7792759    
 NaN NaN
   658.495422      -13.0943298    
   1149.04944      -13.0943298    
 NaN NaN
   648.908142      -12.4093828    
   1161.00037      -12.4093828    
 NaN NaN
   646.261536      -11.7244368    
   1170.65100      -11.7244368    
 NaN NaN
   643.650940      -11.0394897    
   1178.85901      -11.0394897    
 NaN NaN
   641.049805      -10.3545437    
   1187.43567      -10.3545437    
 NaN NaN
   638.456665      -9.66959667    
   1195.67700      -9.66959667    
 NaN NaN
   635.891907      -8.98464966    
   1200.30273      -8.98464966    
 NaN NaN
   633.181519      -8.29970360    
   1204.78113      -8.29970360    
 NaN NaN
   630.365723      -7.61475706    
   1209.11218      -7.61475706    
 NaN NaN
   627.546204      -6.92981052    
   1213.21619      -6.92981052    
 NaN NaN
   624.731323      -6.24486351    
   1216.94641      -6.24486351    
 NaN NaN
   621.925903      -5.55991697    
   1219.56396      -5.55991697    
 NaN NaN
   606.971313      -4.87497044    
   1221.89648      -4.87497044    
 NaN NaN
   581.895569      -4.19002390    
   1223.49048      -4.19002390    
 NaN NaN
   568.265076      -3.50507736    
   1225.08447      -3.50507736    
 NaN NaN
   561.255737      -2.82013083    
   1226.67847      -2.82013083    
 NaN NaN
   555.321655      -2.13518429    
   1227.65710      -2.13518429    
 NaN NaN
   548.575928      -1.45023751    
   1228.35608      -1.45023751    
 NaN NaN
   542.786133     -0.765290976    
   1229.05505     -0.765290976    
 NaN NaN
   536.516418      -8.03443789E-02
   1229.75513      -8.03443789E-02
 NaN NaN
   527.119019      0.604602218    
   1230.45544      0.604602218    
 NaN NaN
   518.220032       1.28954887    
   1231.15588       1.28954887    
 NaN NaN
   508.569580       1.97449541    
   1231.85620       1.97449541    
 NaN NaN
   502.204346       2.65944195    
   1232.55652       2.65944195    
 NaN NaN
   497.449158       3.34438848    
   1233.69250       3.34438848    
 NaN NaN
   34.7009659       4.02933502    
   42.8218155       4.02933502    
 NaN NaN
   346.972290       4.02933502    
   387.921967       4.02933502    
 NaN NaN
   493.513397       4.02933502    
   1235.24231       4.02933502    
 NaN NaN
   21.0578461       4.71428204    
   51.7884789       4.71428204    
 NaN NaN
   129.895126       4.71428204    
   239.872116       4.71428204    
 NaN NaN
   291.698334       4.71428204    
   1236.79199       4.71428204    
 NaN NaN
   14.9016657       5.39922857    
   60.9775009       5.39922857    
 NaN NaN
   97.5952454       5.39922857    
   251.784698       5.39922857    
 NaN NaN
   272.158386       5.39922857    
   1238.34180       5.39922857    
 NaN NaN
   11.1474895       6.08417511    
   70.1603622       6.08417511    
 NaN NaN
   88.2195663       6.08417511    
   1304.63086       6.08417511    
 NaN NaN
   8.43429375       6.76912165    
   1317.25574       6.76912165    
 NaN NaN
   3.50754452       7.45406818    
   1327.75574       7.45406818    
 NaN NaN
   0.00000000       8.13901520    
   1330.96948       8.13901520    
 NaN NaN
   0.00000000       8.82396126    
   1333.99377       8.82396126    
 NaN NaN
   0.00000000       9.50890827    
   1333.99377       9.50890827    
 NaN NaN
   0.00000000       10.1938543    
   1333.99377       10.1938543    
 NaN NaN
   0.00000000       10.8788013    
   1333.99377       10.8788013    
 NaN NaN
   0.00000000       11.5637474    
   1333.99377       11.5637474    
 NaN NaN
   0.00000000       12.2486944    
   1333.99377       12.2486944    
 NaN NaN
   0.00000000       12.9336414    
   1333.99377       12.9336414    
 NaN NaN
   0.00000000       13.6185875    
   1333.99377       13.6185875    
 NaN NaN
   0.00000000       14.3035345    
   1333.99377       14.3035345    
 NaN NaN
   0.00000000       14.9884806    
   1333.99377       14.9884806    
 NaN NaN
   0.00000000       15.6734276    
   1333.99377       15.6734276    
 NaN NaN
   0.00000000       16.3583736    
   1333.99377       16.3583736    
 NaN NaN
   0.00000000       17.0433197    
   1333.99377       17.0433197    
 NaN NaN
   0.00000000       17.7282677    
   1333.99377       17.7282677    
 NaN NaN
   0.00000000       18.4132137    
   1333.99377       18.4132137    
 NaN NaN
   0.00000000       19.0981598    
   1333.99377       19.0981598    
 NaN NaN
   0.00000000       19.7831078    
   1333.99377       19.7831078    
 NaN NaN
   0.00000000       20.4680538    
   1333.99377       20.4680538    
 NaN NaN
   0.00000000       21.1529999    
   1333.99377       21.1529999    
 NaN NaN
   0.00000000       21.8379459    
   1333.99377       21.8379459    
 NaN NaN
   0.00000000       22.5228939    
   1333.99377       22.5228939    
 NaN NaN
   0.00000000       23.2078400    
   1333.99377       23.2078400    
 NaN NaN
   0.00000000       23.8927860    
   1333.99377       23.8927860    
 NaN NaN
   0.00000000       24.5777340    
   1333.99377       24.5777340    
 NaN NaN
   0.00000000       25.2626801    
   1333.99377       25.2626801    
 NaN NaN
   0.00000000       25.9476261    
   1333.99377       25.9476261    
 NaN NaN
   0.00000000       26.6325722    
   1333.99377       26.6325722    
 NaN NaN
   0.00000000       27.3175201    
   1333.99377       27.3175201    
 NaN NaN
   0.00000000       28.0024662    
   1333.99377       28.0024662    
 NaN NaN
   0.00000000       28.6874123    
   1333.99377       28.6874123    
 NaN NaN
   0.00000000       29.3723602    
   1333.99377       29.3723602    
 NaN NaN
   0.00000000       30.0573063    
   1333.99377       30.0573063    
 NaN NaN
   0.00000000       30.7422523    
   1333.99377       30.7422523    
 NaN NaN
   0.00000000       31.4271984    
   1333.99377       31.4271984    
 NaN NaN
   0.00000000       32.1121445    
   1333.99377       32.1121445    
 NaN NaN
   0.00000000       32.7970924    
   1333.99377       32.7970924    
 NaN NaN
   0.00000000       33.4820404    
   1333.99377       33.4820404    
 NaN NaN
   0.00000000       34.1669846    
   1333.99377       34.1669846    
 NaN NaN
   0.00000000       34.8519325    
   1333.99377       34.8519325    
 NaN NaN
   0.00000000       35.5368805    
   1333.99377       35.5368805    
 NaN NaN
   0.00000000       36.2218246    
   1333.99377       36.2218246    
 NaN NaN
   0.00000000       36.9067726    
   1333.99377       36.9067726    
 NaN NaN
   0.00000000       37.5917168    
   1333.99377       37.5917168    
 NaN NaN
   0.00000000       38.2766647    
   1333.99377       38.2766647    
 NaN NaN
   0.00000000       38.9616127    
   1333.99377       38.9616127    
 NaN NaN
   0.00000000       39.6465569    
   1333.99377       39.6465569    
 NaN NaN
   0.00000000       40.3315048    
   1333.99377       40.3315048    
 NaN NaN
   0.00000000       41.0164528    
   1333.99377       41.0164528    
 NaN NaN
   0.00000000       41.7013969    
   1333.99377       41.7013969    
 NaN NaN
   0.00000000       42.3863449    
   1333.99377       42.3863449    
 NaN NaN
   0.00000000       43.0712929    
   1333.99377       43.0712929    
 NaN NaN
