   1478.97314      -24.5344486    
   1504.32178      -24.5344486    
 NaN NaN
   1468.04614      -23.7857380    
   1510.21960      -23.7857380    
 NaN NaN
   1458.02722      -23.0370274    
   1515.77881      -23.0370274    
 NaN NaN
   1448.25586      -22.2883167    
   1519.96558      -22.2883167    
 NaN NaN
   1438.18079      -21.5396061    
   1523.74585      -21.5396061    
 NaN NaN
   1428.98022      -20.7908955    
   1527.21191      -20.7908955    
 NaN NaN
   1416.44958      -20.0421848    
   1530.11951      -20.0421848    
 NaN NaN
   1403.28528      -19.2934742    
   1533.02722      -19.2934742    
 NaN NaN
   1390.69141      -18.5447636    
   1535.84290      -18.5447636    
 NaN NaN
   1377.06873      -17.7960529    
   1538.58655      -17.7960529    
 NaN NaN
   1366.77380      -17.0473423    
   1541.33020      -17.0473423    
 NaN NaN
   1352.50049      -16.2986317    
   1543.88452      -16.2986317    
 NaN NaN
   1340.62415      -15.5499201    
   1546.17944      -15.5499201    
 NaN NaN
   1328.85730      -14.8012094    
   1548.42041      -14.8012094    
 NaN NaN
   1316.82434      -14.0524988    
   1550.65247      -14.0524988    
 NaN NaN
   1303.08276      -13.3037882    
   1553.47046      -13.3037882    
 NaN NaN
   1295.14258      -12.5550776    
   1556.55786      -12.5550776    
 NaN NaN
   1287.82874      -11.8063669    
   1560.19727      -11.8063669    
 NaN NaN
   1278.96375      -11.0576563    
   1564.22107      -11.0576563    
 NaN NaN
   1270.96338      -10.3089457    
   1568.23889      -10.3089457    
 NaN NaN
   1263.41541      -9.56023502    
   1571.23083      -9.56023502    
 NaN NaN
   1253.79712      -8.81152439    
   1574.22253      -8.81152439    
 NaN NaN
   1241.23779      -8.06281376    
   1577.27673      -8.06281376    
 NaN NaN
   1226.47803      -7.31410265    
   1580.47498      -7.31410265    
 NaN NaN
   1213.67786      -6.56539202    
   1583.50928      -6.56539202    
 NaN NaN
   1194.37073      -5.81668139    
   1586.43042      -5.81668139    
 NaN NaN
   1171.85876      -5.06797075    
   1589.22205      -5.06797075    
 NaN NaN
   1143.94067      -4.31925964    
   1592.71790      -4.31925964    
 NaN NaN
   1122.72144      -3.57054925    
   1596.94397      -3.57054925    
 NaN NaN
   1093.74622      -2.82183838    
   1601.26782      -2.82183838    
 NaN NaN
   1070.63318      -2.07312775    
   1605.11206      -2.07312775    
 NaN NaN
   1043.17419      -1.32441711    
   1608.92444      -1.32441711    
 NaN NaN
   1007.02362     -0.575706422    
   1612.54321     -0.575706422    
 NaN NaN
   964.779480      0.173004270    
   1615.90747      0.173004270    
 NaN NaN
   136.397278      0.921714962    
   282.602234      0.921714962    
 NaN NaN
   890.969971      0.921714962    
   1619.31909      0.921714962    
 NaN NaN
   131.926926       1.67042565    
   349.424072       1.67042565    
 NaN NaN
   860.253967       1.67042565    
   1623.03088       1.67042565    
 NaN NaN
   123.933281       2.41913629    
   392.829803       2.41913629    
 NaN NaN
   852.673767       2.41913629    
   1626.37805       2.41913629    
 NaN NaN
   109.380119       3.16784716    
   407.884369       3.16784716    
 NaN NaN
   848.038940       3.16784716    
   1629.57812       3.16784716    
 NaN NaN
   107.850998       3.91655779    
   434.094818       3.91655779    
 NaN NaN
   843.697205       3.91655779    
   1632.71924       3.91655779    
 NaN NaN
   106.408241       4.66526842    
   444.948853       4.66526842    
 NaN NaN
   840.197083       4.66526842    
   1637.13062       4.66526842    
 NaN NaN
   104.965485       5.41397905    
   449.695709       5.41397905    
 NaN NaN
   753.132263       5.41397905    
   774.695374       5.41397905    
 NaN NaN
   836.754944       5.41397905    
   1642.19092       5.41397905    
 NaN NaN
   103.522728       6.16268969    
   459.104218       6.16268969    
 NaN NaN
   740.934570       6.16268969    
   785.165710       6.16268969    
 NaN NaN
   831.438660       6.16268969    
   1646.72754       6.16268969    
 NaN NaN
   41.5578575       6.91140032    
   58.1004372       6.91140032    
 NaN NaN
   102.079964       6.91140032    
   472.450989       6.91140032    
 NaN NaN
   727.984009       6.91140032    
   791.186340       6.91140032    
 NaN NaN
   826.534607       6.91140032    
   1650.91724       6.91140032    
 NaN NaN
   1710.81384       6.91140032    
   1727.13623       6.91140032    
 NaN NaN
   31.7352161       7.66011143    
   63.4578400       7.66011143    
 NaN NaN
   100.637207       7.66011143    
   514.283447       7.66011143    
 NaN NaN
   717.220581       7.66011143    
   798.085938       7.66011143    
 NaN NaN
   818.082214       7.66011143    
   1658.83325       7.66011143    
 NaN NaN
   1703.21082       7.66011143    
   1759.47241       7.66011143    
 NaN NaN
   20.4956646       8.40882206    
   69.1752930       8.40882206    
 NaN NaN
   96.8093796       8.40882206    
   535.567383       8.40882206    
 NaN NaN
   702.486755       8.40882206    
   1676.04761       8.40882206    
 NaN NaN
   1700.47314       8.40882206    
   1769.14990       8.40882206    
 NaN NaN
   15.0549574       9.15753269    
   77.8152695       9.15753269    
 NaN NaN
   92.2469788       9.15753269    
   1682.90332       9.15753269    
 NaN NaN
   1697.91626       9.15753269    
   1773.24390       9.15753269    
 NaN NaN
   10.7717047       9.90624332    
   1691.41650       9.90624332    
 NaN NaN
   1695.30505       9.90624332    
   1777.12036       9.90624332    
 NaN NaN
   6.64526033       10.6549540    
   1780.08252       10.6549540    
 NaN NaN
   2.61757183       11.4036646    
   1783.29053       11.4036646    
 NaN NaN
   0.00000000       12.1523752    
   1793.09570       12.1523752    
 NaN NaN
   0.00000000       12.9010859    
   1793.09570       12.9010859    
 NaN NaN
   0.00000000       13.6497965    
   1793.09570       13.6497965    
 NaN NaN
   0.00000000       14.3985071    
   1793.09570       14.3985071    
 NaN NaN
   0.00000000       15.1472178    
   1793.09570       15.1472178    
 NaN NaN
   0.00000000       15.8959284    
   1793.09570       15.8959284    
 NaN NaN
   0.00000000       16.6446400    
   1793.09570       16.6446400    
 NaN NaN
   0.00000000       17.3933506    
   1793.09570       17.3933506    
 NaN NaN
   0.00000000       18.1420612    
   1793.09570       18.1420612    
 NaN NaN
   0.00000000       18.8907719    
   1793.09570       18.8907719    
 NaN NaN
   0.00000000       19.6394825    
   1793.09570       19.6394825    
 NaN NaN
   0.00000000       20.3881931    
   1793.09570       20.3881931    
 NaN NaN
   0.00000000       21.1369038    
   1793.09570       21.1369038    
 NaN NaN
   0.00000000       21.8856144    
   1793.09570       21.8856144    
 NaN NaN
   0.00000000       22.6343250    
   1793.09570       22.6343250    
 NaN NaN
   0.00000000       23.3830357    
   1793.09570       23.3830357    
 NaN NaN
   0.00000000       24.1317463    
   1793.09570       24.1317463    
 NaN NaN
   0.00000000       24.8804569    
   1793.09570       24.8804569    
 NaN NaN
   0.00000000       25.6291676    
   1793.09570       25.6291676    
 NaN NaN
   0.00000000       26.3778782    
   1793.09570       26.3778782    
 NaN NaN
   0.00000000       27.1265888    
   1793.09570       27.1265888    
 NaN NaN
   0.00000000       27.8752995    
   1793.09570       27.8752995    
 NaN NaN
   0.00000000       28.6240101    
   1793.09570       28.6240101    
 NaN NaN
   0.00000000       29.3727207    
   1793.09570       29.3727207    
 NaN NaN
   0.00000000       30.1214314    
   1793.09570       30.1214314    
 NaN NaN
   0.00000000       30.8701420    
   1793.09570       30.8701420    
 NaN NaN
   0.00000000       31.6188526    
   1793.09570       31.6188526    
 NaN NaN
   0.00000000       32.3675652    
   1793.09570       32.3675652    
 NaN NaN
   0.00000000       33.1162758    
   1793.09570       33.1162758    
 NaN NaN
   0.00000000       33.8649864    
   1793.09570       33.8649864    
 NaN NaN
   0.00000000       34.6136971    
   1793.09570       34.6136971    
 NaN NaN
   0.00000000       35.3624077    
   1793.09570       35.3624077    
 NaN NaN
   0.00000000       36.1111183    
   1793.09570       36.1111183    
 NaN NaN
   0.00000000       36.8598289    
   1793.09570       36.8598289    
 NaN NaN
   0.00000000       37.6085396    
   1793.09570       37.6085396    
 NaN NaN
   0.00000000       38.3572502    
   1793.09570       38.3572502    
 NaN NaN
   0.00000000       39.1059608    
   1793.09570       39.1059608    
 NaN NaN
   0.00000000       39.8546715    
   1793.09570       39.8546715    
 NaN NaN
   0.00000000       40.6033821    
   1793.09570       40.6033821    
 NaN NaN
   0.00000000       41.3520927    
   1793.09570       41.3520927    
 NaN NaN
   0.00000000       42.1008034    
   1793.09570       42.1008034    
 NaN NaN
   0.00000000       42.8495140    
   1793.09570       42.8495140    
 NaN NaN
   0.00000000       43.5982246    
   1793.09570       43.5982246    
 NaN NaN
   0.00000000       44.3469353    
   1793.09570       44.3469353    
 NaN NaN
   0.00000000       45.0956459    
   1793.09570       45.0956459    
 NaN NaN
   0.00000000       45.8443565    
   1793.09570       45.8443565    
 NaN NaN
   0.00000000       46.5930672    
   1793.09570       46.5930672    
 NaN NaN
   0.00000000       47.3417778    
   1793.09570       47.3417778    
 NaN NaN
   0.00000000       48.0904884    
   1793.09570       48.0904884    
 NaN NaN
   0.00000000       48.8391991    
   1793.09570       48.8391991    
 NaN NaN
   0.00000000       49.5879097    
   1793.09570       49.5879097    
 NaN NaN
