	RS=78.583* 
0	5.053583977
7.723632047	4.538472105
15.45031158	3.288791988
18.88236023	3.069335907
23.17394363	2.724911872
30.89757684	2.703575965
37.76167181	2.703575965
38.62120772	2.715767953
46.34484093	2.688335907
54.07151814	2.651759942
56.64403088	2.599943919
60.53937451	2.538983977
61.79515367	2.52069614
69.51878456	2.368295994
75.52944093	2.325624035
77.24546177	2.307336052
84.96605098	2.322575965
92.68968186	2.453640058
94.4118	2.392679971
100.4163637	2.185416023
108.1399946	2.325624035
113.2911127	2.779775965
115.8636255	3.014472105
123.5903073	2.865119884
131.3139382	2.81330386
132.1734765	2.81635193
139.0375691	2.859024035
146.7612	2.849880116
151.0527799	2.938272105
154.4848309	2.990088128
162.2115127	2.983991988
169.9351529	2.721864093
178.6249853	2.173224035
180.3227235	1.932432047
187.3178873	1.01193598
190.7103127	0.301752003
196.0077382	-0.804672032
201.097902	-2.395728041
204.6975892	-3.532632047
205.584549	-3.913632047
211.4854726	-6.434328186
213.3904726	-7.217664093
221.8700108	-9.272016023
222.0833745	-9.320783977
230.7732255	-9.7536
232.2576	-9.75969614
239.4661274	-9.954767953
242.6451892	-9.939528186
248.1559598	-9.970007721
253.0297274	-10.19556023
256.8458108	-10.42416023
263.420349	-10.98499228
265.5387127	-11.26845637
273.8079382	-12.39012047
274.2285637	-12.43583977
282.9184147	-13.38986409
284.1924765	-13.52092819
291.611298	-14.14881544
294.5800471	-14.38960772
300.301149	-14.859
304.9676363	-15.22780772
308.991	-15.5448
315.3521745	-16.08429614
317.6869529	-16.28851158
325.7427961	-17.04746409
326.3768039	-17.09318456
335.0666549	-17.67535251
336.1304039	-17.75155251
343.7595196	-18.28495251
346.5149235	-18.50136023
352.4493706	-18.98599228
356.9024941	-19.38832819
361.1422726	-19.79980772
367.290102	-20.43684093
369.8321235	-20.68067953
377.6746216	-21.29942316
378.5219745	-21.35733591
387.2148765	-21.97303088
388.0622294	-22.05227953
395.9047274	-22.80208726
398.452851	-23.02459228
404.5976294	-23.64943088
408.8404216	-24.10053591
413.2904941	-24.51811274
419.2249784	-25.08504093
421.9803451	-25.30754363
429.612549	-25.85313591
430.6701961	-25.92933591
439.363098	-26.47492819
439.9971059	-26.50845637
448.052949	-26.92603088
450.3846765	-27.06624093
456.7428	-27.42285637
460.7722471	-27.7368
465.435702	-28.12084865
471.1629059	-28.41040772
474.1255529	-28.55671274
481.5474255	-29.11754363
482.8154039	-29.21203088
491.5083059	-29.73933591
491.9349961	-29.76067181
500.1981196	-30.16300772
502.3226039	-30.25444865
508.8910216	-30.55010502
512.7071235	-30.76346409
517.5839235	-31.05607181
523.0946941	-31.28772047
526.2737745	-31.41878456
533.4853529	-31.81502316
534.9636255	-31.90036912
543.6565274	-32.73247181
543.8698726	-32.75685637
552.3463784	-33.67735135
554.2574804	-33.84499228
561.0362294	-34.48507181
564.645051	-34.71672047
569.7290941	-35.02761544
575.0295706	-35.29888726
578.4189451	-35.46043088
585.4171784	-35.83838456
587.1087961	-35.92677684
595.801698	-36.38702316
602.4615706	-36.28644093
606.097851	-36.22547953
609.1214804	-36.11575135
615.778302	-35.87191274
616.3940039	-35.85057684
622.4351235	-35.76218456
626.6901568	-35.66464865
629.0919451	-35.64026409
635.7488039	-35.53358456
636.9863098	-35.51529498
642.4086393	-35.42385637
647.2794117	-35.39642316
649.065498	-35.37204093
655.7223568	-35.28669498
657.5785412	-35.25621544
662.3821922	-35.15563088
667.8716432	-35.04285637
669.039051	-35.03675907
675.6959098	-34.97884865
678.1677961	-34.95446409
682.3557451	-34.93617684
688.467	-34.90874363
689.0126039	-34.8996
695.6693883	-34.80206409
698.760102	-34.74415135
702.3262471	-34.62527953
708.9831059	-34.44544865
709.0562549	-34.4424
715.6429412	-34.29914363
719.3524078	-34.20160772
722.2998	-34.11016912
728.9597098	-33.86327953
729.6485607	-33.83584865
735.6164941	-33.49447181
739.9415883	-33.27196912
742.2733529	-33.02507953
748.9302117	-32.32404093
750.2407922	-32.18992819
755.5869961	-31.33953591
760.5369451	-30.52876912
762.2469059	-30.4038
768.9036902	-29.89783088
770.8300471	-29.76372047
775.560549	-29.27299228
781.129251	-28.69996912
782.2204588	-28.42869498
788.8772432	-26.77972819
791.4223529	-26.15793591
795.534102	-25.20695907
801.7185059	-23.75611274
802.1940117	-23.65552819
808.8507961	-22.22296912
812.0116078	-21.55545637
815.5076549	-20.92756912
822.1644393	-19.66874363
822.3108117	-19.64131274
828.824349	-17.74545637
832.6038393	-16.65122433
835.4812078	-15.81912047
842.1410432	-13.85011158
842.8999922	-13.61846409
848.797902	-11.89939228
853.1991961	-10.57046409
855.4547607	-10.03401544
862.1115451	-8.558783977
863.492298	-8.244839767
868.7684039	-7.031735907
873.788451	-5.532119884
875.4251883	-5.1054
882.085098	-3.023616023
884.0846039	-2.529840058
888.7419568	-1.612391988
894.3807568	-0.826008012
895.4017922	-0.746760015
902.058651	-0.661416023
904.6738588	0.243840004
905.0548588	0.393191988
908.5142941	1.74955193
914.9729883	2.709672105
919.8497883	3.19430386
922.7667451	3.483864093
930.5635529	3.95935193
932.1210393	3.913632047
938.3603607	3.691127895
946.1570941	3.215640058
949.2751922	3.069335907
953.950851	2.865119884
961.7507098	2.983991988
966.4262941	3.04190386
969.5443922	3.136391988
977.338149	3.215640058
983.5804471	3.453383977
985.1349568	3.462527895
992.9316902	4.300727895
1000.728498	4.913376256
	
