   553.206360      -39.1580849    
   578.570251      -39.1580849    
 NaN NaN
   544.827576      -38.2380180    
   582.120789      -38.2380180    
 NaN NaN
   537.180908      -37.3179474    
   585.526733      -37.3179474    
 NaN NaN
   529.233459      -36.3978767    
   588.911194      -36.3978767    
 NaN NaN
   521.273254      -35.4778099    
   592.278625      -35.4778099    
 NaN NaN
   513.344543      -34.5577393    
   595.150757      -34.5577393    
 NaN NaN
   502.234985      -33.6376686    
   598.166016      -33.6376686    
 NaN NaN
   490.224121      -32.7176018    
   601.121521      -32.7176018    
 NaN NaN
   478.656586      -31.7975311    
   603.853210      -31.7975311    
 NaN NaN
   467.476288      -30.8774624    
   606.420349      -30.8774624    
 NaN NaN
   455.399261      -29.9573936    
   608.893433      -29.9573936    
 NaN NaN
   442.088898      -29.0373230    
   611.316345      -29.0373230    
 NaN NaN
   428.886536      -28.1172543    
   613.739258      -28.1172543    
 NaN NaN
   417.663635      -27.1971855    
   615.876526      -27.1971855    
 NaN NaN
   404.385437      -26.2771149    
   618.048340      -26.2771149    
 NaN NaN
   389.014618      -25.3570461    
   620.408752      -25.3570461    
 NaN NaN
   375.401123      -24.4369774    
   622.769165      -24.4369774    
 NaN NaN
   362.757202      -23.5169067    
   625.436279      -23.5169067    
 NaN NaN
   348.125153      -22.5968380    
   628.366638      -22.5968380    
 NaN NaN
   334.222595      -21.6767693    
   631.298340      -21.6767693    
 NaN NaN
   318.640320      -20.7566986    
   634.326843      -20.7566986    
 NaN NaN
   296.728119      -19.8366299    
   637.542419      -19.8366299    
 NaN NaN
   279.852722      -18.9165611    
   640.757935      -18.9165611    
 NaN NaN
   269.149963      -17.9964905    
   643.541809      -17.9964905    
 NaN NaN
   257.870605      -17.0764217    
   645.770508      -17.0764217    
 NaN NaN
   233.095490      -16.1563530    
   647.999268      -16.1563530    
 NaN NaN
   183.057632      -15.2362833    
   204.162445      -15.2362833    
 NaN NaN
   217.100769      -15.2362833    
   650.227966      -15.2362833    
 NaN NaN
   174.427032      -14.3162136    
   652.480225      -14.3162136    
 NaN NaN
   166.941772      -13.3961449    
   655.302063      -13.3961449    
 NaN NaN
   157.148254      -12.4760752    
   658.123840      -12.4760752    
 NaN NaN
   143.186630      -11.5560064    
   661.039246      -11.5560064    
 NaN NaN
   133.627228      -10.6359367    
   663.488892      -10.6359367    
 NaN NaN
   117.076782      -9.71586704    
   665.847656      -9.71586704    
 NaN NaN
   116.068474      -8.79579830    
   668.091553      -8.79579830    
 NaN NaN
   115.060165      -7.87572861    
   670.158691      -7.87572861    
 NaN NaN
   114.051857      -6.95565939    
   672.264099      -6.95565939    
 NaN NaN
   113.043556      -6.03559017    
   674.392334      -6.03559017    
 NaN NaN
   112.035248      -5.11552048    
   676.528564      -5.11552048    
 NaN NaN
   111.026939      -4.19545126    
   678.674927      -4.19545126    
 NaN NaN
   110.018631      -3.27538204    
   681.168152      -3.27538204    
 NaN NaN
   109.010323      -2.35531282    
   684.970947      -2.35531282    
 NaN NaN
   107.934502      -1.43524337    
   688.717224      -1.43524337    
 NaN NaN
   106.701874     -0.515174031    
   693.545715     -0.515174031    
 NaN NaN
   105.469254      0.404895306    
   699.985352      0.404895306    
 NaN NaN
   104.236626       1.32496464    
   703.821655       1.32496464    
 NaN NaN
   103.004028       2.24503398    
   707.657959       2.24503398    
 NaN NaN
   101.771431       3.16510344    
   713.616638       3.16510344    
 NaN NaN
   718.917236       3.16510344    
   783.648438       3.16510344    
 NaN NaN
   0.00000000       4.08517265    
   23.9954700       4.08517265    
 NaN NaN
   100.538841       4.08517265    
   978.304443       4.08517265    
 NaN NaN
   0.00000000       5.00524187    
   39.8295975       5.00524187    
 NaN NaN
   98.1163864       5.00524187    
   1000.97540       5.00524187    
 NaN NaN
   0.00000000       5.92531109    
   81.4363861       5.92531109    
 NaN NaN
   90.4859848       5.92531109    
   1000.97540       5.92531109    
 NaN NaN
   0.00000000       6.84538078    
   1000.97540       6.84538078    
 NaN NaN
   0.00000000       7.76545000    
   1000.97540       7.76545000    
 NaN NaN
   0.00000000       8.68551922    
   1000.97540       8.68551922    
 NaN NaN
   0.00000000       9.60558891    
   1000.97540       9.60558891    
 NaN NaN
   0.00000000       10.5256577    
   1000.97540       10.5256577    
 NaN NaN
   0.00000000       11.4457273    
   1000.97540       11.4457273    
 NaN NaN
   0.00000000       12.3657970    
   1000.97540       12.3657970    
 NaN NaN
   0.00000000       13.2858658    
   1000.97540       13.2858658    
 NaN NaN
   0.00000000       14.2059355    
   1000.97540       14.2059355    
 NaN NaN
   0.00000000       15.1260052    
   1000.97540       15.1260052    
 NaN NaN
   0.00000000       16.0460739    
   1000.97540       16.0460739    
 NaN NaN
   0.00000000       16.9661427    
   1000.97540       16.9661427    
 NaN NaN
   0.00000000       17.8862133    
   1000.97540       17.8862133    
 NaN NaN
   0.00000000       18.8062820    
   1000.97540       18.8062820    
 NaN NaN
   0.00000000       19.7263508    
   1000.97540       19.7263508    
 NaN NaN
   0.00000000       20.6464214    
   1000.97540       20.6464214    
 NaN NaN
   0.00000000       21.5664902    
   1000.97540       21.5664902    
 NaN NaN
   0.00000000       22.4865589    
   1000.97540       22.4865589    
 NaN NaN
   0.00000000       23.4066296    
   1000.97540       23.4066296    
 NaN NaN
   0.00000000       24.3266983    
   1000.97540       24.3266983    
 NaN NaN
   0.00000000       25.2467670    
   1000.97540       25.2467670    
 NaN NaN
   0.00000000       26.1668358    
   1000.97540       26.1668358    
 NaN NaN
   0.00000000       27.0869064    
   1000.97540       27.0869064    
 NaN NaN
   0.00000000       28.0069752    
   1000.97540       28.0069752    
 NaN NaN
   0.00000000       28.9270439    
   1000.97540       28.9270439    
 NaN NaN
   0.00000000       29.8471146    
   1000.97540       29.8471146    
 NaN NaN
   0.00000000       30.7671833    
   1000.97540       30.7671833    
 NaN NaN
   0.00000000       31.6872520    
   1000.97540       31.6872520    
 NaN NaN
   0.00000000       32.6073227    
   1000.97540       32.6073227    
 NaN NaN
   0.00000000       33.5273895    
   1000.97540       33.5273895    
 NaN NaN
   0.00000000       34.4474602    
   1000.97540       34.4474602    
 NaN NaN
   0.00000000       35.3675308    
   1000.97540       35.3675308    
 NaN NaN
   0.00000000       36.2875977    
   1000.97540       36.2875977    
 NaN NaN
   0.00000000       37.2076683    
   1000.97540       37.2076683    
 NaN NaN
   0.00000000       38.1277390    
   1000.97540       38.1277390    
 NaN NaN
   0.00000000       39.0478058    
   1000.97540       39.0478058    
 NaN NaN
   0.00000000       39.9678764    
   1000.97540       39.9678764    
 NaN NaN
   0.00000000       40.8879471    
   1000.97540       40.8879471    
 NaN NaN
   0.00000000       41.8080139    
   1000.97540       41.8080139    
 NaN NaN
   0.00000000       42.7280846    
   1000.97540       42.7280846    
 NaN NaN
   0.00000000       43.6481552    
   1000.97540       43.6481552    
 NaN NaN
   0.00000000       44.5682220    
   1000.97540       44.5682220    
 NaN NaN
   0.00000000       45.4882927    
   1000.97540       45.4882927    
 NaN NaN
   0.00000000       46.4083633    
   1000.97540       46.4083633    
 NaN NaN
   0.00000000       47.3284302    
   1000.97540       47.3284302    
 NaN NaN
   0.00000000       48.2485008    
   1000.97540       48.2485008    
 NaN NaN
   0.00000000       49.1685715    
   1000.97540       49.1685715    
 NaN NaN
   0.00000000       50.0886383    
   1000.97540       50.0886383    
 NaN NaN
   0.00000000       51.0087090    
   1000.97540       51.0087090    
 NaN NaN
   0.00000000       51.9287796    
   1000.97540       51.9287796    
 NaN NaN
