 Elev(m)    Area(m2)     Peri(m)      Radi(m)   Conv(m3/s)    topWidth(m)    newI1(m3)    dPdA(1/m)
   -19.72        0.00        0.00         NaN                 NaN               0.000           0.000             NaN
   -19.06       10.13       24.58        0.41             224.480              24.534           3.352           2.426
   -18.40       32.04       43.72        0.73            1041.874              43.612          17.306           0.873
   -17.74       69.72       67.29        1.04            2855.563              67.129          50.975           0.626
   -17.07      120.22       86.04        1.40            6010.264              85.825         113.820           0.371
   -16.41      182.60      102.82        1.78           10711.051             102.538         214.011           0.269
   -15.75      258.08      128.82        2.00           16405.926             128.471         359.814           0.344
   -15.09      349.81      151.03        2.32           24494.508             150.585         560.943           0.242
   -14.43      462.51      190.52        2.43           33417.535             189.978         829.709           0.350
   -13.77      595.59      208.77        2.85           47921.043             208.119        1179.792           0.137
   -13.10      736.83      219.45        3.36           66086.852             218.688        1620.635           0.076
   -12.44      885.29      231.49        3.82           86598.453             230.624        2157.330           0.081
   -11.78     1043.26      252.07        4.14          107571.148             251.102        2795.410           0.130
   -11.12     1219.84      279.01        4.37          130463.516             277.942        3544.180           0.153
   -10.46     1410.04      297.84        4.73          159020.891             296.673        4414.305           0.099
    -9.79     1613.71      321.10        5.03          189382.688             319.834        5414.744           0.114
    -9.13     1832.18      342.17        5.35          224306.656             340.805        6554.852           0.096
    -8.47     2064.00      360.99        5.72          263987.656             359.516        7843.943           0.081
    -7.81     2309.32      383.13        6.03          305943.094             381.565        9290.904           0.090
    -7.15     2571.56      411.48        6.25          348996.688             409.833       10905.796           0.108
    -6.49     2850.14      433.39        6.58          400177.125             431.661       12699.622           0.079
    -5.82     3142.20      454.50        6.91          456134.406             452.716       14682.251           0.072
    -5.16     3450.80      481.62        7.16          513006.281             479.787       16863.613           0.088
    -4.50     3774.88      501.33        7.53          580074.875             499.446       19254.305           0.061
    -3.84     4112.59      525.99        7.82          648035.750             524.067       21863.957           0.073
    -3.18     4470.63      562.67        7.95          712044.250             560.706       24703.805           0.102
    -2.52     4875.75      746.35        6.53          681556.188             744.351       27796.152           0.453
    -1.85     5448.31      938.04        5.81          704178.875             935.949       31211.979           0.335
    -1.19     6070.54      946.55        6.41          838190.875             944.352       35023.109           0.014
    -0.53     6697.91      954.16        7.02          982223.812             951.848       39247.680           0.012
     0.13     7330.05      961.07        7.63         1136058.875             958.629       43888.977           0.011
     0.79     7966.63      967.82        8.23         1299134.125             965.244       48950.043           0.011
     1.45     8607.54      974.58        8.83         1471112.375             971.862       54433.777           0.011
     2.12     9252.59      980.61        9.44         1652596.625             977.738       60342.984           0.009
     2.78     9901.18      985.34       10.05         1844230.250             982.261       66680.211           0.007
     3.44    10552.49      989.56       10.66         2044981.875             986.272       73447.516           0.006
     4.10    11206.28      993.29       11.28         2254817.250             989.745       80646.633           0.006
     4.76    11862.36      997.01       11.90         2472929.750             993.209       88279.133           0.006
     5.42    12520.73     1000.68       12.51         2699274.000             996.613       96346.531           0.006
     6.09    13181.30     1004.25       13.13         2933789.750             999.925      104850.320           0.005
     6.75    13844.76     1018.34       13.60         3154573.250            1013.756      113792.172           0.021
     7.41    14530.41     1055.16       13.77         3339209.000            1050.315      123180.391           0.054
     8.07    15233.12     1078.56       14.12         3560243.000            1073.502      133027.969           0.033
     8.73    15963.00     1144.17       13.95         3700479.750            1138.977      143349.531           0.090
     9.40    16734.20     1189.44       14.07         3900977.500            1184.120      154167.734           0.059
    10.06    17519.88     1195.96       14.65         4195664.000            1190.505      165501.047           0.008
    10.72    18309.55     1201.82       15.23         4500864.500            1196.214      177355.594           0.007
    11.38    19102.91     1207.44       15.82         4815573.500            1201.678      189733.891           0.007
    12.04    19900.19     1214.13       16.39         5136247.000            1208.225      202638.469           0.008
    12.70    20703.49     1227.70       16.86         5445923.000            1221.709      216072.609           0.017
    13.37    21513.21     1231.68       17.47         5793005.500            1225.634      230040.453           0.005
    14.03    22324.24     1231.68       18.13         6161546.000            1225.634      244544.531           0.000
    14.69    23135.27     1231.68       18.78         6539121.500            1225.634      259585.281           0.000
    15.35    23946.30     1231.68       19.44         6925626.000            1225.634      275162.688           0.000
    16.01    24757.33     1231.68       20.10         7320959.500            1225.634      291276.812           0.000
    16.67    25568.35     1231.68       20.76         7725021.500            1225.634      307927.594          -0.000
    17.34    26379.38     1231.68       21.42         8137720.500            1225.634      325115.031           0.000
    18.00    27190.41     1231.68       22.08         8558966.000            1225.634      342839.125           0.000
    18.66    28001.44     1231.68       22.73         8988673.000            1225.634      361099.906           0.000
    19.32    28812.46     1231.68       23.39         9426759.000            1225.634      379897.438           0.000
    19.98    29623.49     1231.68       24.05         9873145.000            1225.634      399231.562          -0.000
    20.64    30434.52     1231.68       24.71        10327752.000            1225.634      419102.344           0.000
    21.31    31245.55     1231.68       25.37        10790511.000            1225.634      439509.875           0.000
    21.97    32056.58     1231.68       26.03        11261347.000            1225.634      460454.031           0.000
    22.63    32867.60     1231.68       26.69        11740188.000            1225.634      481934.875           0.000
    23.29    33678.63     1231.68       27.34        12226976.000            1225.634      503952.344           0.000
    23.95    34489.66     1231.68       28.00        12721642.000            1225.634      526506.500          -0.000
    24.61    35300.69     1231.68       28.66        13224127.000            1225.634      549597.438           0.000
    25.28    36111.71     1231.68       29.32        13734366.000            1225.634      573224.938           0.000
    25.94    36922.74     1231.68       29.98        14252302.000            1225.634      597389.125           0.000
    26.60    37733.77     1231.68       30.64        14777877.000            1225.634      622090.062           0.000
    27.26    38544.80     1231.68       31.29        15311040.000            1225.634      647327.625          -0.000
    27.92    39355.82     1231.68       31.95        15851734.000            1225.634      673101.812           0.000
    28.59    40166.85     1231.68       32.61        16399908.000            1225.634      699412.688           0.000
    29.25    40977.88     1231.68       33.27        16955510.000            1225.634      726260.250           0.000
    29.91    41788.91     1231.68       33.93        17518496.000            1225.634      753644.562           0.000
    30.57    42599.94     1231.68       34.59        18088810.000            1225.634      781565.500           0.000
    31.23    43410.96     1231.68       35.25        18666412.000            1225.634      810023.062          -0.000
    31.89    44221.99     1231.68       35.90        19251250.000            1225.634      839017.375           0.000
    32.56    45033.02     1231.68       36.56        19843284.000            1225.634      868548.312           0.000
    33.22    45844.05     1231.68       37.22        20442468.000            1225.634      898615.938           0.000
    33.88    46655.07     1231.68       37.88        21048762.000            1225.634      929220.188           0.000
    34.54    47466.10     1231.68       38.54        21662124.000            1225.634      960361.125          -0.000
    35.20    48277.13     1231.68       39.20        22282510.000            1225.634      992038.750           0.000
    35.86    49088.16     1231.68       39.85        22909886.000            1225.634     1024253.062           0.000
    36.53    49899.19     1231.68       40.51        23544214.000            1225.634     1057004.250           0.000
    37.19    50710.21     1231.68       41.17        24185450.000            1225.634     1090291.875           0.000
    37.85    51521.24     1231.68       41.83        24833558.000            1225.634     1124116.125           0.000
    38.51    52332.27     1231.68       42.49        25488504.000            1225.634     1158477.125          -0.000
    39.17    53143.30     1231.68       43.15        26150254.000            1225.634     1193374.750           0.000
    39.83    53954.32     1231.68       43.81        26818770.000            1225.634     1228809.125           0.000
    40.50    54765.35     1231.68       44.46        27494018.000            1225.634     1264780.125           0.000
    41.16    55576.38     1231.68       45.12        28175968.000            1225.634     1301288.000           0.000
    41.82    56387.41     1231.68       45.78        28864584.000            1225.634     1338332.375          -0.000
    42.48    57198.44     1231.68       46.44        29559836.000            1225.634     1375913.375           0.000
    43.14    58009.46     1231.68       47.10        30261690.000            1225.634     1414031.125           0.000
    43.80    58820.49     1231.68       47.76        30970118.000            1225.634     1452685.500           0.000
    44.47    59631.52     1231.68       48.41        31685080.000            1225.634     1491876.500           0.000
    45.13    60442.54     1231.68       49.07        32406562.000            1225.634     1531604.250          -0.000
    45.79    61253.57     1231.68       49.73        33134526.000            1225.634     1571868.625           0.000
    46.45    62064.60     1231.68       50.39        33868944.000            1225.634     1612669.750           0.000
