   674.296265      -23.8355446    
   724.841553      -23.8355446    
 NaN NaN
   654.755859      -23.1986942    
   793.220032      -23.1986942    
 NaN NaN
   642.714355      -22.5618458    
   846.734558      -22.5618458    
 NaN NaN
   554.314148      -21.9249954    
   596.269348      -21.9249954    
 NaN NaN
   622.978882      -21.9249954    
   865.300659      -21.9249954    
 NaN NaN
   526.892639      -21.2881470    
   879.938416      -21.2881470    
 NaN NaN
   425.761871      -20.6512985    
   449.638031      -20.6512985    
 NaN NaN
   512.693420      -20.6512985    
   889.076172      -20.6512985    
 NaN NaN
   392.646301      -20.0144482    
   460.864197      -20.0144482    
 NaN NaN
   488.671600      -20.0144482    
   900.162231      -20.0144482    
 NaN NaN
   367.576385      -19.3775997    
   909.892395      -19.3775997    
 NaN NaN
   357.064026      -18.7407513    
   921.528625      -18.7407513    
 NaN NaN
   350.278168      -18.1039009    
   930.704102      -18.1039009    
 NaN NaN
   345.910767      -17.4670525    
   938.439941      -17.4670525    
 NaN NaN
   341.821228      -16.8302040    
   943.760010      -16.8302040    
 NaN NaN
   338.734253      -16.1933537    
   948.767456      -16.1933537    
 NaN NaN
   335.694641      -15.5565052    
   953.123657      -15.5565052    
 NaN NaN
   332.623199      -14.9196558    
   956.337158      -14.9196558    
 NaN NaN
   329.401245      -14.2828064    
   956.851318      -14.2828064    
 NaN NaN
   326.167816      -13.6459570    
   957.365417      -13.6459570    
 NaN NaN
   321.416260      -13.0091076    
   957.879578      -13.0091076    
 NaN NaN
   314.757507      -12.3722591    
   958.393677      -12.3722591    
 NaN NaN
   311.058655      -11.7354097    
   958.907837      -11.7354097    
 NaN NaN
   307.370728      -11.0985603    
   959.421936      -11.0985603    
 NaN NaN
   304.436493      -10.4617119    
   959.936096      -10.4617119    
 NaN NaN
   302.046356      -9.82486248    
   960.450195      -9.82486248    
 NaN NaN
   299.656189      -9.18801308    
   960.964294      -9.18801308    
 NaN NaN
   297.266052      -8.55116367    
   961.478455      -8.55116367    
 NaN NaN
   295.166382      -7.91431475    
   961.992554      -7.91431475    
 NaN NaN
   293.102478      -7.27746582    
   962.506714      -7.27746582    
 NaN NaN
   291.038605      -6.64061642    
   963.020813      -6.64061642    
 NaN NaN
   288.974731      -6.00376701    
   963.534973      -6.00376701    
 NaN NaN
   287.076599      -5.36691809    
   964.049072      -5.36691809    
 NaN NaN
   285.869629      -4.73006916    
   964.563232      -4.73006916    
 NaN NaN
   284.662689      -4.09321976    
   965.144104      -4.09321976    
 NaN NaN
   283.455750      -3.45637059    
   965.848145      -3.45637059    
 NaN NaN
   282.248779      -2.81952143    
   966.552185      -2.81952143    
 NaN NaN
   281.041840      -2.18267226    
   967.256226      -2.18267226    
 NaN NaN
   279.834900      -1.54582310    
   967.960266      -1.54582310    
 NaN NaN
   278.627930     -0.908973932    
   968.664307     -0.908973932    
 NaN NaN
   277.130188     -0.272124767    
   969.368347     -0.272124767    
 NaN NaN
   275.539154      0.364724398    
   970.072388      0.364724398    
 NaN NaN
   273.948120       1.00157356    
   970.776428       1.00157356    
 NaN NaN
   272.357086       1.63842273    
   971.480469       1.63842273    
 NaN NaN
   270.766052       2.27527189    
   972.184509       2.27527189    
 NaN NaN
   265.320282       2.91212106    
   972.888550       2.91212106    
 NaN NaN
   63.6233826       3.54897022    
   77.3080139       3.54897022    
 NaN NaN
   104.745766       3.54897022    
   151.808899       3.54897022    
 NaN NaN
   247.340836       3.54897022    
   974.387878       3.54897022    
 NaN NaN
   22.9480438       4.18581963    
   978.755127       4.18581963    
 NaN NaN
   17.0198536       4.82266855    
   987.154602       4.82266855    
 NaN NaN
   14.2952900       5.45951748    
   992.457642       5.45951748    
 NaN NaN
   11.5707235       6.09636688    
   996.258423       6.09636688    
 NaN NaN
   1013.81763       6.09636688    
   1013.95074       6.09636688    
 NaN NaN
   8.06666756       6.73321629    
   999.601135       6.73321629    
 NaN NaN
   1009.91187       6.73321629    
   1013.95074       6.73321629    
 NaN NaN
   0.00000000       7.37006521    
   1013.95074       7.37006521    
 NaN NaN
   0.00000000       8.00691414    
   1013.95074       8.00691414    
 NaN NaN
   0.00000000       8.64376354    
   1013.95074       8.64376354    
 NaN NaN
   0.00000000       9.28061295    
   1013.95074       9.28061295    
 NaN NaN
   0.00000000       9.91746140    
   1013.95074       9.91746140    
 NaN NaN
   0.00000000       10.5543108    
   1013.95074       10.5543108    
 NaN NaN
   0.00000000       11.1911602    
   1013.95074       11.1911602    
 NaN NaN
   0.00000000       11.8280096    
   1013.95074       11.8280096    
 NaN NaN
   0.00000000       12.4648590    
   1013.95074       12.4648590    
 NaN NaN
   0.00000000       13.1017075    
   1013.95074       13.1017075    
 NaN NaN
   0.00000000       13.7385569    
   1013.95074       13.7385569    
 NaN NaN
   0.00000000       14.3754063    
   1013.95074       14.3754063    
 NaN NaN
   0.00000000       15.0122547    
   1013.95074       15.0122547    
 NaN NaN
   0.00000000       15.6491041    
   1013.95074       15.6491041    
 NaN NaN
   0.00000000       16.2859535    
   1013.95074       16.2859535    
 NaN NaN
   0.00000000       16.9228020    
   1013.95074       16.9228020    
 NaN NaN
   0.00000000       17.5596523    
   1013.95074       17.5596523    
 NaN NaN
   0.00000000       18.1965008    
   1013.95074       18.1965008    
 NaN NaN
   0.00000000       18.8333511    
   1013.95074       18.8333511    
 NaN NaN
   0.00000000       19.4701996    
   1013.95074       19.4701996    
 NaN NaN
   0.00000000       20.1070480    
   1013.95074       20.1070480    
 NaN NaN
   0.00000000       20.7438984    
   1013.95074       20.7438984    
 NaN NaN
   0.00000000       21.3807468    
   1013.95074       21.3807468    
 NaN NaN
   0.00000000       22.0175953    
   1013.95074       22.0175953    
 NaN NaN
   0.00000000       22.6544456    
   1013.95074       22.6544456    
 NaN NaN
   0.00000000       23.2912941    
   1013.95074       23.2912941    
 NaN NaN
   0.00000000       23.9281425    
   1013.95074       23.9281425    
 NaN NaN
   0.00000000       24.5649929    
   1013.95074       24.5649929    
 NaN NaN
   0.00000000       25.2018414    
   1013.95074       25.2018414    
 NaN NaN
   0.00000000       25.8386917    
   1013.95074       25.8386917    
 NaN NaN
   0.00000000       26.4755402    
   1013.95074       26.4755402    
 NaN NaN
   0.00000000       27.1123886    
   1013.95074       27.1123886    
 NaN NaN
   0.00000000       27.7492390    
   1013.95074       27.7492390    
 NaN NaN
   0.00000000       28.3860874    
   1013.95074       28.3860874    
 NaN NaN
   0.00000000       29.0229378    
   1013.95074       29.0229378    
 NaN NaN
   0.00000000       29.6597862    
   1013.95074       29.6597862    
 NaN NaN
   0.00000000       30.2966347    
   1013.95074       30.2966347    
 NaN NaN
   0.00000000       30.9334850    
   1013.95074       30.9334850    
 NaN NaN
   0.00000000       31.5703335    
   1013.95074       31.5703335    
 NaN NaN
   0.00000000       32.2071838    
   1013.95074       32.2071838    
 NaN NaN
   0.00000000       32.8440323    
   1013.95074       32.8440323    
 NaN NaN
   0.00000000       33.4808807    
   1013.95074       33.4808807    
 NaN NaN
   0.00000000       34.1177292    
   1013.95074       34.1177292    
 NaN NaN
   0.00000000       34.7545776    
   1013.95074       34.7545776    
 NaN NaN
   0.00000000       35.3914299    
   1013.95074       35.3914299    
 NaN NaN
   0.00000000       36.0282784    
   1013.95074       36.0282784    
 NaN NaN
   0.00000000       36.6651268    
   1013.95074       36.6651268    
 NaN NaN
   0.00000000       37.3019753    
   1013.95074       37.3019753    
 NaN NaN
   0.00000000       37.9388237    
   1013.95074       37.9388237    
 NaN NaN
   0.00000000       38.5756760    
   1013.95074       38.5756760    
 NaN NaN
   0.00000000       39.2125244    
   1013.95074       39.2125244    
 NaN NaN
