   598.752014      -52.7917252    
   648.833984      -52.7917252    
 NaN NaN
   655.778137      -52.7917252    
   660.185486      -52.7917252    
 NaN NaN
   580.171082      -51.5637474    
   669.375183      -51.5637474    
 NaN NaN
   568.395874      -50.3357697    
   673.861206      -50.3357697    
 NaN NaN
   557.428711      -49.1077881    
   677.818115      -49.1077881    
 NaN NaN
   546.687622      -47.8798103    
   681.233704      -47.8798103    
 NaN NaN
   538.805786      -46.6518326    
   684.722351      -46.6518326    
 NaN NaN
   531.382751      -45.4238548    
   688.630310      -45.4238548    
 NaN NaN
   522.204468      -44.1958771    
   696.301697      -44.1958771    
 NaN NaN
   507.248169      -42.9678993    
   712.030090      -42.9678993    
 NaN NaN
   494.243774      -41.7399216    
   720.011475      -41.7399216    
 NaN NaN
   484.680084      -40.5119438    
   724.766479      -40.5119438    
 NaN NaN
   476.766327      -39.2839661    
   728.205017      -39.2839661    
 NaN NaN
   467.446899      -38.0559845    
   731.416260      -38.0559845    
 NaN NaN
   456.354401      -36.8280067    
   734.644775      -36.8280067    
 NaN NaN
   429.180817      -35.6000290    
   737.558044      -35.6000290    
 NaN NaN
   399.182831      -34.3720512    
   740.446655      -34.3720512    
 NaN NaN
   387.008667      -33.1440735    
   743.354736      -33.1440735    
 NaN NaN
   378.347992      -31.9160957    
   746.606873      -31.9160957    
 NaN NaN
   370.257355      -30.6881161    
   749.973938      -30.6881161    
 NaN NaN
   359.297943      -29.4601383    
   753.422119      -29.4601383    
 NaN NaN
   345.898254      -28.2321606    
   757.282593      -28.2321606    
 NaN NaN
   337.252075      -27.0041809    
   761.061584      -27.0041809    
 NaN NaN
   329.382904      -25.7762032    
   764.303528      -25.7762032    
 NaN NaN
   317.833771      -24.5482254    
   767.157227      -24.5482254    
 NaN NaN
   310.063385      -23.3202477    
   769.843567      -23.3202477    
 NaN NaN
   304.234772      -22.0922699    
   772.381592      -22.0922699    
 NaN NaN
   298.408752      -20.8642902    
   774.323364      -20.8642902    
 NaN NaN
   292.606720      -19.6363125    
   776.265198      -19.6363125    
 NaN NaN
   287.937897      -18.4083347    
   778.208923      -18.4083347    
 NaN NaN
   283.439026      -17.1803551    
   780.153931      -17.1803551    
 NaN NaN
   279.355621      -15.9523773    
   782.472168      -15.9523773    
 NaN NaN
   275.537994      -14.7243996    
   786.341858      -14.7243996    
 NaN NaN
   271.774048      -13.4964218    
   790.451904      -13.4964218    
 NaN NaN
   268.174805      -12.2684431    
   793.846008      -12.2684431    
 NaN NaN
   264.569031      -11.0404644    
   797.232422      -11.0404644    
 NaN NaN
   260.771179      -9.81248665    
   800.594482      -9.81248665    
 NaN NaN
   256.934662      -8.58450890    
   803.209717      -8.58450890    
 NaN NaN
   253.133606      -7.35653019    
   805.763000      -7.35653019    
 NaN NaN
   249.395233      -6.12855196    
   808.316284      -6.12855196    
 NaN NaN
   245.723587      -4.90057373    
   810.818665      -4.90057373    
 NaN NaN
   242.207397      -3.67259550    
   813.430603      -3.67259550    
 NaN NaN
   238.691208      -2.44461727    
   816.100098      -2.44461727    
 NaN NaN
   235.154907      -1.21663904    
   818.769531      -1.21663904    
 NaN NaN
   231.571716       1.13391876E-02
   822.739929       1.13391876E-02
 NaN NaN
   227.811203       1.23931742    
   827.144104       1.23931742    
 NaN NaN
   220.052002       2.46729565    
   861.795105       2.46729565    
 NaN NaN
   213.449875       3.69527388    
   940.687866       3.69527388    
 NaN NaN
   170.815506       4.92325211    
   952.705688       4.92325211    
 NaN NaN
   151.667877       6.15123034    
   958.170959       6.15123034    
 NaN NaN
   0.00000000       7.37920856    
   962.018921       7.37920856    
 NaN NaN
   0.00000000       8.60718727    
   962.018921       8.60718727    
 NaN NaN
   0.00000000       9.83516502    
   962.018921       9.83516502    
 NaN NaN
   0.00000000       11.0631428    
   962.018921       11.0631428    
 NaN NaN
   0.00000000       12.2911215    
   962.018921       12.2911215    
 NaN NaN
   0.00000000       13.5191002    
   962.018921       13.5191002    
 NaN NaN
   0.00000000       14.7470779    
   962.018921       14.7470779    
 NaN NaN
   0.00000000       15.9750557    
   962.018921       15.9750557    
 NaN NaN
   0.00000000       17.2030334    
   962.018921       17.2030334    
 NaN NaN
   0.00000000       18.4310131    
   962.018921       18.4310131    
 NaN NaN
   0.00000000       19.6589909    
   962.018921       19.6589909    
 NaN NaN
   0.00000000       20.8869686    
   962.018921       20.8869686    
 NaN NaN
   0.00000000       22.1149483    
   962.018921       22.1149483    
 NaN NaN
   0.00000000       23.3429260    
   962.018921       23.3429260    
 NaN NaN
   0.00000000       24.5709038    
   962.018921       24.5709038    
 NaN NaN
   0.00000000       25.7988815    
   962.018921       25.7988815    
 NaN NaN
   0.00000000       27.0268593    
   962.018921       27.0268593    
 NaN NaN
   0.00000000       28.2548389    
   962.018921       28.2548389    
 NaN NaN
   0.00000000       29.4828167    
   962.018921       29.4828167    
 NaN NaN
   0.00000000       30.7107944    
   962.018921       30.7107944    
 NaN NaN
   0.00000000       31.9387741    
   962.018921       31.9387741    
 NaN NaN
   0.00000000       33.1667519    
   962.018921       33.1667519    
 NaN NaN
   0.00000000       34.3947296    
   962.018921       34.3947296    
 NaN NaN
   0.00000000       35.6227074    
   962.018921       35.6227074    
 NaN NaN
   0.00000000       36.8506851    
   962.018921       36.8506851    
 NaN NaN
   0.00000000       38.0786629    
   962.018921       38.0786629    
 NaN NaN
   0.00000000       39.3066406    
   962.018921       39.3066406    
 NaN NaN
   0.00000000       40.5346222    
   962.018921       40.5346222    
 NaN NaN
   0.00000000       41.7625999    
   962.018921       41.7625999    
 NaN NaN
   0.00000000       42.9905777    
   962.018921       42.9905777    
 NaN NaN
   0.00000000       44.2185555    
   962.018921       44.2185555    
 NaN NaN
   0.00000000       45.4465332    
   962.018921       45.4465332    
 NaN NaN
   0.00000000       46.6745110    
   962.018921       46.6745110    
 NaN NaN
   0.00000000       47.9024887    
   962.018921       47.9024887    
 NaN NaN
   0.00000000       49.1304703    
   962.018921       49.1304703    
 NaN NaN
   0.00000000       50.3584480    
   962.018921       50.3584480    
 NaN NaN
   0.00000000       51.5864258    
   962.018921       51.5864258    
 NaN NaN
   0.00000000       52.8144035    
   962.018921       52.8144035    
 NaN NaN
   0.00000000       54.0423813    
   962.018921       54.0423813    
 NaN NaN
   0.00000000       55.2703590    
   962.018921       55.2703590    
 NaN NaN
   0.00000000       56.4983368    
   962.018921       56.4983368    
 NaN NaN
   0.00000000       57.7263145    
   962.018921       57.7263145    
 NaN NaN
   0.00000000       58.9542923    
   962.018921       58.9542923    
 NaN NaN
   0.00000000       60.1822739    
   962.018921       60.1822739    
 NaN NaN
   0.00000000       61.4102516    
   962.018921       61.4102516    
 NaN NaN
   0.00000000       62.6382294    
   962.018921       62.6382294    
 NaN NaN
   0.00000000       63.8662071    
   962.018921       63.8662071    
 NaN NaN
   0.00000000       65.0941849    
   962.018921       65.0941849    
 NaN NaN
   0.00000000       66.3221664    
   962.018921       66.3221664    
 NaN NaN
   0.00000000       67.5501404    
   962.018921       67.5501404    
 NaN NaN
   0.00000000       68.7781219    
   962.018921       68.7781219    
 NaN NaN
