 Elev(m)    dbdxp(-)    dbdxc(-)      I2p     I2c
  -24.2199993       0.00000000       0.00000000       0.00000000       0.00000000    
  -23.5100002      -6.72246004E-03  -3.50106671E-03  -8.47195857E-04  -4.41220793E-04
  -22.8099995      -8.83281045E-03  -8.35957658E-03  -4.47807461E-03  -2.80596945E-03
  -22.1000004      -3.42507660E-02  -1.25208097E-02  -1.55227557E-02  -9.30932257E-03
  -21.3999996     -0.147966802      -3.52598168E-02  -5.47289476E-02  -2.43370198E-02
  -20.6900005      -8.41854066E-02 -0.132485315     -0.146387950      -6.66549206E-02
  -19.9899998     -0.100239404      -5.72874397E-02 -0.288843185     -0.153135270    
  -19.2800007     -0.116210595      -6.77279606E-02 -0.483521283     -0.280180305    
  -18.5699997      -8.91068354E-02  -9.19991583E-02 -0.731353104     -0.443110317    
  -17.8700008      -5.56517169E-02 -0.119830377      -1.01944733     -0.650286913    
  -17.1599998      -5.53055704E-02  -8.27114880E-02  -1.34362411     -0.912263513    
  -16.4599991      -7.21859783E-02  -5.37204780E-02  -1.69308853      -1.21290994    
  -15.7500000      -9.59662274E-02  -6.17657527E-02  -2.08457327      -1.54935288    
  -15.0500002     -0.143949494      -8.13989714E-02  -2.52167273      -1.91344893    
  -14.3400002     -0.270032108     -0.113810562      -3.04699206      -2.32513237    
  -13.6400003     -0.499163210     -0.109666966      -3.71328688      -2.78343558    
  -12.9300003     -0.440395027     -0.384180248      -4.60306120      -3.33828473    
  -12.2299995     -0.342040986     -0.356826633      -5.69565058      -4.04006529    
  -11.5200005      -6.06790818E-02 -0.440900177      -6.95179653      -4.94445419    
  -10.8199997      -3.99483629E-02 -0.309996933      -8.25297260      -6.02985620    
  -10.1099997      -2.50055846E-02 -0.118754774      -9.59342194      -7.27807617    
  -9.40999985      -5.92579832E-03  -5.30381091E-02  -10.9269600      -8.58363819    
  -8.69999981       8.00188258E-03  -4.12726998E-02  -12.2831297      -9.94107723    
  -8.00000000       1.82346683E-02  -2.23463364E-02  -13.6166334      -11.2991333    
  -7.28999996       2.32598856E-02  -2.76877754E-03  -14.9606991      -12.6876583    
  -6.59000015       2.72905529E-02   1.01631572E-02  -16.2743073      -14.0588150    
  -5.88000011       2.98859589E-02   1.77542511E-02  -17.5931969      -15.4451237    
  -5.17999983       3.44642773E-02   1.80421416E-02  -18.8782978      -16.8039265    
  -4.46999979       3.85039225E-02   1.89818274E-02  -20.1645660      -18.1730289    
  -3.76999998       4.20009047E-02   2.32750475E-02  -21.4135056      -19.5129204    
  -3.05999994       4.40091565E-02   3.13499495E-02  -22.6594486      -20.8598213    
  -2.35999990       4.75805551E-02   3.75165567E-02  -23.8656120      -22.1722870    
  -1.64999998       5.24056666E-02   4.36312892E-02  -25.0650291      -23.4847183    
 -0.949999988       5.48462532E-02   5.16634956E-02  -26.2216129      -24.7565727    
 -0.239999995       5.38002327E-02   5.58477864E-02  -27.3677044      -26.0212097    
  0.469999999       5.31312786E-02   5.52213304E-02  -28.4866276      -27.2583008    
   1.16999996       5.28914705E-02   5.41000925E-02  -29.5631428      -28.4503918    
   1.88000000       5.22370823E-02   5.31705841E-02  -30.6286182      -29.6324120    
   2.57999992       5.23204766E-02   5.26612364E-02  -31.6528473      -30.7711163    
   3.28999996       5.39564453E-02   5.22181280E-02  -32.6653252      -31.8997269    
   3.99000001       5.52640222E-02   5.42672798E-02  -33.6365738      -32.9859886    
   4.69999981      -4.45342623E-03   5.51243685E-02  -34.6017265      -34.0607529    
   5.40000010       1.41577143E-02  -2.14906447E-02  -35.5457535      -35.1025543    
   6.11000013      -2.51685828E-02  -3.58895655E-03  -36.5034447      -36.1582146    
   6.80999994      -2.88541000E-02  -3.17084678E-02  -37.4558220      -37.2065735    
   7.51999998       3.46033350E-02  -1.29500898E-02  -38.4277916      -38.2799225    
   8.22000027       7.27569163E-02   3.26992273E-02  -39.3718300      -39.3412170    
   8.93000031       7.05226287E-02   7.25450441E-02  -40.2979584      -40.4019508    
   9.63000011       6.49056658E-02   7.11746216E-02  -41.1761742      -41.4165573    
   10.3400002       5.82815893E-02   6.77562431E-02  -42.0345879      -42.4102974    
   11.0400000       8.76939148E-02   5.78829721E-02  -42.8472099      -43.3569450    
   11.7500000       8.76939148E-02   8.76971036E-02  -43.6312027      -44.2831612    
   12.4499998       8.76939148E-02   8.76971036E-02  -44.3602562      -45.1561394    
   13.1599998       8.76939148E-02   8.76971036E-02  -45.0558357      -45.9976959    
   13.8599997       8.76939148E-02   8.76971036E-02  -45.6977234      -46.7835045    
   14.5699997       8.76939148E-02   8.76971036E-02  -46.3048897      -47.5366440    
   15.2700005       8.76939148E-02   8.76971036E-02  -46.8596115      -48.2352829    
   15.9799995       8.76939148E-02   8.76971036E-02  -47.3783646      -48.9000053    
   16.6800003       8.76939148E-02   8.76971036E-02  -47.8459167      -49.5114746    
   17.3899994       8.76939148E-02   8.76971036E-02  -48.2762566      -50.0877800    
   18.0900002       8.76939148E-02   8.76971036E-02  -48.6566429      -50.6120796    
   18.7999992       8.76939148E-02   8.76971036E-02  -48.9985695      -51.0999718    
   19.5100002       8.76939148E-02   8.76971036E-02  -49.2962914      -51.5436554    
   20.2099991       8.76939148E-02   8.76971036E-02  -49.5459213      -51.9371948    
   20.9200001       8.76939148E-02   8.76971036E-02  -49.7552338      -52.2924652    
   21.6200008       8.76939148E-02   8.76971036E-02  -49.9176979      -52.5988312    
   22.3299999       8.76939148E-02   8.76971036E-02  -50.0385933      -52.8656845    
   23.0300007       8.76939148E-02   8.76971036E-02  -50.1138916      -53.0848808    
   23.7399998       8.76939148E-02   8.76971036E-02  -50.1463737      -53.2633209    
   24.4400005       8.76939148E-02   8.76971036E-02  -50.1345024      -53.3953476    
   25.1499996       8.76939148E-02   8.76971036E-02  -50.0785751      -53.4853668    
   25.8500004       8.76939148E-02   8.76971036E-02  -49.9795380      -53.5302238    
   26.5599995       8.76939148E-02   8.76971036E-02  -49.8351936      -53.5318260    
   27.2600002       8.76939148E-02   8.76971036E-02  -49.6489868      -53.4895134    
   27.9699993       8.76939148E-02   8.76971036E-02  -49.4162331      -53.4027023    
   28.6700001       8.76939148E-02   8.76971036E-02  -49.1428604      -53.2732162    
   29.3799992       8.76939148E-02   8.76971036E-02  -48.8216934      -53.0979881    
   30.0799999       8.76939148E-02   8.76971036E-02  -48.4611511      -52.8813286    
   30.7900009       8.76939148E-02   8.76971036E-02  -48.0515671      -52.6176872    
   31.4899998       8.76939148E-02   8.76971036E-02  -47.6038628      -52.3138580    
   32.2000008       8.76939148E-02   8.76971036E-02  -47.1058655      -51.9617996    
   32.9000015       8.76939148E-02   8.76971036E-02  -46.5709915      -51.5708008    
   33.6100006       8.76939148E-02   8.76971036E-02  -45.9845848      -51.1303253    
   34.3100014       8.76939148E-02   8.76971036E-02  -45.3625412      -50.6521568    
   35.0200005       8.76939148E-02   8.76971036E-02  -44.6877213      -50.1232643    
   35.7200012       8.76939148E-02   8.76971036E-02  -43.9785080      -49.5579224    
   36.4300003       8.76939148E-02   8.76971036E-02  -43.2152748      -48.9406166    
   37.1300011       8.76939148E-02   8.76971036E-02  -42.4188957      -48.2881050    
   37.8400002       8.76939148E-02   8.76971036E-02  -41.5672531      -47.5823822    
   38.5499992       8.76939148E-02   8.76971036E-02  -40.6714020      -46.8324509    
   39.2500000       8.76939148E-02   8.76971036E-02  -39.7442703      -46.0491829    
   39.9599991       8.76939148E-02   8.76971036E-02  -38.7600060      -45.2108345    
   40.6599998       8.76939148E-02   8.76971036E-02  -37.7457085      -44.3403969    
   41.3699989       8.76939148E-02   8.76971036E-02  -36.6730309      -43.4136314    
   42.0699997       8.76939148E-02   8.76971036E-02  -35.5715637      -42.4560242    
   42.7799988       8.76939148E-02   8.76971036E-02  -34.4104729      -41.4408455    
   43.4799995       8.76939148E-02   8.76971036E-02  -33.2218399      -40.3960648    
   44.1899986       8.76939148E-02   8.76971036E-02  -31.9723377      -39.2924690    
   44.8899994       8.76939148E-02   8.76971036E-02  -30.6965351      -38.1605186    
   45.5999985       8.76939148E-02   8.76971036E-02  -29.3586197      -36.9685059    
   46.2999992       8.76939148E-02   8.76971036E-02  -27.9956493      -35.7493820    
