   824.024414      -16.1969509    
   886.075439      -16.1969509    
 NaN NaN
   806.069946      -15.5658932    
   898.205933      -15.5658932    
 NaN NaN
   743.058777      -14.9348345    
   927.124390      -14.9348345    
 NaN NaN
   723.512695      -14.3037767    
   942.555603      -14.3037767    
 NaN NaN
   654.967712      -13.6727190    
   953.511475      -13.6727190    
 NaN NaN
   644.098328      -13.0416603    
   965.156067      -13.0416603    
 NaN NaN
   636.351562      -12.4106026    
   980.059204      -12.4106026    
 NaN NaN
   626.873169      -11.7795448    
   993.252686      -11.7795448    
 NaN NaN
   610.580750      -11.1484871    
   1006.64221      -11.1484871    
 NaN NaN
   600.694153      -10.5174294    
   1022.21484      -10.5174294    
 NaN NaN
   591.756531      -9.88637066    
   1033.12012      -9.88637066    
 NaN NaN
   582.227112      -9.25531292    
   1051.91809      -9.25531292    
 NaN NaN
   572.334595      -8.62425518    
   1062.28638      -8.62425518    
 NaN NaN
   563.029968      -7.99319696    
   1068.68481      -7.99319696    
 NaN NaN
   553.130066      -7.36213875    
   1072.84045      -7.36213875    
 NaN NaN
   542.898376      -6.73108101    
   1077.21704      -6.73108101    
 NaN NaN
   534.270142      -6.10002327    
   1082.34424      -6.10002327    
 NaN NaN
   524.599792      -5.46896505    
   1088.24402      -5.46896505    
 NaN NaN
   511.013214      -4.83790684    
   1093.87683      -4.83790684    
 NaN NaN
   492.786469      -4.20684910    
   1101.50293      -4.20684910    
 NaN NaN
   478.516083      -3.57579112    
   1110.10376      -3.57579112    
 NaN NaN
   465.410919      -2.94473314    
   1117.68274      -2.94473314    
 NaN NaN
   447.663544      -2.31367517    
   1124.82959      -2.31367517    
 NaN NaN
   434.842804      -1.68261719    
   1132.02722      -1.68261719    
 NaN NaN
   424.530853      -1.05155921    
   1138.02942      -1.05155921    
 NaN NaN
   416.118378     -0.420501232    
   1143.13818     -0.420501232    
 NaN NaN
   409.015900      0.210556746    
   1147.62195      0.210556746    
 NaN NaN
   402.850677      0.841614723    
   1151.78162      0.841614723    
 NaN NaN
   398.256226       1.47267270    
   1156.41455       1.47267270    
 NaN NaN
   393.637390       2.10373068    
   1160.46838       2.10373068    
 NaN NaN
   389.033875       2.73478866    
   1164.32971       2.73478866    
 NaN NaN
   384.097839       3.36584663    
   1168.60071       3.36584663    
 NaN NaN
   378.881348       3.99690461    
   1172.79224       3.99690461    
 NaN NaN
   346.837830       4.62796259    
   348.429535       4.62796259    
 NaN NaN
   369.397644       4.62796259    
   1176.81445       4.62796259    
 NaN NaN
   336.755188       5.25902081    
   354.256531       5.25902081    
 NaN NaN
   358.317139       5.25902081    
   1180.40295       5.25902081    
 NaN NaN
   163.758499       5.89007854    
   259.430634       5.89007854    
 NaN NaN
   327.579803       5.89007854    
   1183.91077       5.89007854    
 NaN NaN
   136.173584       6.52113628    
   283.256744       6.52113628    
 NaN NaN
   307.741028       6.52113628    
   1187.53467       6.52113628    
 NaN NaN
   114.294968       7.15219450    
   1193.71582       7.15219450    
 NaN NaN
   90.2140656       7.78325272    
   1200.85168       7.78325272    
 NaN NaN
   69.2723923       8.41431046    
   1213.72144       8.41431046    
 NaN NaN
   57.8831978       9.04536819    
   1236.52991       9.04536819    
 NaN NaN
   1433.66321       9.04536819    
   1434.80273       9.04536819    
 NaN NaN
   48.0080414       9.67642593    
   1242.63501       9.67642593    
 NaN NaN
   1310.85815       9.67642593    
   1476.43665       9.67642593    
 NaN NaN
   37.3067055       10.3074846    
   1255.88293       10.3074846    
 NaN NaN
   1276.14233       10.3074846    
   1493.58350       10.3074846    
 NaN NaN
   31.9367142       10.9385424    
   1497.85437       10.9385424    
 NaN NaN
   28.4311161       11.5696001    
   1497.85437       11.5696001    
 NaN NaN
   25.8473282       12.2006588    
   1497.85437       12.2006588    
 NaN NaN
   23.2635422       12.8317165    
   1497.85437       12.8317165    
 NaN NaN
   20.4940662       13.4627743    
   1497.85437       13.4627743    
 NaN NaN
   0.00000000       14.0938320    
   3.02729511       14.0938320    
 NaN NaN
   17.6621170       14.0938320    
   1497.85437       14.0938320    
 NaN NaN
   0.00000000       14.7248898    
   1497.85437       14.7248898    
 NaN NaN
   0.00000000       15.3559484    
   1497.85437       15.3559484    
 NaN NaN
   0.00000000       15.9870062    
   1497.85437       15.9870062    
 NaN NaN
   0.00000000       16.6180649    
   1497.85437       16.6180649    
 NaN NaN
   0.00000000       17.2491226    
   1497.85437       17.2491226    
 NaN NaN
   0.00000000       17.8801804    
   1497.85437       17.8801804    
 NaN NaN
   0.00000000       18.5112381    
   1497.85437       18.5112381    
 NaN NaN
   0.00000000       19.1422958    
   1497.85437       19.1422958    
 NaN NaN
   0.00000000       19.7733536    
   1497.85437       19.7733536    
 NaN NaN
   0.00000000       20.4044113    
   1497.85437       20.4044113    
 NaN NaN
   0.00000000       21.0354691    
   1497.85437       21.0354691    
 NaN NaN
   0.00000000       21.6665287    
   1497.85437       21.6665287    
 NaN NaN
   0.00000000       22.2975864    
   1497.85437       22.2975864    
 NaN NaN
   0.00000000       22.9286442    
   1497.85437       22.9286442    
 NaN NaN
   0.00000000       23.5597019    
   1497.85437       23.5597019    
 NaN NaN
   0.00000000       24.1907597    
   1497.85437       24.1907597    
 NaN NaN
   0.00000000       24.8218174    
   1497.85437       24.8218174    
 NaN NaN
   0.00000000       25.4528751    
   1497.85437       25.4528751    
 NaN NaN
   0.00000000       26.0839348    
   1497.85437       26.0839348    
 NaN NaN
   0.00000000       26.7149925    
   1497.85437       26.7149925    
 NaN NaN
   0.00000000       27.3460503    
   1497.85437       27.3460503    
 NaN NaN
   0.00000000       27.9771080    
   1497.85437       27.9771080    
 NaN NaN
   0.00000000       28.6081657    
   1497.85437       28.6081657    
 NaN NaN
   0.00000000       29.2392235    
   1497.85437       29.2392235    
 NaN NaN
   0.00000000       29.8702812    
   1497.85437       29.8702812    
 NaN NaN
   0.00000000       30.5013390    
   1497.85437       30.5013390    
 NaN NaN
   0.00000000       31.1323967    
   1497.85437       31.1323967    
 NaN NaN
   0.00000000       31.7634563    
   1497.85437       31.7634563    
 NaN NaN
   0.00000000       32.3945122    
   1497.85437       32.3945122    
 NaN NaN
   0.00000000       33.0255699    
   1497.85437       33.0255699    
 NaN NaN
   0.00000000       33.6566315    
   1497.85437       33.6566315    
 NaN NaN
   0.00000000       34.2876892    
   1497.85437       34.2876892    
 NaN NaN
   0.00000000       34.9187469    
   1497.85437       34.9187469    
 NaN NaN
   0.00000000       35.5498047    
   1497.85437       35.5498047    
 NaN NaN
   0.00000000       36.1808624    
   1497.85437       36.1808624    
 NaN NaN
   0.00000000       36.8119202    
   1497.85437       36.8119202    
 NaN NaN
   0.00000000       37.4429779    
   1497.85437       37.4429779    
 NaN NaN
   0.00000000       38.0740356    
   1497.85437       38.0740356    
 NaN NaN
   0.00000000       38.7050934    
   1497.85437       38.7050934    
 NaN NaN
   0.00000000       39.3361511    
   1497.85437       39.3361511    
 NaN NaN
   0.00000000       39.9672089    
   1497.85437       39.9672089    
 NaN NaN
   0.00000000       40.5982666    
   1497.85437       40.5982666    
 NaN NaN
   0.00000000       41.2293243    
   1497.85437       41.2293243    
 NaN NaN
   0.00000000       41.8603821    
   1497.85437       41.8603821    
 NaN NaN
   0.00000000       42.4914398    
   1497.85437       42.4914398    
 NaN NaN
   0.00000000       43.1224976    
   1497.85437       43.1224976    
 NaN NaN
   0.00000000       43.7535553    
   1497.85437       43.7535553    
 NaN NaN
   0.00000000       44.3846169    
   1497.85437       44.3846169    
 NaN NaN
   0.00000000       45.0156746    
   1497.85437       45.0156746    
 NaN NaN
   0.00000000       45.6467323    
   1497.85437       45.6467323    
 NaN NaN
   0.00000000       46.2777901    
   1497.85437       46.2777901    
 NaN NaN
