 Elev(m)    Area(m2)     Peri(m)      Radi(m)   Conv(m3/s)    topWidth(m)    newI1(m3)    dPdA(1/m)
   -20.78        0.00        0.00         NaN                 NaN               0.000           0.000             NaN
   -20.09        9.63       24.35        0.40             207.669              24.298           3.301           2.528
   -19.40       43.55       68.66        0.63            1285.787              68.526          21.521           1.307
   -18.72       94.87       82.12        1.16            4178.141              81.877          68.947           0.262
   -18.03      156.78       99.86        1.57            8471.305              99.507         155.170           0.286
   -17.35      230.23      116.14        1.98           14532.320             115.698         287.770           0.222
   -16.66      317.72      142.60        2.23           21679.598             142.089         475.510           0.302
   -15.98      424.04      166.75        2.54           31600.973             166.187         729.656           0.227
   -15.29      544.29      185.36        2.94           44644.355             184.745        1061.434           0.155
   -14.61      676.28      200.02        3.38           60937.215             199.334        1479.634           0.111
   -13.92      817.25      213.79        3.82           79919.953             212.992        1991.355           0.098
   -13.24      972.38      240.47        4.04           98722.688             239.568        2604.527           0.172
   -12.55     1143.45      259.28        4.41          123000.039             258.279        3329.463           0.110
   -11.87     1325.19      273.61        4.84          151739.688             272.459        4175.283           0.079
   -11.18     1516.77      287.47        5.28          183877.391             286.163        5149.013           0.072
   -10.50     1721.94      312.34        5.51          214950.062             310.890        6258.678           0.121
    -9.81     1942.41      332.42        5.84          252058.984             330.823        7514.181           0.091
    -9.13     2174.07      347.87        6.25          295053.406             346.126        8924.593           0.067
    -8.44     2416.16      362.21        6.67          342473.188             360.339       10497.324           0.059
    -7.76     2669.29      378.84        7.05          392416.031             376.841       12239.731           0.066
    -7.07     2933.31      396.86        7.39          445213.156             394.731       14159.327           0.068
    -6.38     3209.86      414.24        7.75          502765.875             411.989       16264.136           0.063
    -5.70     3497.86      432.77        8.08          563496.250             430.413       18562.373           0.064
    -5.01     3800.16      454.18        8.37          626488.438             451.711       21062.863           0.071
    -4.33     4115.39      470.14        8.75          699181.750             467.571       23774.930           0.051
    -3.64     4441.35      490.19        9.06          772103.750             487.521       26706.689           0.061
    -2.96     4814.27      639.31        7.53          739835.938             636.530       29877.902           0.400
    -2.27     5343.17      868.31        6.15          717694.625             865.341       33358.102           0.433
    -1.59     5939.91      878.32        6.76          849685.312             875.238       37223.973           0.017
    -0.90     6542.53      886.70        7.38          991859.000             883.510       41500.773           0.014
    -0.22     7150.75      894.99        7.99         1143140.875             891.671       46192.441           0.014
     0.47     7764.50      902.71        8.60         1303818.875             899.256       51302.789           0.013
     1.15     8382.99      909.70        9.22         1473871.000             906.111       56835.332           0.011
     1.84     9006.22      916.60        9.83         1652635.875             912.873       62793.324           0.011
     2.52     9635.44      927.48       10.39         1835026.250             923.648       69180.438           0.017
     3.21    10274.00      942.56       10.90         2020313.750             938.644       76001.922           0.024
     3.89    10921.21      954.09       11.45         2218806.500             950.077       83263.945           0.018
     4.58    11575.81      967.71       11.96         2421864.750             963.578       90972.000           0.021
     5.26    12242.98      983.35       12.45         2630674.000             979.063       99132.930           0.023
     5.95    12916.25      990.37       13.04         2862574.250             985.945      107753.133           0.010
     6.63    13600.11     1016.34       13.38         3066238.000            1011.729      116838.320           0.038
     7.32    14301.47     1040.35       13.75         3282785.500            1035.530      126398.117           0.034
     8.01    15047.64     1160.47       12.97         3322146.500            1155.433      136453.875           0.161
     8.69    15872.97     1243.60       12.76         3467660.000            1238.378      147048.078           0.101
     9.38    16737.84     1275.24       13.13         3725325.750            1269.896      158221.375           0.037
    10.06    17610.60     1282.42       13.73         4039533.500            1276.933      169990.031           0.008
    10.75    18487.60     1288.10       14.35         4367455.500            1282.441      182358.219           0.006
    11.43    19368.12     1293.31       14.98         4706917.000            1287.473      195328.562           0.006
    12.12    20252.31     1299.19       15.59         5055160.500            1293.190      208903.531           0.007
    12.80    21142.28     1311.68       16.12         5396279.500            1305.584      223086.375           0.014
    13.49    22038.90     1316.78       16.74         5768121.500            1310.628      237881.359           0.006
    14.17    22937.02     1316.78       17.42         6165182.000            1310.628      253291.281           0.000
    14.86    23835.12     1316.78       18.10         6572745.000            1310.628      269316.625           0.000
    15.54    24733.23     1316.78       18.78         6990677.000            1310.628      285957.375           0.000
    16.23    25631.34     1316.78       19.47         7418851.500            1310.628      303213.562           0.000
    16.91    26529.45     1316.78       20.15         7857147.000            1310.628      321085.188           0.000
    17.60    27427.56     1316.78       20.83         8305448.500            1310.628      339572.250           0.000
    18.28    28325.67     1316.78       21.51         8763645.000            1310.628      358674.750           0.000
    18.97    29223.78     1316.78       22.19         9231630.000            1310.628      378392.656           0.000
    19.65    30121.89     1316.78       22.88         9709305.000            1310.628      398726.062           0.000
    20.34    31020.00     1316.78       23.56        10196570.000            1310.628      419674.844           0.000
    21.03    31918.11     1316.78       24.24        10693332.000            1310.628      441239.062           0.000
    21.71    32816.22     1316.78       24.92        11199500.000            1310.628      463418.688           0.000
    22.40    33714.33     1316.78       25.60        11714989.000            1310.628      486213.750           0.000
    23.08    34612.44     1316.78       26.29        12239717.000            1310.628      509624.250           0.000
    23.77    35510.55     1316.78       26.97        12773600.000            1310.628      533650.188           0.000
    24.45    36408.66     1316.78       27.65        13316562.000            1310.628      558291.562           0.000
    25.14    37306.77     1316.78       28.33        13868529.000            1310.628      583548.375           0.000
    25.82    38204.88     1316.78       29.01        14429425.000            1310.628      609420.562           0.000
    26.51    39102.98     1316.78       29.70        14999181.000            1310.628      635908.250           0.000
    27.19    40001.10     1316.78       30.38        15577733.000            1310.628      663011.375           0.000
    27.88    40899.21     1316.78       31.06        16165006.000            1310.628      690729.875           0.000
    28.56    41797.32     1316.78       31.74        16760941.000            1310.628      719063.875           0.000
    29.25    42695.43     1316.78       32.42        17365474.000            1310.628      748013.250           0.000
    29.93    43593.54     1316.78       33.11        17978544.000            1310.628      777578.062           0.000
    30.62    44491.64     1316.78       33.79        18600096.000            1310.628      807758.250          -0.000
    31.30    45389.75     1316.78       34.47        19230066.000            1310.628      838553.938           0.000
    31.99    46287.86     1316.78       35.15        19868402.000            1310.628      869965.062           0.000
    32.67    47185.98     1316.78       35.83        20515052.000            1310.628      901991.688           0.000
    33.36    48084.08     1316.78       36.52        21169954.000            1310.628      934633.562           0.000
    34.04    48982.20     1316.78       37.20        21833070.000            1310.628      967891.000           0.000
    34.73    49880.30     1316.78       37.88        22504334.000            1310.628     1001763.750           0.000
    35.42    50778.41     1316.78       38.56        23183708.000            1310.628     1036252.125           0.000
    36.10    51676.52     1316.78       39.24        23871140.000            1310.628     1071355.750           0.000
    36.79    52574.63     1316.78       39.93        24566584.000            1310.628     1107074.875           0.000
    37.47    53472.74     1316.78       40.61        25269992.000            1310.628     1143409.375           0.000
    38.16    54370.85     1316.78       41.29        25981320.000            1310.628     1180359.375           0.000
    38.84    55268.96     1316.78       41.97        26700530.000            1310.628     1217924.875           0.000
    39.53    56167.07     1316.78       42.65        27427568.000            1310.628     1256105.625           0.000
    40.21    57065.18     1316.78       43.34        28162402.000            1310.628     1294902.000           0.000
    40.90    57963.29     1316.78       44.02        28904982.000            1310.628     1334313.625           0.000
    41.58    58861.40     1316.78       44.70        29655280.000            1310.628     1374340.875           0.000
    42.27    59759.50     1316.78       45.38        30413240.000            1310.628     1414983.375           0.000
    42.95    60657.62     1316.78       46.07        31178842.000            1310.628     1456241.375           0.000
    43.64    61555.72     1316.78       46.75        31952032.000            1310.628     1498114.750          -0.000
    44.32    62453.84     1316.78       47.43        32732784.000            1310.628     1540603.750           0.000
    45.01    63351.94     1316.78       48.11        33521048.000            1310.628     1583707.875           0.000
    45.69    64250.05     1316.78       48.79        34316808.000            1310.628     1627427.750           0.000
    46.38    65148.17     1316.78       49.48        35120020.000            1310.628     1671763.000           0.000
    47.06    66046.27     1316.78       50.16        35930640.000            1310.628     1716713.375           0.000
    47.75    66944.38     1316.78       50.84        36748644.000            1310.628     1762279.500           0.000
