   458.752411      -16.7302895    
   536.760864      -16.7302895    
 NaN NaN
   444.617706      -16.1509876    
   557.493835      -16.1509876    
 NaN NaN
   432.771820      -15.5716848    
   572.134460      -15.5716848    
 NaN NaN
   372.712280      -14.9923820    
   403.402039      -14.9923820    
 NaN NaN
   416.987610      -14.9923820    
   584.542847      -14.9923820    
 NaN NaN
   292.557007      -14.4130783    
   596.084045      -14.4130783    
 NaN NaN
   266.058655      -13.8337755    
   613.812439      -13.8337755    
 NaN NaN
   649.370117      -13.8337755    
   762.953918      -13.8337755    
 NaN NaN
   248.436646      -13.2544727    
   773.860352      -13.2544727    
 NaN NaN
   243.601028      -12.6751699    
   784.179749      -12.6751699    
 NaN NaN
   239.509735      -12.0958672    
   793.129395      -12.0958672    
 NaN NaN
   236.428909      -11.5165644    
   803.860413      -11.5165644    
 NaN NaN
   233.348068      -10.9372616    
   827.118469      -10.9372616    
 NaN NaN
   229.703705      -10.3579578    
   848.853638      -10.3579578    
 NaN NaN
   225.537292      -9.77865505    
   863.889404      -9.77865505    
 NaN NaN
   214.328445      -9.19935226    
   871.449890      -9.19935226    
 NaN NaN
   208.754364      -8.62004948    
   879.847229      -8.62004948    
 NaN NaN
   205.254303      -8.04074669    
   888.570740      -8.04074669    
 NaN NaN
   202.737991      -7.46144390    
   899.003479      -7.46144390    
 NaN NaN
   201.028946      -6.88214111    
   911.719727      -6.88214111    
 NaN NaN
   199.319901      -6.30283785    
   927.274170      -6.30283785    
 NaN NaN
   197.618546      -5.72353506    
   951.456238      -5.72353506    
 NaN NaN
   196.040009      -5.14423227    
   963.319153      -5.14423227    
 NaN NaN
   194.461472      -4.56492901    
   968.527100      -4.56492901    
 NaN NaN
   192.948639      -3.98562622    
   972.816589      -3.98562622    
 NaN NaN
   191.519882      -3.40632343    
   976.100952      -3.40632343    
 NaN NaN
   190.091125      -2.82702065    
   979.342529      -2.82702065    
 NaN NaN
   188.659302      -2.24771762    
   982.369446      -2.24771762    
 NaN NaN
   187.217453      -1.66841471    
   984.672913      -1.66841471    
 NaN NaN
   185.775620      -1.08911180    
   986.976318      -1.08911180    
 NaN NaN
   184.333771     -0.509808898    
   989.258362     -0.509808898    
 NaN NaN
   182.380630       6.94940090E-02
   991.517212       6.94940090E-02
 NaN NaN
   180.376434      0.648796916    
   994.003845      0.648796916    
 NaN NaN
   177.746811       1.22809982    
   996.490479       1.22809982    
 NaN NaN
   175.085587       1.80740273    
   998.956055       1.80740273    
 NaN NaN
   168.693497       2.38670564    
   1002.15747       2.38670564    
 NaN NaN
   146.616394       2.96600866    
   1006.13049       2.96600866    
 NaN NaN
   144.941193       3.54531145    
   1010.86420       3.54531145    
 NaN NaN
   143.518494       4.12461424    
   1015.83850       4.12461424    
 NaN NaN
   142.095779       4.70391750    
   1021.11322       4.70391750    
 NaN NaN
   140.673065       5.28322029    
   1026.77795       5.28322029    
 NaN NaN
   139.250366       5.86252308    
   1046.59839       5.86252308    
 NaN NaN
   137.827652       6.44182587    
   1051.67920       6.44182587    
 NaN NaN
   45.0385857       7.02112865    
   97.9176178       7.02112865    
 NaN NaN
   135.222351       7.02112865    
   1057.31934       7.02112865    
 NaN NaN
   28.7454910       7.60043192    
   106.071098       7.60043192    
 NaN NaN
   131.777847       7.60043192    
   1063.39124       7.60043192    
 NaN NaN
   1079.86682       7.60043192    
   1125.09766       7.60043192    
 NaN NaN
   21.3659744       8.17973518    
   125.127228       8.17973518    
 NaN NaN
   128.333344       8.17973518    
   1127.59998       8.17973518    
 NaN NaN
   16.7231770       8.75903797    
   1130.10242       8.75903797    
 NaN NaN
   13.8936501       9.33834076    
   1132.60474       9.33834076    
 NaN NaN
   11.0641251       9.91764355    
   1134.98535       9.91764355    
 NaN NaN
   7.81278801       10.4969463    
   1137.55530       10.4969463    
 NaN NaN
   3.66641760       11.0762491    
   1140.12524       11.0762491    
 NaN NaN
   0.00000000       11.6555519    
   1142.69519       11.6555519    
 NaN NaN
   0.00000000       12.2348547    
   1142.69519       12.2348547    
 NaN NaN
   0.00000000       12.8141575    
   1142.69519       12.8141575    
 NaN NaN
   0.00000000       13.3934612    
   1142.69519       13.3934612    
 NaN NaN
   0.00000000       13.9727640    
   1142.69519       13.9727640    
 NaN NaN
   0.00000000       14.5520668    
   1142.69519       14.5520668    
 NaN NaN
   0.00000000       15.1313696    
   1142.69519       15.1313696    
 NaN NaN
   0.00000000       15.7106724    
   1142.69519       15.7106724    
 NaN NaN
   0.00000000       16.2899761    
   1142.69519       16.2899761    
 NaN NaN
   0.00000000       16.8692780    
   1142.69519       16.8692780    
 NaN NaN
   0.00000000       17.4485817    
   1142.69519       17.4485817    
 NaN NaN
   0.00000000       18.0278835    
   1142.69519       18.0278835    
 NaN NaN
   0.00000000       18.6071873    
   1142.69519       18.6071873    
 NaN NaN
   0.00000000       19.1864891    
   1142.69519       19.1864891    
 NaN NaN
   0.00000000       19.7657928    
   1142.69519       19.7657928    
 NaN NaN
   0.00000000       20.3450966    
   1142.69519       20.3450966    
 NaN NaN
   0.00000000       20.9243984    
   1142.69519       20.9243984    
 NaN NaN
   0.00000000       21.5037022    
   1142.69519       21.5037022    
 NaN NaN
   0.00000000       22.0830040    
   1142.69519       22.0830040    
 NaN NaN
   0.00000000       22.6623077    
   1142.69519       22.6623077    
 NaN NaN
   0.00000000       23.2416096    
   1142.69519       23.2416096    
 NaN NaN
   0.00000000       23.8209133    
   1142.69519       23.8209133    
 NaN NaN
   0.00000000       24.4002151    
   1142.69519       24.4002151    
 NaN NaN
   0.00000000       24.9795189    
   1142.69519       24.9795189    
 NaN NaN
   0.00000000       25.5588226    
   1142.69519       25.5588226    
 NaN NaN
   0.00000000       26.1381245    
   1142.69519       26.1381245    
 NaN NaN
   0.00000000       26.7174282    
   1142.69519       26.7174282    
 NaN NaN
   0.00000000       27.2967300    
   1142.69519       27.2967300    
 NaN NaN
   0.00000000       27.8760338    
   1142.69519       27.8760338    
 NaN NaN
   0.00000000       28.4553356    
   1142.69519       28.4553356    
 NaN NaN
   0.00000000       29.0346394    
   1142.69519       29.0346394    
 NaN NaN
   0.00000000       29.6139431    
   1142.69519       29.6139431    
 NaN NaN
   0.00000000       30.1932449    
   1142.69519       30.1932449    
 NaN NaN
   0.00000000       30.7725487    
   1142.69519       30.7725487    
 NaN NaN
   0.00000000       31.3518505    
   1142.69519       31.3518505    
 NaN NaN
   0.00000000       31.9311543    
   1142.69519       31.9311543    
 NaN NaN
   0.00000000       32.5104561    
   1142.69519       32.5104561    
 NaN NaN
   0.00000000       33.0897598    
   1142.69519       33.0897598    
 NaN NaN
   0.00000000       33.6690636    
   1142.69519       33.6690636    
 NaN NaN
   0.00000000       34.2483673    
   1142.69519       34.2483673    
 NaN NaN
   0.00000000       34.8276672    
   1142.69519       34.8276672    
 NaN NaN
   0.00000000       35.4069710    
   1142.69519       35.4069710    
 NaN NaN
   0.00000000       35.9862747    
   1142.69519       35.9862747    
 NaN NaN
   0.00000000       36.5655785    
   1142.69519       36.5655785    
 NaN NaN
   0.00000000       37.1448784    
   1142.69519       37.1448784    
 NaN NaN
   0.00000000       37.7241821    
   1142.69519       37.7241821    
 NaN NaN
   0.00000000       38.3034859    
   1142.69519       38.3034859    
 NaN NaN
   0.00000000       38.8827896    
   1142.69519       38.8827896    
 NaN NaN
   0.00000000       39.4620934    
   1142.69519       39.4620934    
 NaN NaN
   0.00000000       40.0413933    
   1142.69519       40.0413933    
 NaN NaN
   0.00000000       40.6206970    
   1142.69519       40.6206970    
 NaN NaN
