 Elev(m)    Area(m2)     Peri(m)      Radi(m)   Conv(m3/s)    topWidth(m)    newI1(m3)    dPdA(1/m)
   -36.89        0.00        0.00         NaN                 NaN               0.000           0.000             NaN
   -36.05       24.49       49.57        0.49             612.068              49.535          10.291           2.024
   -35.21       80.77       83.38        0.97            3163.046              83.299          54.525           0.601
   -34.37      163.20      112.39        1.45            8371.032             112.267         157.056           0.352
   -33.52      270.80      145.90        1.86           16358.824             145.734         339.448           0.311
   -32.68      410.74      186.31        2.20           27830.066             186.093         625.868           0.289
   -31.84      576.40      207.14        2.78           45614.445             206.851        1040.721           0.126
   -31.00      757.66      224.28        3.38           68232.305             223.905        1601.375           0.095
   -30.16      952.54      240.84        3.96           95288.766             240.360        2320.104           0.085
   -29.32     1161.00      255.66        4.54          127349.562             255.057        3208.334           0.071
   -28.48     1379.72      266.10        5.18          165328.594             265.337        4276.090           0.048
   -27.64     1607.24      277.39        5.79          207396.125             276.471        5531.383           0.050
   -26.80     1844.67      290.01        6.36          253307.250             288.948        6982.075           0.053
   -25.96     2093.02      303.68        6.89          303207.781             302.478        8636.924           0.055
   -25.12     2353.39      317.59        7.41          357800.500             316.250       10505.565           0.053
   -24.28     2624.10      329.80        7.96          418337.344             328.320       12597.393           0.045
   -23.44     2906.10      344.90        8.43          481333.031             343.295       14921.504           0.054
   -22.60     3201.58      361.10        8.87          548588.875             359.370       17488.309           0.055
   -21.76     3510.20      376.98        9.31          621442.250             375.121       20308.986           0.051
   -20.92     3832.51      393.56        9.74          699074.750             391.577       23394.826           0.051
   -20.08     4168.31      409.01       10.19          783744.750             406.876       26757.242           0.046
   -19.24     4515.73      421.72       10.71          877514.875             419.399       30406.777           0.037
   -18.40     4873.34      434.28       11.22          977064.250             431.758       34352.613           0.035
   -17.56     5241.72      447.66       11.71         1081148.125             444.936       38603.555           0.036
   -16.71     5620.63      459.59       12.23         1193396.875             456.654       43168.539           0.031
   -15.87     6010.49      474.23       12.67         1306924.750             471.077       48056.617           0.038
   -15.03     6412.90      490.14       13.08         1424313.125             486.781       53277.656           0.040
   -14.19     6829.31      507.52       13.46         1545450.000             503.961       58842.805           0.042
   -13.35     7259.97      525.49       13.82         1672022.250             521.745       64763.938           0.042
   -12.51     7706.62      542.79       14.20         1807495.625             538.866       71053.773           0.039
   -11.67     8164.34      554.02       14.74         1962965.375             549.892       77723.672           0.025
   -10.83     8630.69      563.87       15.31         2128209.000             559.563       84781.922           0.021
    -9.99     9104.14      570.22       15.97         2309032.750             565.566       92235.133           0.013
    -9.15     9580.98      574.17       16.69         2502539.000             569.055      100087.703           0.008
    -8.31    10060.77      578.33       17.40         2701841.000             572.757      108342.312           0.009
    -7.47    10543.81      582.66       18.10         2906992.250             576.640      117001.555           0.009
    -6.63    11030.12      586.99       18.79         3118440.250             580.523      126068.180           0.009
    -5.79    11519.71      591.56       19.47         3335260.750             584.648      135544.938           0.009
    -4.95    12013.66      598.02       20.09         3551213.250             590.704      145435.016           0.013
    -4.11    12513.09      606.32       20.64         3765876.250             598.623      155742.594           0.017
    -3.27    13019.49      613.37       21.23         3992415.750             605.269      166472.875           0.014
    -2.43    13530.21      618.31       21.88         4234140.000             609.777      177630.609           0.010
    -1.59    14044.65      623.61       22.52         4480254.500             614.721      189219.156           0.010
    -0.74    14563.76      629.64       23.13         4729182.000             620.498      201242.078           0.012
     0.10    15087.88      636.42       23.71         4980554.500             627.031      213703.438           0.013
     0.94    15618.04      644.09       24.25         5233649.500             634.478      226607.844           0.014
     1.78    16186.84      778.95       20.78         4893915.500             769.120      239974.109           0.237
     2.62    16938.32      991.91       17.08         4492925.500             981.961      253895.234           0.283
     3.46    17792.39     1035.92       17.18         4737678.000            1025.873      268491.094           0.052
     4.30    18659.40     1046.99       17.82         5092476.000            1036.806      283810.281           0.013
     5.14    19535.03     1055.99       18.50         5465668.500            1045.693      299861.781           0.010
     5.98    20413.95     1055.99       19.33         5881638.500            1045.693      316650.656           0.000
     6.82    21292.87     1055.99       20.16         6309723.500            1045.693      334178.312           0.000
     7.66    22171.79     1055.99       21.00         6749754.500            1045.693      352444.688           0.000
     8.50    23050.71     1055.99       21.83         7201571.000            1045.693      371449.812           0.000
     9.34    23929.64     1055.99       22.66         7665023.000            1045.693      391193.719           0.000
    10.18    24808.56     1055.99       23.49         8139964.500            1045.693      411676.312           0.000
    11.02    25687.48     1055.99       24.33         8626256.000            1045.693      432897.688           0.000
    11.86    26566.40     1055.99       25.16         9123774.000            1045.693      454857.844          -0.000
    12.70    27445.32     1055.99       25.99         9632386.000            1045.693      477556.688           0.000
    13.54    28324.24     1055.99       26.82        10151974.000            1045.693      500994.312          -0.000
    14.38    29203.17     1055.99       27.65        10682425.000            1045.693      525170.688           0.000
    15.23    30082.09     1055.99       28.49        11223627.000            1045.693      550085.812          -0.000
    16.07    30961.01     1055.99       29.32        11775475.000            1045.693      575739.625           0.000
    16.91    31839.93     1055.99       30.15        12337870.000            1045.693      602132.250          -0.000
    17.75    32718.86     1055.99       30.98        12910709.000            1045.693      629263.688           0.000
    18.59    33597.78     1055.99       31.82        13493901.000            1045.693      657133.750          -0.000
    19.43    34476.70     1055.99       32.65        14087353.000            1045.693      685742.625           0.000
    20.27    35355.62     1055.99       33.48        14690979.000            1045.693      715090.250          -0.000
    21.11    36234.54     1055.99       34.31        15304690.000            1045.693      745176.562           0.000
    21.95    37113.46     1055.99       35.15        15928410.000            1045.693      776001.688          -0.000
    22.79    37992.39     1055.99       35.98        16562055.000            1045.693      807565.562           0.000
    23.63    38871.31     1055.99       36.81        17205550.000            1045.693      839868.188          -0.000
    24.47    39750.23     1055.99       37.64        17858816.000            1045.693      872909.438           0.000
    25.31    40629.15     1055.99       38.47        18521788.000            1045.693      906689.562          -0.000
    26.15    41508.07     1055.99       39.31        19194386.000            1045.693      941208.438           0.000
    26.99    42387.00     1055.99       40.14        19876550.000            1045.693      976466.000           0.000
    27.83    43265.92     1055.99       40.97        20568210.000            1045.693     1012462.375           0.000
    28.67    44144.84     1055.99       41.80        21269298.000            1045.693     1049197.500           0.000
    29.51    45023.76     1055.99       42.64        21979758.000            1045.693     1086671.250           0.000
    30.35    45902.68     1055.99       43.47        22699524.000            1045.693     1124883.875           0.000
    31.19    46781.61     1055.99       44.30        23428536.000            1045.693     1163835.250           0.000
    32.04    47660.52     1055.99       45.13        24166734.000            1045.693     1203525.250           0.000
    32.88    48539.45     1055.99       45.97        24914070.000            1045.693     1243954.250           0.000
    33.72    49418.37     1055.99       46.80        25670480.000            1045.693     1285121.750           0.000
    34.56    50297.29     1055.99       47.63        26435910.000            1045.693     1327028.000           0.000
    35.40    51176.21     1055.99       48.46        27210314.000            1045.693     1369673.125           0.000
    36.24    52055.14     1055.99       49.30        27993634.000            1045.693     1413056.875           0.000
    37.08    52934.05     1055.99       50.13        28785818.000            1045.693     1457179.375           0.000
    37.92    53812.98     1055.99       50.96        29586826.000            1045.693     1502040.875           0.000
    38.76    54691.90     1055.99       51.79        30396600.000            1045.693     1547640.875           0.000
    39.60    55570.82     1055.99       52.62        31215092.000            1045.693     1593979.625           0.000
    40.44    56449.75     1055.99       53.46        32042270.000            1045.693     1641057.375           0.000
    41.28    57328.67     1055.99       54.29        32878076.000            1045.693     1688873.625           0.000
    42.12    58207.59     1055.99       55.12        33722460.000            1045.693     1737428.500           0.000
    42.96    59086.51     1055.99       55.95        34575400.000            1045.693     1786722.500           0.000
    43.80    59965.43     1055.99       56.79        35436832.000            1045.693     1836755.000           0.000
    44.64    60844.35     1055.99       57.62        36306724.000            1045.693     1887526.250           0.000
    45.48    61723.28     1055.99       58.45        37185040.000            1045.693     1939036.375           0.000
    46.32    62602.20     1055.99       59.28        38071728.000            1045.693     1991285.125           0.000
    47.16    63481.12     1055.99       60.12        38966752.000            1045.693     2044272.625           0.000
