 Elev(m)    dbdxp(-)    dbdxc(-)      I2p     I2c
  -33.8600006       0.00000000       0.00000000       0.00000000       0.00000000    
  -33.0699997      -5.91387674E-02   2.65339715E-03  -9.22714733E-03   4.13997244E-04
  -32.2900009      -4.14264500E-02  -7.47127924E-03  -4.31385189E-02   4.79796785E-04
  -31.5000000      -5.79939000E-02  -8.75352975E-03 -0.108486362      -2.72711390E-03
  -30.7199993      -8.12674984E-02  -2.04365384E-02 -0.210051045      -1.29472576E-02
  -29.9300003     -0.142948791      -3.20428573E-02 -0.369350731      -3.59825119E-02
  -29.1499996     -0.320243925      -4.40416448E-02 -0.633444607      -7.86817893E-02
  -28.3700008     -0.100188971     -0.128786162      -1.03357601     -0.159917027    
  -27.5799999     -0.111450456      -7.12795183E-02  -1.53661656     -0.300029010    
  -26.7999992     -0.115494445      -7.71624222E-02  -2.10130167     -0.492348284    
  -26.0100002     -0.122974090      -7.05256537E-02  -2.74538732     -0.733039558    
  -25.2299995     -0.138032123      -5.60378730E-02  -3.45878100      -1.01318312    
  -24.4400005     -0.144398063      -4.96075079E-02  -4.26558685      -1.33289492    
  -23.6599998     -0.123594955      -6.39124736E-02  -5.14750385      -1.68254697    
  -22.8700008      -9.83323455E-02  -8.98663476E-02  -6.11662912      -2.07815933    
  -22.0900002     -0.119275704      -9.43899676E-02  -7.14162970      -2.52120304    
  -21.2999992     -0.137637287      -9.04082805E-02  -8.25337315      -3.02714014    
  -20.5200005     -0.158177808      -8.36037472E-02  -9.43677330      -3.58229017    
  -19.7399998     -0.169570655      -8.52024779E-02  -10.7162991      -4.19024229    
  -18.9500008     -0.187577620      -7.83058628E-02  -12.1184320      -4.85749960    
  -18.1700001     -0.190293804      -7.52186403E-02  -13.6167955      -5.56545353    
  -17.3799992     -0.221470132      -6.22336902E-02  -15.2568169      -6.32757711    
  -16.6000004     -0.279037923      -5.08341156E-02  -17.0175972      -7.11886740    
  -15.8100004     -0.301567018      -4.67124470E-02  -18.9686356      -7.95293856    
  -15.0299997     -0.290422469      -5.53512387E-02  -21.0767860      -8.80740452    
  -14.2399998     -0.236123294      -7.72448853E-02  -23.3852978      -9.70923233    
  -13.4600000     -0.227367684      -5.74950203E-02  -25.8180161      -10.6410942    
  -12.6700001     -0.222870618      -2.23126039E-02  -28.4235630      -11.6181078    
  -11.8900003     -0.226763278       2.55063269E-03  -31.1356411      -12.5981321    
  -11.1099997     -0.227312639       1.53541956E-02  -33.9869499      -13.5783701    
  -10.3199997     -0.225668356       1.60510689E-02  -37.0154228      -14.5635157    
  -9.53999996     -0.226829410       1.73707306E-02  -40.1459427      -15.5261383    
  -8.75000000     -0.225330770       1.85762346E-02  -43.4568443      -16.4903450    
  -7.96999979     -0.223163635       1.95902903E-02  -46.8654709      -17.4308567    
  -7.17999983     -0.222179994       2.12461893E-02  -50.4563560      -18.3711739    
  -6.40000010     -0.218681708       2.11852826E-02  -54.1391792      -19.2866764    
  -5.61000013     -0.212790564       1.92339290E-02  -58.0044441      -20.2010765    
  -4.82999992     -0.215414703       2.12287363E-02  -61.9540634      -21.0913601    
  -4.03999996     -0.221578494       2.44837217E-02  -66.0884476      -21.9796944    
  -3.25999999     -0.234209284       2.76744179E-02  -70.3089371      -22.8416042    
  -2.47000003     -0.250223309       3.03691272E-02  -74.7293167      -23.6974735    
  -1.69000006     -0.269256145       3.45592722E-02  -79.2494278      -24.5234375    
 -0.910000026     -0.294158578       4.26414423E-02  -83.9364395      -25.3274803    
 -0.119999997     -0.326124877       5.15285842E-02  -88.8671036      -26.1152496    
  0.660000026     -0.630482376       5.88424653E-02  -93.9801636      -26.8613205    
   1.45000005      -1.88371825       4.03526053E-02  -99.6983948      -27.5844765    
   2.23000002      -2.11174703       1.86177308E-03  -106.354950      -28.2766132    
   3.01999998      -1.72736704     -0.217533067      -114.311249      -29.0047722    
   3.79999995      -1.37390840     -0.358613223      -123.242126      -29.8468304    
   4.59000015      -1.33226991       4.24834751E-02  -133.187408      -30.8377495    
   5.36999989      -1.25307274      0.292299986      -143.827057      -31.8125896    
   6.15999985      -1.25307274      0.318603605      -155.392349      -32.6530457    
   6.94000006      -1.25307274      0.351914465      -167.588348      -33.2841377    
   7.71999979      -1.25307274      0.354055852      -180.556473      -33.7031097    
   8.51000023      -1.25307274      0.354055852      -194.467896      -33.9082336    
   9.28999996      -1.25307274      0.354055852      -208.980316      -33.8911934    
   10.0799999      -1.25307274      0.354055852      -224.455826      -33.6543846    
   10.8599997      -1.25307274      0.354055852      -240.512527      -33.2010078    
   11.6499996      -1.25307274      0.354055852      -257.552124      -32.5222626    
   12.4300003      -1.25307274      0.354055852      -275.153137      -31.6325455    
   13.2200003      -1.25307274      0.354055852      -293.756836      -30.5118694    
   14.0000000      -1.25307274      0.354055852      -312.902100      -29.1858139    
   14.7900000      -1.25307274      0.354055852      -333.069885      -27.6232052    
   15.5699997      -1.25307274      0.354055852      -353.759430      -25.8608093    
   16.3500004      -1.25307274      0.354055852      -375.221191      -23.8802433    
   17.1399994      -1.25307274      0.354055852      -397.735046      -21.6547375    
   17.9200001      -1.25307274      0.354055852      -420.741089      -19.2378311    
   18.7099991      -1.25307274      0.354055852      -444.819031      -16.5703926    
   19.4899998      -1.25307274      0.354055852      -469.369354      -13.7171478    
   20.2800007      -1.25307274      0.354055852      -495.011475      -10.6077709    
   21.0599995      -1.25307274      0.354055852      -521.106018      -7.31819296    
   21.8500004      -1.25307274      0.354055852      -548.312195      -3.76688218    
   22.6299992      -1.25307274      0.354055852      -575.951050      -4.09665368E-02
   23.4200001      -1.25307274      0.354055852      -604.721313       3.95227766    
   24.2000008      -1.25307274      0.354055852      -633.904541       8.11454201    
   24.9799995      -1.25307274      0.354055852      -663.859802       12.4949646    
   25.7700005      -1.25307274      0.354055852      -694.976196       17.1511097    
   26.5499992      -1.25307274      0.354055852      -726.475769       21.9678707    
   27.3400002      -1.25307274      0.354055852      -759.156250       27.0659485    
   28.1200008      -1.25307274      0.354055852      -792.200134       32.3190613    
   28.9099998      -1.25307274      0.354055852      -826.444702       37.8590584    
   29.6900005      -1.25307274      0.354055852      -861.032898       43.5485115    
   30.4799995      -1.25307274      0.354055852      -896.841492       49.5304413    
   31.2600002      -1.25307274      0.354055852      -932.973999       55.6562309    
   32.0499992      -1.25307274      0.354055852      -970.346680       62.0800972    
   32.8300018      -1.25307274      0.354055852      -1008.02356       68.6422424    
   33.6100006      -1.25307274      0.354055852      -1046.47241       75.4225235    
   34.4000015      -1.25307274      0.354055852      -1086.19128       82.5093079    
   35.1800003      -1.25307274      0.354055852      -1126.18445       89.7259293    
   35.9700012      -1.25307274      0.354055852      -1167.46741       97.2546387    
   36.7500000      -1.25307274      0.354055852      -1209.00476       104.907600    
   37.5400009      -1.25307274      0.354055852      -1251.85193       112.878242    
   38.3199997      -1.25307274      0.354055852      -1294.93359       120.967545    
   39.1100006      -1.25307274      0.354055852      -1339.34473       129.380127    
   39.8899994      -1.25307274      0.354055852      -1383.97070       137.905762    
   40.6800003      -1.25307274      0.354055852      -1429.94604       146.760269    
   41.4599991      -1.25307274      0.354055852      -1476.11621       155.722244    
   42.2400017      -1.25307274      0.354055852      -1523.05896       164.902435    
   43.0299988      -1.25307274      0.354055852      -1571.38000       174.419800    
   43.8100014      -1.25307274      0.354055852      -1619.86694       184.036331    
   44.5999985      -1.25307274      0.354055852      -1669.75220       193.995636    
