	RS=179.87* 
0	11.21054363
8.69289614	9.473183977
9.256776256	9.354312163
17.38883977	7.92175193
18.5166	7.757160233
26.07868726	7.208519884
27.77642316	7.120128186
34.77463088	6.989064093
37.0332	6.94029614
43.46752819	6.757416023
46.29302549	6.644639767
52.16347181	6.202680116
55.5498	5.958839767
60.85331814	5.504687837
64.81267181	5.209032047
69.54621544	4.971287837
74.06944633	4.770119884
78.24216372	4.7244
83.32622549	4.687824035
86.93505637	4.690872105
92.58605098	4.678680116
95.62794902	4.663440058
101.8428255	4.620767953
104.320851	4.678680116
111.102651	4.968239767
113.0137436	5.212080116
120.3624765	6.33069614
121.7096873	6.513576256
129.619251	7.446264093
130.4025799	7.482839767
138.8760255	7.641335907
139.0954819	7.641335907
147.7883745	7.635239767
148.1388927	7.638287837
156.4843274	7.680960233
157.3956765	7.69010386
165.1772108	7.7724
166.652451	7.77849614
173.8670618	7.7724
175.9122765	7.763255791
182.5630147	7.732776256
185.172102	7.738871814
191.255898	7.77849614
194.4319274	7.799832047
199.951851	7.805928186
203.688702	7.799832047
208.6447529	7.77544807
212.9454765	7.744967953
217.3345853	7.711439767
222.205302	7.677912163
226.0305382	7.674864093
231.4651274	7.677912163
234.7234402	7.6962
240.721902	7.744967953
243.4193745	7.757160233
249.9817274	7.76935193
252.1092255	7.754112163
259.238502	7.69010386
260.8051598	7.665719884
268.4983274	7.5438
269.4980618	7.53770386
277.7581529	7.5438
278.1909637	7.54684807
286.8838471	7.580376256
287.0149274	7.580376256
295.576749	7.559039767
296.2747529	7.555992279
304.272702	7.47369614
305.5345598	7.46150386
312.9656039	7.38530386
314.7913529	7.363967953
321.6615196	7.360919884
324.0511784	7.348728186
330.3513706	7.339583977
333.3079529	7.342632047
339.0442726	7.281671814
342.5647274	7.229855791
347.7402255	7.202423744
351.8276039	7.211567953
356.4331274	7.269480116
361.0843784	7.3152
365.1260294	7.293864093
370.3411529	7.263383977
373.8188941	7.248144209
379.6009784	7.23290386
382.5117961	7.251192279
388.8608039	7.306055791
391.207749	7.31215193
398.1206294	7.31215193
399.900651	7.333487837
407.3774039	7.406639767
408.5935529	7.415783977
416.6341784	7.495032047
417.2864549	7.488935907
425.8970549	7.363967953
425.9823706	7.363967953
434.6752726	7.306055791
435.1538294	7.303007721
443.3651235	7.299960233
444.4106039	7.299960233
452.0610765	7.333487837
453.6704294	7.351776256
460.7539784	7.360919884
462.9272039	7.339583977
469.4498941	7.339583977
472.1870294	7.336535907
478.1397451	7.357871814
481.4468549	7.39444807
486.8326471	7.39444807
490.7036294	7.39749614
495.5286	7.415783977
499.9634549	7.39444807
504.221502	7.354823744
509.2232804	7.345680116
512.9174549	7.367016023
518.4800549	7.382255791
521.6073059	7.382255791
527.7398804	7.38835193
530.3032216	7.400544209
536.9966549	7.437119884
538.9961235	7.421880116
546.2534294	7.376160233
547.6890255	7.382255791
555.5163059	7.39444807
556.3819274	7.38835193
564.7730804	7.360919884
565.0748294	7.363967953
573.7707451	7.348728186
574.0298549	7.348728186
582.4636471	7.327392279
583.2896804	7.330439767
591.156549	7.38835193
592.5495059	7.39749614
599.849451	7.449312163
601.8062804	7.47369614
608.5423529	7.476744209
611.0661059	7.449312163
617.2383059	7.367016023
620.3228804	7.339583977
625.9312078	7.31824807
629.5857568	7.31824807
634.6241098	7.306055791
638.8424941	7.296912163
643.3170117	7.306055791
648.0993059	7.3152
652.0128902	7.303007721
657.3590941	7.296912163
660.7057922	7.290816023
666.6159059	7.306055791
669.3956432	7.296912163
675.8756941	7.24509614
678.0915961	7.260335907
685.1355568	7.31824807
686.784498	7.324344209
694.3922941	7.351776256
695.480451	7.348728186
703.6491059	7.263383977
704.1733529	7.257287837
712.8662549	7.260335907
712.9119451	7.260335907
721.5591568	7.281671814
722.1687568	7.284719884
730.2520588	7.187183977
731.437698	7.174992279
738.9480117	7.15975193
740.7035883	7.153655791
747.6377883	7.141464093
749.9726039	7.138416023
756.3337412	7.135367953
759.2415451	7.132319884
765.0266432	7.178039767
768.5075098	7.211567953
773.7225961	7.171944209
777.776451	7.132319884
782.3910902	7.178039767
787.0453922	7.23290386
791.0627098	7.196328186
796.3113568	7.15670386
799.7342549	7.1628
805.580298	7.178039767
808.4058	7.16584807
814.8461883	7.110983977
817.0773451	7.138416023
824.1182549	7.178039767
825.7488902	7.144512163
833.3841451	7.071360233
834.4205098	7.01344807
842.6501098	6.534912163
843.0951059	6.48004807
851.766651	5.355335907
851.922102	5.334
860.4351451	5.458967953
861.1879922	5.471160233
869.1066902	5.7912
870.4570078	5.846064093
877.7783098	5.696712163
879.722898	5.660135907
888.9948902	5.885687837
895.1214	5.434583977
898.2608549	5.199887837
903.7929451	4.922519884
907.5267451	4.742688128
912.4644902	4.858511872
916.7957607	4.95604807
921.1391607	5.532119884
926.064702	6.187439767
929.8107059	6.269735907
935.3336432	6.388607721
938.4792	6.519671814
944.5996078	6.818376256
947.1507451	6.922007721
953.868549	7.0866
955.8222902	7.16889614
963.1374902	7.415783977
964.4939098	7.290816023
972.4034549	6.726935907
976.725498	5.458967953
979.5754078	4.608575965
986.7473607	1.405128041
993.9192393	-1.456944064
995.9796902	-2.292095994
1001.091192	-4.355591988
1008.263145	-6.111239767
1015.435098	-7.839455791
1022.607051	-9.165335907
1025.883651	-9.616439767
1029.779004	-10.20165637
1036.950957	-11.19835251
1044.12291	-11.45438456
1051.291812	-11.36903977
1058.46369	-11.24407181
1065.638694	-11.04595251
1072.807596	-10.88136023
1075.041804	-10.87221544
1079.979549	-10.89355251
1087.151502	-10.94841544
1094.323455	-11.02461544
1101.495408	-11.24407181
1108.667361	-11.47572047
1115.839239	-11.76527953
1123.011192	-12.1158
1124.199957	-12.17066409
1130.183145	-12.47546409
1137.352047	-12.79550386
1144.527051	-13.11859228
1151.699004	-13.41424749
1158.867906	-13.79524749
1166.039859	-14.17929614
1173.214788	-14.35912819
1173.361161	-14.35912819
1180.38369	-14.13662433
1187.555643	-14.02689614
1194.727596	-13.85620772
1201.899549	-13.67332819
1209.071502	-13.46301544
1216.243455	-13.28013591
1222.504059	-12.93876023
1223.415408	-12.88999228
1230.587361	-12.60957567
1237.759239	-12.41145637
1244.931192	-12.25905637
1252.10322	-12.30477567
1259.272121	-12.44193591
1266.444	-12.55776023
1271.662212	-12.53337567
1273.619004	-12.51508842
1280.787906	-12.39012047
1287.959784	-12.45717567
1295.134788	-12.59738456
1302.30369	-12.75587953
1309.475718	-12.85341544
1316.647596	-12.98447953
1320.82029	-13.05458456
1323.819623	-13.10335251
1330.991502	-13.17650386
1338.16338	-13.08506409
1345.332282	-12.82293591
1352.507286	-12.64615251
1359.679314	-12.56995251
1366.848216	-12.56080772
1369.978518	-12.56690386
1374.02322	-12.57604749
1381.195098	-12.47851158
1388.364	-12.42974363
1395.535879	-12.60652819
1402.707906	-12.82598456
1409.879784	-13.16736023
1417.051812	-13.87449614
1419.139721	-14.05127953
1424.22369	-14.45971158
1431.395718	-14.91691158
1438.567596	-15.50517567
1445.739623	-16.14220772
1452.911502	-16.84324749
1460.08338	-17.73631158
1467.252282	-18.3642
1468.2978	-18.42820772
1474.42431	-18.78787181
1481.599314	-19.19935251
1488.768216	-19.43709614
1495.940094	-19.52548726
1503.115098	-19.64435907
1510.284	-19.65350502
1517.455879	-19.68093591
1521.476321	-19.57730502
1525.496616	-19.43709614
1529.51691	-19.29688842
1533.177486	-19.18716023
1533.537204	-19.16887181
1537.557498	-18.96160772
1541.577792	-18.75434363
1545.598086	-18.56536795
1548.908321	-18.45868842
1549.61838	-18.44344749
1553.638823	-18.34896023
1557.659118	-18.23923205
1561.679412	-18.10512047
1564.62978	-17.99539228
1565.699706	-17.89176023
1569.72	-17.48942433
1573.740294	-17.13890386
1577.760588	-16.77314363
1580.354514	-16.49272819
1581.780882	-16.25193591
1585.801177	-15.49907953
1589.82162	-14.84680772
1593.841914	-14.11223977
1596.082223	-13.69466409
1597.862208	-13.43253591
1601.882502	-12.81988842
1605.902796	-12.16456795
1609.92309	-11.48486409
1611.803682	-11.18616023
1613.943384	-10.85697567
1617.963679	-10.27480772
1621.984121	-9.729216023
1626.004416	-9.281160233
1627.528416	-9.119616023
1630.02471	-8.848344209
1634.045004	-8.3058
1638.065298	-7.751064093
1642.097796	-7.214616023
1643.250023	-7.074407721
1646.130294	-6.925055791
1650.162792	-6.751319884
1654.19529	-6.63549614
1658.224812	-6.434328186
1658.98071	-6.39470386
1662.25731	-6.306312163
1666.289808	-6.24535193
1670.322306	-6.126480116
1674.354804	-5.93750386
1674.702318	-5.919216023
1678.384177	-5.71804807
1682.416823	-5.526023744
1686.449321	-5.346192279
1690.426902	-5.236464093
1690.48182	-5.236464093
1694.514318	-5.053583977
1698.546816	-4.888992279
1702.576188	-4.815840058
1706.154612	-4.8006
1706.608686	-4.791456081
1710.641184	-4.80669614
1714.673682	-4.79450386
1718.70618	-4.80669614
1721.87622	-4.828032047
1722.738679	-4.815840058
1726.771177	-4.733543919
1730.800698	-4.696967953
1734.833196	-4.79450386
1737.600804	-4.849367953
1738.865694	-4.852416023
1742.898192	-4.79755193
1746.93069	-4.757927895
1750.963188	-4.64515193
1753.322412	-4.526280116
1754.99271	-4.395216023
1759.025208	-4.072127895
1763.057706	-3.712464093
1767.090204	-3.316224035
1769.050121	-3.096767953
1771.122702	-2.932175965
1775.152223	-2.4384
1779.184721	-1.932432047
1783.21722	-1.560575965
1784.774706	-1.237487983
1787.249718	-0.762
1791.282216	0.222504006
1795.314714	1.048512017
1799.347212	2.05435193
1800.496314	2.325624035
1803.376584	2.907791988
1807.409082	3.264408012
1811.44158	3.517391988
1815.474079	3.758183977
1816.227	3.797808012
1819.506577	3.989832047
1823.539223	4.227575965
1827.568596	4.42264807
1831.601094	4.696967953
1831.948608	4.733543919
1835.633592	5.117592279
1839.66609	5.495544209
1843.698588	5.852160233
1847.673192	6.01370386
1853.3364	6.376416023
1859.002584	6.501383977
1864.668918	5.87044807
1870.335102	5.93750386
1872.291894	6.02284807
1876.001286	6.187439767
1881.664494	6.449567953
1887.330679	6.437376256
1892.993886	6.300216023
1898.663196	6.641592279
1904.32938	6.78789614
1909.992588	6.63549614
1915.658921	6.54710386
1921.325106	6.492239767
1926.988314	6.537960233
1932.654498	6.833616023
1938.317706	7.141464093
1943.987016	7.101839767
1949.6532	7.022592279
1955.319384	6.982967953
1960.982592	6.970776256
1966.648777	6.961632047
1968.118008	6.958583977
1972.311984	6.946392279
1977.978318	7.00430386
1983.644502	7.132319884
1989.310686	7.30910386
1994.97702	7.431023744
2000.643204	7.379207721
2006.306412	7.336535907
2011.972596	7.184135907
2017.635804	6.93115193
2017.63878	6.93115193
2023.305114	6.958583977
2028.971298	7.046976256
2034.634506	7.208519884
2040.30069	7.30910386
2045.967023	8.013192279
2051.630082	8.945880116
2051.633208	8.945880116
2057.299392	10.18336795
2062.9626	10.99718456
	
