 Elev(m)    Area(m2)     Peri(m)      Radi(m)   Conv(m3/s)    topWidth(m)    newI1(m3)    dPdA(1/m)
   -40.24        0.00        0.00         NaN                 NaN               0.000           0.000             NaN
   -39.31       20.71       31.94        0.65             620.541              31.821           9.614           1.542
   -38.38       55.52       43.12        1.29            2628.566              42.792          45.002           0.321
   -37.45       99.85       53.18        1.88            6078.335              52.633         117.128           0.227
   -36.53      153.04       62.74        2.44           11093.292              61.967         234.524           0.180
   -35.60      215.26       73.23        2.94           17667.689              72.254         405.493           0.169
   -34.67      288.42       88.26        3.27           25405.244              87.086         639.303           0.205
   -33.74      379.19      107.74        3.52           35094.723             106.386         949.212           0.215
   -32.81      485.41      123.75        3.92           48291.691             122.228        1350.567           0.151
   -31.88      605.57      138.55        4.37           64751.582             136.851        1857.012           0.123
   -30.96      739.58      153.55        4.82           84372.633             151.671        2481.443           0.112
   -30.03      887.50      169.25        5.24          107148.359             167.183        3236.752           0.106
   -29.10     1049.85      183.90        5.71          134138.141             181.626        4136.088           0.090
   -28.17     1224.50      197.36        6.20          165379.609             194.887        5191.863           0.077
   -27.24     1412.05      211.96        6.66          199974.453             209.277        6415.778           0.078
   -26.31     1614.23      229.27        7.04          237193.328             226.352        7820.612           0.086
   -25.38     1831.52      244.28        7.50          280642.062             241.121        9420.166           0.069
   -24.46     2061.18      257.54        8.00          329879.000             254.135       11227.195           0.058
   -23.53     2304.50      274.15        8.41          381093.156             270.506       13253.788           0.068
   -22.60     2564.81      293.36        8.74          435395.062             289.518       15514.172           0.074
   -21.67     2842.14      312.12        9.11          495741.875             308.088       18024.133           0.068
   -20.74     3138.60      337.07        9.31          555660.750             332.855       20800.447           0.084
   -19.81     3458.21      358.08        9.66          627327.812             353.687       23862.756           0.066
   -18.89     3792.76      371.39       10.21          714107.812             366.816       27228.732           0.040
   -17.96     4138.95      384.26       10.77          807466.875             379.499       30910.715           0.037
   -17.03     4500.70      407.36       11.05          893047.688             402.419       34921.328           0.064
   -16.10     4887.33      440.91       11.08          971881.938             435.710       39279.352           0.087
   -15.17     5309.38      473.65       11.21         1063717.250             468.139       44012.766           0.078
   -14.24     5747.59      481.66       11.93         1200536.625             475.856       49145.527           0.018
   -13.32     6193.27      490.48       12.63         1343321.875             484.392       54688.602           0.020
   -12.39     6647.70      502.45       13.23         1487478.375             496.116       60649.508           0.026
   -11.46     7115.64      518.25       13.73         1632013.000             511.733       67038.594           0.034
   -10.53     7596.02      529.86       14.34         1793054.375             523.147       73867.906           0.024
    -9.60     8090.98      551.36       14.67         1939873.875             544.190       81149.977           0.043
    -8.67     8597.55      554.84       15.50         2137495.750             547.056       88896.969           0.007
    -7.74     9106.78      558.33       16.31         2342841.000             549.922       97115.492           0.007
    -6.82     9618.66      561.81       17.12         2555797.750             552.785      105808.039           0.007
    -5.89    10133.21      565.29       17.93         2776249.750             555.647      114977.062           0.007
    -4.96    10650.43      568.82       18.72         3003910.000             558.569      124625.047           0.007
    -4.03    11170.39      572.39       19.52         3238756.750             561.527      134754.500           0.007
    -3.10    11693.10      575.96       20.30         3480816.000             564.485      145367.969           0.007
    -2.17    12218.55      579.53       21.08         3730007.500             567.443      156468.000           0.007
    -1.25    12747.04      584.69       21.80         3979165.750             572.041      168057.281           0.010
    -0.32    13281.53      592.50       22.42         4223566.000             579.374      180140.016           0.015
     0.61    13825.79      604.65       22.87         4455283.000             591.145      192723.516           0.022
     1.54    14377.18      610.51       23.55         4724838.500             596.649      205815.625           0.011
     2.47    14933.68      616.77       24.21         4999444.500             602.551      219422.031           0.011
     3.40    15506.23      644.80       24.05         5167597.000             630.260      233552.562           0.049
     4.32    16112.69      693.58       23.23         5247387.000             678.725      248230.391           0.080
     5.25    16752.70      713.78       23.47         5493204.000             698.562      263486.844           0.032
     6.18    17432.22      776.34       22.45         5549840.000             760.988      279355.844           0.092
     7.11    18138.74      776.34       23.36         5929769.000             760.988      295868.250           0.000
     8.04    18845.26      776.34       24.27         6319694.000             760.988      313036.594           0.000
     8.97    19551.78      776.34       25.18         6719488.500             760.988      330860.906           0.000
     9.90    20258.29      776.34       26.09         7129031.000             760.988      349341.156           0.000
    10.82    20964.81      776.34       27.00         7548210.500             760.988      368477.344           0.000
    11.75    21671.33      776.34       27.91         7976916.000             760.988      388269.500           0.000
    12.68    22377.85      776.34       28.82         8415041.000             760.988      408717.594           0.000
    13.61    23084.36      776.34       29.73         8862487.000             760.988      429821.625           0.000
    14.54    23790.88      776.34       30.64         9319156.000             760.988      451581.562           0.000
    15.47    24497.40      776.34       31.56         9784960.000             760.988      473997.500           0.000
    16.39    25203.91      776.34       32.47        10259804.000             760.988      497069.344           0.000
    17.32    25910.43      776.34       33.38        10743608.000             760.988      520797.156           0.000
    18.25    26616.95      776.34       34.29        11236288.000             760.988      545180.938           0.000
    19.18    27323.46      776.34       35.20        11737765.000             760.988      570220.625           0.000
    20.11    28029.98      776.34       36.11        12247961.000             760.988      595916.250           0.000
    21.04    28736.50      776.34       37.02        12766806.000             760.988      622267.875           0.000
    21.96    29443.02      776.34       37.93        13294223.000             760.988      649275.438           0.000
    22.89    30149.53      776.34       38.84        13830147.000             760.988      676938.875           0.000
    23.82    30856.05      776.34       39.75        14374509.000             760.988      705258.250          -0.000
    24.75    31562.57      776.34       40.66        14927244.000             760.988      734233.688           0.000
    25.68    32269.08      776.34       41.57        15488292.000             760.988      763865.000           0.000
    26.61    32975.60      776.34       42.48        16057590.000             760.988      794152.250           0.000
    27.54    33682.12      776.34       43.39        16635077.000             760.988      825095.438          -0.000
    28.46    34388.64      776.34       44.30        17220698.000             760.988      856694.625           0.000
    29.39    35095.15      776.34       45.21        17814392.000             760.988      888949.750           0.000
    30.32    35801.67      776.34       46.12        18416110.000             760.988      921860.688           0.000
    31.25    36508.19      776.34       47.03        19025800.000             760.988      955427.688          -0.000
    32.18    37214.70      776.34       47.94        19643404.000             760.988      989650.625           0.000
    33.11    37921.22      776.34       48.85        20268878.000             760.988     1024529.562           0.000
    34.03    38627.74      776.34       49.76        20902164.000             760.988     1060064.375           0.000
    34.96    39334.25      776.34       50.67        21543224.000             760.988     1096255.125          -0.000
    35.89    40040.77      776.34       51.58        22192006.000             760.988     1133101.875           0.000
    36.82    40747.29      776.34       52.49        22848464.000             760.988     1170604.500           0.000
    37.75    41453.81      776.34       53.40        23512556.000             760.988     1208763.125           0.000
    38.68    42160.32      776.34       54.31        24184236.000             760.988     1247577.750          -0.000
    39.60    42866.84      776.34       55.22        24863466.000             760.988     1287048.250           0.000
    40.53    43573.36      776.34       56.13        25550194.000             760.988     1327174.625           0.000
    41.46    44279.88      776.34       57.04        26244388.000             760.988     1367957.000           0.000
    42.39    44986.39      776.34       57.95        26946006.000             760.988     1409395.250          -0.000
    43.32    45692.91      776.34       58.86        27655010.000             760.988     1451489.500           0.000
    44.25    46399.43      776.34       59.77        28371358.000             760.988     1494239.750           0.000
    45.18    47105.94      776.34       60.68        29095016.000             760.988     1537645.875           0.000
    46.10    47812.46      776.34       61.59        29825954.000             760.988     1581708.000          -0.000
    47.03    48518.98      776.34       62.50        30564118.000             760.988     1626426.125           0.000
    47.96    49225.50      776.34       63.41        31309490.000             760.988     1671800.125           0.000
    48.89    49932.01      776.34       64.32        32062022.000             760.988     1717830.125           0.000
    49.82    50638.53      776.34       65.23        32821694.000             760.988     1764516.000          -0.000
    50.75    51345.05      776.34       66.14        33588456.000             760.988     1811857.875           0.000
    51.67    52051.56      776.34       67.05        34362292.000             760.988     1859855.625           0.000
    52.60    52758.08      776.34       67.96        35143160.000             760.988     1908509.375           0.000
