   648.303650      -25.5813179    
   733.073120      -25.5813179    
 NaN NaN
   639.201843      -24.9010639    
   740.763184      -24.9010639    
 NaN NaN
   632.575073      -24.2208118    
   744.296753      -24.2208118    
 NaN NaN
   624.533569      -23.5405598    
   747.870728      -23.5405598    
 NaN NaN
   603.437622      -22.8603058    
   754.723633      -22.8603058    
 NaN NaN
   763.804688      -22.8603058    
   766.967102      -22.8603058    
 NaN NaN
   574.004822      -22.1800537    
   775.941650      -22.1800537    
 NaN NaN
   567.265381      -21.4998016    
   783.315979      -21.4998016    
 NaN NaN
   560.047241      -20.8195496    
   789.110474      -20.8195496    
 NaN NaN
   550.259094      -20.1392956    
   794.749756      -20.1392956    
 NaN NaN
   537.899414      -19.4590435    
   800.649170      -19.4590435    
 NaN NaN
   519.224243      -18.7787914    
   808.875244      -18.7787914    
 NaN NaN
   498.538239      -18.0985374    
   822.434875      -18.0985374    
 NaN NaN
   485.731567      -17.4182854    
   830.803162      -17.4182854    
 NaN NaN
   467.430420      -16.7380333    
   835.755310      -16.7380333    
 NaN NaN
   429.167114      -16.0577793    
   840.420654      -16.0577793    
 NaN NaN
   354.538849      -15.3775272    
   356.847412      -15.3775272    
 NaN NaN
   402.765839      -15.3775272    
   844.549072      -15.3775272    
 NaN NaN
   267.585266      -14.6972742    
   287.970734      -14.6972742    
 NaN NaN
   321.853241      -14.6972742    
   848.515137      -14.6972742    
 NaN NaN
   248.525055      -14.0170221    
   851.476746      -14.0170221    
 NaN NaN
   233.377579      -13.3367691    
   854.438354      -13.3367691    
 NaN NaN
   190.845840      -12.6565170    
   857.384399      -12.6565170    
 NaN NaN
   182.926331      -11.9762640    
   860.090942      -11.9762640    
 NaN NaN
   176.550812      -11.2960110    
   862.797546      -11.2960110    
 NaN NaN
   168.569382      -10.6157589    
   865.504089      -10.6157589    
 NaN NaN
   161.617096      -9.93550587    
   868.277649      -9.93550587    
 NaN NaN
   157.033051      -9.25525284    
   871.081116      -9.25525284    
 NaN NaN
   153.120178      -8.57500076    
   873.884521      -8.57500076    
 NaN NaN
   149.727982      -7.89474773    
   876.661499      -7.89474773    
 NaN NaN
   146.335785      -7.21449518    
   879.404541      -7.21449518    
 NaN NaN
   142.679733      -6.53424263    
   882.147522      -6.53424263    
 NaN NaN
   138.985870      -5.85398960    
   884.928284      -5.85398960    
 NaN NaN
   134.634399      -5.17373705    
   888.002747      -5.17373705    
 NaN NaN
   129.320267      -4.49348450    
   891.077271      -4.49348450    
 NaN NaN
   125.821945      -3.81323195    
   894.175598      -3.81323195    
 NaN NaN
   123.140373      -3.13297915    
   897.411377      -3.13297915    
 NaN NaN
   120.458794      -2.45272636    
   900.647156      -2.45272636    
 NaN NaN
   117.458969      -1.77247381    
   904.457825      -1.77247381    
 NaN NaN
   113.675850      -1.09222114    
   909.439514      -1.09222114    
 NaN NaN
   109.892738     -0.411968470    
   914.043091     -0.411968470    
 NaN NaN
   105.155724      0.268284202    
   918.283325      0.268284202    
 NaN NaN
   100.292381      0.948536873    
   921.805054      0.948536873    
 NaN NaN
   96.5092697       1.62878954    
   923.967957       1.62878954    
 NaN NaN
   64.9053955       2.30904222    
   85.9397354       2.30904222    
 NaN NaN
   92.7261581       2.30904222    
   926.130920       2.30904222    
 NaN NaN
   55.7189445       2.98929501    
   928.293823       2.98929501    
 NaN NaN
   47.7487679       3.66954756    
   933.139771       3.66954756    
 NaN NaN
   986.634888       3.66954756    
   1008.04053       3.66954756    
 NaN NaN
   39.0858002       4.34980011    
   948.631714       4.34980011    
 NaN NaN
   981.038574       4.34980011    
   1018.72314       4.34980011    
 NaN NaN
   29.2612057       5.03005314    
   954.582886       5.03005314    
 NaN NaN
   976.515625       5.03005314    
   1023.76031       5.03005314    
 NaN NaN
   16.2430820       5.71030569    
   966.011230       5.71030569    
 NaN NaN
   967.054199       5.71030569    
   1027.40784       5.71030569    
 NaN NaN
   13.0021343       6.39055824    
   1031.14600       6.39055824    
 NaN NaN
   9.76118565       7.07081079    
   1035.37744       7.07081079    
 NaN NaN
   0.00000000       7.75106335    
   1039.60876       7.75106335    
 NaN NaN
   0.00000000       8.43131638    
   1039.60876       8.43131638    
 NaN NaN
   0.00000000       9.11156845    
   1039.60876       9.11156845    
 NaN NaN
   0.00000000       9.79182148    
   1039.60876       9.79182148    
 NaN NaN
   0.00000000       10.4720745    
   1039.60876       10.4720745    
 NaN NaN
   0.00000000       11.1523266    
   1039.60876       11.1523266    
 NaN NaN
   0.00000000       11.8325796    
   1039.60876       11.8325796    
 NaN NaN
   0.00000000       12.5128326    
   1039.60876       12.5128326    
 NaN NaN
   0.00000000       13.1930847    
   1039.60876       13.1930847    
 NaN NaN
   0.00000000       13.8733377    
   1039.60876       13.8733377    
 NaN NaN
   0.00000000       14.5535908    
   1039.60876       14.5535908    
 NaN NaN
   0.00000000       15.2338428    
   1039.60876       15.2338428    
 NaN NaN
   0.00000000       15.9140959    
   1039.60876       15.9140959    
 NaN NaN
   0.00000000       16.5943489    
   1039.60876       16.5943489    
 NaN NaN
   0.00000000       17.2746010    
   1039.60876       17.2746010    
 NaN NaN
   0.00000000       17.9548531    
   1039.60876       17.9548531    
 NaN NaN
   0.00000000       18.6351070    
   1039.60876       18.6351070    
 NaN NaN
   0.00000000       19.3153591    
   1039.60876       19.3153591    
 NaN NaN
   0.00000000       19.9956112    
   1039.60876       19.9956112    
 NaN NaN
   0.00000000       20.6758652    
   1039.60876       20.6758652    
 NaN NaN
   0.00000000       21.3561172    
   1039.60876       21.3561172    
 NaN NaN
   0.00000000       22.0363693    
   1039.60876       22.0363693    
 NaN NaN
   0.00000000       22.7166214    
   1039.60876       22.7166214    
 NaN NaN
   0.00000000       23.3968754    
   1039.60876       23.3968754    
 NaN NaN
   0.00000000       24.0771275    
   1039.60876       24.0771275    
 NaN NaN
   0.00000000       24.7573795    
   1039.60876       24.7573795    
 NaN NaN
   0.00000000       25.4376335    
   1039.60876       25.4376335    
 NaN NaN
   0.00000000       26.1178856    
   1039.60876       26.1178856    
 NaN NaN
   0.00000000       26.7981377    
   1039.60876       26.7981377    
 NaN NaN
   0.00000000       27.4783916    
   1039.60876       27.4783916    
 NaN NaN
   0.00000000       28.1586437    
   1039.60876       28.1586437    
 NaN NaN
   0.00000000       28.8388958    
   1039.60876       28.8388958    
 NaN NaN
   0.00000000       29.5191498    
   1039.60876       29.5191498    
 NaN NaN
   0.00000000       30.1994019    
   1039.60876       30.1994019    
 NaN NaN
   0.00000000       30.8796539    
   1039.60876       30.8796539    
 NaN NaN
   0.00000000       31.5599079    
   1039.60876       31.5599079    
 NaN NaN
   0.00000000       32.2401581    
   1039.60876       32.2401581    
 NaN NaN
   0.00000000       32.9204140    
   1039.60876       32.9204140    
 NaN NaN
   0.00000000       33.6006660    
   1039.60876       33.6006660    
 NaN NaN
   0.00000000       34.2809181    
   1039.60876       34.2809181    
 NaN NaN
   0.00000000       34.9611702    
   1039.60876       34.9611702    
 NaN NaN
   0.00000000       35.6414223    
   1039.60876       35.6414223    
 NaN NaN
   0.00000000       36.3216743    
   1039.60876       36.3216743    
 NaN NaN
   0.00000000       37.0019302    
   1039.60876       37.0019302    
 NaN NaN
   0.00000000       37.6821823    
   1039.60876       37.6821823    
 NaN NaN
   0.00000000       38.3624344    
   1039.60876       38.3624344    
 NaN NaN
   0.00000000       39.0426865    
   1039.60876       39.0426865    
 NaN NaN
   0.00000000       39.7229385    
   1039.60876       39.7229385    
 NaN NaN
   0.00000000       40.4031906    
   1039.60876       40.4031906    
 NaN NaN
   0.00000000       41.0834427    
   1039.60876       41.0834427    
 NaN NaN
   0.00000000       41.7636986    
   1039.60876       41.7636986    
 NaN NaN
