82.61	RS=82.61   
0	2.96570386
9.134855791	2.154936052
18.26971158	1.770887983
27.40761544	1.475232047
36.54247181	1.094231974
45.67732819	0.9144
54.81218456	1.008887983
63.95008726	1.152143991
73.08494363	1.8288
82.2198	2.51155193
91.35465637	2.087879971
100.4895127	1.731263948
109.6274201	1.90804807
118.7622765	1.950720029
127.8971235	1.944624035
137.0319799	1.926336052
146.1698873	1.889759942
155.3047436	1.926336052
164.4396	1.932432047
173.5744471	1.999487983
182.7093127	2.090928041
191.8472108	2.191512017
200.9820765	2.240279971
210.1169235	2.340863948
219.2517892	2.700527895
228.3896873	2.712719884
237.5245529	2.910840058
246.6594	3.224783977
255.7942471	3.319272105
264.9291127	3.28269614
274.0670108	3.304032047
283.2018765	3.364991988
292.3367235	3.28269614
301.4715892	3.20649614
310.6094873	3.13029614
319.7443529	2.959608012
328.8792	2.89864807
338.0140471	2.89864807
347.1488941	2.734056081
356.2868294	2.929127895
365.4216765	2.404871959
370.935498	2.182367953
374.5565235	2.036063948
383.6913706	2.093975965
392.8293059	2.5146
401.9641529	3.236975965
411.099	3.27964807
420.2338471	3.252216023
429.3686941	3.102864093
438.5066294	3.151632047
447.6414765	3.11810386
456.7763235	3.066288128
465.9111706	2.919983977
475.0460549	2.859024035
484.1839529	2.81635193
493.3188	2.66090386
502.4536471	2.58775193
511.5884941	2.447543919
520.7264294	1.048512017
529.8612765	-5.913119884
538.9961235	-9.902952512
548.1309706	-12.32916023
557.2658549	-14.53896023
566.4037529	-17.50466409
575.5386	-20.19604865
584.6734471	-21.87549498
593.8082941	-22.89962316
602.9462294	-23.32024865
612.0810765	-23.72563088
621.2159235	-24.48458456
630.3508078	-25.70073591
639.4856549	-27.06014363
648.6235529	-27.95930502
657.7584	-28.48051274
666.8932471	-29.26994363
676.0280941	-29.96488726
685.1659922	-30.29102316
694.3008393	-30.51047953
703.4357607	-30.61715907
712.5706078	-30.68726409
721.7054549	-30.57448726
730.8433529	-29.96793591
739.9782	-29.13887953
749.1130471	-28.70606409
758.2478941	-28.37078456
767.3857922	-28.05074363
776.5206393	-27.813
785.6555607	-27.59354363
794.7904078	-27.36799228
803.9252549	-27.16987181
813.0631529	-26.95346409
822.198	-26.76144093
831.3328471	-26.65475907
840.4676941	-26.55722316
849.6055922	-26.49321544
858.7404393	-26.45054363
867.8753607	-26.51150502
877.0102078	-26.68219228
886.1481059	-26.84678456
895.2829529	-26.81020772
904.4178	-26.63647181
913.5526471	-26.29509498
922.6874941	-25.85008726
931.8253922	-25.37155135
940.9602393	-24.87777684
950.0951607	-24.34132819
959.2300078	-23.68600772
968.3679059	-23.12822316
977.5027529	-22.50033591
986.6376	-22.04923088
995.7724471	-21.55850502
1004.910345	-20.97328726
1014.045192	-20.75383088
1023.180039	-20.29358456
1032.314961	-19.67484093
1041.452859	-19.2024
1050.587706	-18.57451158
1059.722553	-17.83689614
1068.8574	-17.16023977
1077.992247	-16.52930386
1087.130145	-16.16659228
1096.264992	-15.68805637
1105.399839	-15.21256795
1114.534761	-14.86814363
1123.672659	-14.52981544
1132.807506	-14.22806409
1141.942353	-13.55140772
1151.0772	-12.47851158
1160.215098	-10.93927181
1169.349945	-9.122664093
1178.484792	-7.376160233
1187.619639	-5.666232047
1196.757612	-3.685032047
1205.892459	-2.127504006
1215.027306	-0.917447997
1224.162153	0.277368008
1233.300051	1.539240058
1242.434898	1.767840058
1251.56982	1.411224035
1260.704592	1.188720029
1269.84249	1.085087983
1278.977412	1.420367953
1288.112184	2.042159942
1297.247106	2.249424035
1299.27102	2.273808012
1306.381879	2.356104006
1315.519777	2.535935907
1324.654698	2.8956
1333.78962	3.444240058
1342.924392	2.767583977
1352.059314	2.910840058
1361.197212	3.377183977
1370.331984	4.88289614
1379.466906	5.163312163
	
