 Elev(m)    Area(m2)     Peri(m)      Radi(m)   Conv(m3/s)    topWidth(m)    newI1(m3)    dPdA(1/m)
   -20.28        0.00        0.00         NaN                 NaN               0.000           0.000             NaN
   -19.66       16.62       59.17        0.28             285.051              59.147           5.086           3.561
   -19.05       59.55       78.27        0.76            1984.863              78.204          28.398           0.445
   -18.44      111.83       92.92        1.20            5061.606              92.782          80.854           0.280
   -17.83      174.93      114.80        1.52            9265.596             114.600         168.626           0.347
   -17.21      254.03      144.69        1.76           14788.151             144.442         299.922           0.378
   -16.60      350.96      169.56        2.07           22800.166             169.263         485.097           0.257
   -15.99      459.22      184.21        2.49           33772.410             183.845         733.078           0.135
   -15.38      577.42      204.91        2.82           46079.141             204.480        1050.374           0.175
   -14.77      712.93      240.01        2.97           58926.957             239.518        1445.325           0.259
   -14.15      892.00      352.97        2.53           66197.930             352.409        1936.562           0.631
   -13.54     1161.91      537.24        2.16           77726.430             536.601        2565.226           0.683
   -12.93     1538.96      671.91        2.29          106962.336             671.170        3391.910           0.357
   -12.32     1952.26      679.73        2.87          157785.203             678.889        4460.502           0.019
   -11.71     2369.82      686.30        3.45          216559.297             685.343        5783.405           0.016
   -11.09     2791.40      693.09        4.03          282643.281             692.021        7363.151           0.016
   -10.48     3216.74      698.49        4.61          356160.906             697.280        9202.125           0.013
    -9.87     3645.01      703.27        5.18          436658.062             701.899       11302.373           0.011
    -9.26     4076.07      707.97        5.76          523744.469             706.430       13665.642           0.011
    -8.64     4509.89      712.52        6.33          617265.375             710.808       16293.636           0.010
    -8.03     4946.15      716.40        6.90          717353.000             714.486       19187.938           0.009
    -7.42     5384.66      720.39        7.47          823403.500             718.270       22349.994           0.009
    -6.81     5825.63      724.73        8.04          935076.812             722.435       25781.242           0.010
    -6.20     6269.12      728.94        8.60         1052629.500             726.466       29483.203           0.009
    -5.58     6715.03      733.00        9.16         1175993.750             730.331       33457.395           0.009
    -4.97     7163.27      737.00        9.72         1304970.000             734.140       37705.266           0.009
    -4.36     7613.88      741.15       10.27         1439241.000             738.100       42228.258           0.009
    -3.75     8067.16      746.15       10.81         1577771.375             742.946       47027.914           0.011
    -3.13     8523.49      751.33       11.34         1721353.500             747.975       52105.980           0.011
    -2.52     8982.87      756.35       11.88         1870411.625             752.845       57464.332           0.011
    -1.91     9445.26      761.50       12.40         2024424.625             757.850       63104.816           0.011
    -1.30     9910.71      766.65       12.93         2183585.250             762.845       69029.297           0.011
    -0.69    10379.26      771.98       13.45         2347472.250             768.029       75239.656           0.011
    -0.07    10850.97      777.18       13.96         2516676.500             773.081       81737.805           0.011
     0.54    11325.76      782.36       14.48         2690918.000             778.118       88525.656           0.011
     1.15    11803.74      788.05       14.98         2868954.750             783.672       95605.141           0.012
     1.76    12285.25      793.97       15.47         3051386.750             789.464      102978.297           0.012
     2.37    12770.29      799.87       15.97         3238783.750             795.235      110647.305           0.012
     2.99    13258.93      806.43       16.44         3429234.750             801.673      118614.336           0.013
     3.60    13752.25      814.94       16.88         3619099.250             810.089      126881.922           0.017
     4.21    14250.52      822.55       17.32         3816551.750             817.598      135453.016           0.015
     4.82    14755.34      856.02       17.24         3938405.000             850.988      144331.125           0.066
     5.44    15293.12      903.42       16.93         4032990.000             898.279      153528.359           0.088
     6.05    15850.96      927.32       17.09         4207252.000             922.042      163060.953           0.043
     6.66    16421.78      951.23       17.26         4387680.500             945.810      172939.000           0.042
     7.27    17008.33      969.45       17.54         4593525.000             963.922      183171.281           0.031
     7.88    17600.41      976.11       18.03         4840972.500             970.466      193764.344           0.011
     8.50    18196.49      982.64       18.52         5094592.500             976.881      204721.047           0.011
     9.11    18796.34      989.41       19.00         5353002.500             983.534      216043.828           0.011
     9.72    19401.07      998.16       19.44         5610094.500             992.184      227735.312           0.014
    10.33    20009.99     1002.35       19.96         5890140.000             996.306      239798.250           0.007
    10.94    20619.89     1002.35       20.57         6192387.500             996.306      252234.250          -0.000
    11.56    21229.79     1002.35       21.18         6500653.000             996.306      265043.594           0.000
    12.17    21839.69     1002.35       21.79         6814880.000             996.306      278226.312           0.000
    12.78    22449.59     1002.35       22.40         7135013.000             996.306      291782.406          -0.000
    13.39    23059.48     1002.35       23.01         7460996.000             996.306      305711.812           0.000
    14.01    23669.38     1002.35       23.61         7792781.000             996.306      320014.594          -0.000
    14.62    24279.28     1002.35       24.22         8130313.500             996.306      334690.719           0.000
    15.23    24889.18     1002.35       24.83         8473546.000             996.306      349740.219           0.000
    15.84    25499.08     1002.35       25.44         8822435.000             996.306      365163.062          -0.000
    16.45    26108.98     1002.35       26.05         9176929.000             996.306      380959.281           0.000
    17.07    26718.88     1002.35       26.66         9536988.000             996.306      397128.812           0.000
    17.68    27328.78     1002.35       27.26         9902569.000             996.306      413671.719          -0.000
    18.29    27938.68     1002.35       27.87        10273630.000             996.306      430588.031           0.000
    18.90    28548.58     1002.35       28.48        10650131.000             996.306      447877.656           0.000
    19.52    29158.47     1002.35       29.09        11032033.000             996.306      465540.625          -0.000
    20.13    29768.38     1002.35       29.70        11419297.000             996.306      483577.000           0.000
    20.74    30378.27     1002.35       30.31        11811889.000             996.306      501986.656          -0.000
    21.35    30988.17     1002.35       30.92        12209769.000             996.306      520769.688           0.000
    21.96    31598.07     1002.35       31.52        12612905.000             996.306      539926.125           0.000
    22.58    32207.97     1002.35       32.13        13021263.000             996.306      559455.875          -0.000
    23.19    32817.87     1002.35       32.74        13434807.000             996.306      579359.000           0.000
    23.80    33427.77     1002.35       33.35        13853508.000             996.306      599635.438           0.000
    24.41    34037.67     1002.35       33.96        14277337.000             996.306      620285.312          -0.000
    25.02    34647.57     1002.35       34.57        14706254.000             996.306      641308.500           0.000
    25.64    35257.46     1002.35       35.17        15140237.000             996.306      662705.000           0.000
    26.25    35867.36     1002.35       35.78        15579254.000             996.306      684474.938          -0.000
    26.86    36477.26     1002.35       36.39        16023273.000             996.306      706618.188           0.000
    27.47    37087.16     1002.35       37.00        16472272.000             996.306      729134.750          -0.000
    28.09    37697.06     1002.35       37.61        16926220.000             996.306      752024.812           0.000
    28.70    38306.96     1002.35       38.22        17385090.000             996.306      775288.062           0.000
    29.31    38916.86     1002.35       38.83        17848858.000             996.306      798924.750          -0.000
    29.92    39526.76     1002.35       39.43        18317498.000             996.306      822934.812           0.000
    30.53    40136.66     1002.35       40.04        18790982.000             996.306      847318.188           0.000
    31.15    40746.55     1002.35       40.65        19269290.000             996.306      872074.938          -0.000
    31.76    41356.45     1002.35       41.26        19752390.000             996.306      897205.062           0.000
    32.37    41966.35     1002.35       41.87        20240266.000             996.306      922708.438          -0.000
    32.98    42576.25     1002.35       42.48        20732894.000             996.306      948585.375           0.000
    33.59    43186.15     1002.35       43.08        21230248.000             996.306      974835.500           0.000
    34.21    43796.05     1002.35       43.69        21732302.000             996.306     1001459.000           0.000
    34.82    44405.95     1002.35       44.30        22239040.000             996.306     1028455.875           0.000
    35.43    45015.84     1002.35       44.91        22750442.000             996.306     1055826.125          -0.000
    36.04    45625.74     1002.35       45.52        23266484.000             996.306     1083569.625           0.000
    36.66    46235.64     1002.35       46.13        23787150.000             996.306     1111686.750           0.000
    37.27    46845.54     1002.35       46.74        24312408.000             996.306     1140177.000           0.000
    37.88    47455.44     1002.35       47.34        24842248.000             996.306     1169040.625           0.000
    38.49    48065.34     1002.35       47.95        25376646.000             996.306     1198277.625          -0.000
    39.10    48675.24     1002.35       48.56        25915584.000             996.306     1227888.000           0.000
    39.72    49285.14     1002.35       49.17        26459044.000             996.306     1257871.750           0.000
    40.33    49895.04     1002.35       49.78        27007002.000             996.306     1288228.750           0.000
    40.94    50504.94     1002.35       50.39        27559452.000             996.306     1318959.375           0.000
