 Elev(m)    Area(m2)     Peri(m)      Radi(m)   Conv(m3/s)    topWidth(m)    newI1(m3)    dPdA(1/m)
   -22.79        0.00        0.00         NaN                 NaN               0.000           0.000             NaN
   -22.11       14.58       35.04        0.42             325.081              35.005           4.921           2.403
   -21.44       55.60      110.87        0.50            1403.839             110.783          28.605           1.849
   -20.77      159.62      176.53        0.90            5970.152             176.395         101.236           0.631
   -20.09      284.88      194.40        1.47           14702.256             194.200         251.245           0.143
   -19.42      420.69      207.96        2.02           26915.979             207.699         489.360           0.100
   -18.74      565.10      220.36        2.56           42349.711             220.021         822.040           0.086
   -18.07      717.61      232.48        3.09           60852.461             232.066        1254.922           0.079
   -17.39      879.13      247.17        3.56           81938.875             246.687        1793.781           0.091
   -16.72     1051.72      267.49        3.93          104797.195             266.951        2445.394           0.118
   -16.04     1243.41      297.88        4.17          128940.297             297.281        3219.943           0.159
   -15.37     1473.69      443.21        3.33          131319.219             442.549        4136.896           0.631
   -14.69     1809.22      547.82        3.30          160491.859             547.063        5244.794           0.312
   -14.02     2182.26      559.19        3.90          216370.703             558.327        6591.817           0.030
   -13.34     2562.90      570.40        4.49          279140.938             569.439        8193.187           0.029
   -12.67     2950.36      579.58        5.09          349227.750             578.492       10053.772           0.024
   -11.99     3343.29      586.70        5.70          426652.812             585.437       12177.719           0.018
   -11.32     3740.57      593.21        6.31          510684.781             591.769       14568.341           0.016
   -10.64     4141.79      598.33        6.92          601748.625             596.688       17228.439           0.013
    -9.97     4545.97      602.81        7.54          699276.000             600.960       20160.336           0.011
    -9.29     4953.03      607.30        8.16          802740.938             605.232       23366.010           0.011
    -8.62     5363.00      611.79        8.77          912019.875             609.510       26847.406           0.011
    -7.94     5775.55      615.47        9.38         1027805.875             612.928       30606.383           0.009
    -7.27     6190.39      619.15       10.00         1149199.625             616.347       34644.582           0.009
    -6.59     6607.55      622.82       10.61         1276100.750             619.765       38963.566           0.009
    -5.92     7027.02      626.57       11.22         1408307.125             623.260       43564.887           0.009
    -5.24     7449.14      631.11       11.80         1544659.875             627.579       48450.223           0.011
    -4.57     7874.21      635.89       12.38         1685848.625             632.148       53621.465           0.011
    -3.89     8302.59      641.14       12.95         1831387.250             637.225       59080.723           0.012
    -3.22     8734.36      646.25       13.52         1982346.125             642.148       64830.262           0.012
    -2.54     9169.42      651.31       14.08         2138474.750             647.029       70872.336           0.012
    -1.87     9607.87      656.95       14.62         2298344.750             652.503       77209.195           0.013
    -1.19    10050.39      663.40       15.15         2461390.000             658.803       83843.352           0.015
    -0.52    10497.23      670.00       15.67         2629072.000             665.256       90777.656           0.015
     0.16    10948.18      675.88       16.20         2803602.250             670.982       98014.930           0.013
     0.83    11402.98      681.75       16.73         2983143.750             676.694      105557.883           0.013
     1.51    11861.68      687.71       17.25         3167369.000             682.502      113409.109           0.013
     2.18    12323.85      692.32       17.80         3360716.750             686.885      121571.109           0.010
     2.86    12788.90      696.80       18.35         3559386.750             691.131      130046.023           0.010
     3.53    13256.90      701.63       18.89         3761751.500             695.736      138835.812           0.010
     4.21    13728.08      706.57       19.43         3968636.000             700.445      147942.562           0.010
     4.88    14202.43      711.62       19.96         4179886.250             705.282      157368.406           0.011
     5.56    14681.10      719.63       20.40         4384469.000             713.101      167115.859           0.017
     6.23    15183.75      794.67       19.11         4340763.500             787.973      177194.484           0.149
     6.91    15728.62      837.05       18.79         4446738.000             830.241      187626.625           0.078
     7.58    16311.18      889.17       18.34         4538136.500             882.263      198439.234           0.089
     8.26    16909.79      897.94       18.83         4787701.000             890.913      209650.469           0.015
     8.93    17513.90      906.39       19.32         5044532.000             899.259      221267.609           0.014
     9.61    18123.72      915.09       19.81         5306776.000             907.847      233294.391           0.014
    10.28    18739.40      923.85       20.28         5575075.000             916.508      245734.750           0.014
    10.96    19360.91      932.32       20.77         5850961.500             924.870      258592.641           0.014
    11.63    19985.15      932.32       21.44         6168741.000             924.870      271870.938           0.000
    12.31    20609.39      932.32       22.11         6493211.000             924.870      285570.562          -0.000
    12.98    21233.63      932.32       22.78         6824297.500             924.870      299691.500           0.000
    13.66    21857.87      932.32       23.44         7161939.000             924.870      314233.812           0.000
    14.33    22482.11      932.32       24.11         7506072.000             924.870      329197.406          -0.000
    15.01    23106.35      932.32       24.78         7856633.000             924.870      344582.344           0.000
    15.68    23730.59      932.32       25.45         8213567.000             924.870      360388.625          -0.000
    16.36    24354.83      932.32       26.12         8576816.000             924.870      376616.250           0.000
    17.03    24979.07      932.32       26.79         8946326.000             924.870      393265.156           0.000
    17.71    25603.31      932.32       27.46         9322044.000             924.870      410335.438          -0.000
    18.38    26227.55      932.32       28.13         9703920.000             924.870      427827.031           0.000
    19.06    26851.79      932.32       28.80        10091902.000             924.870      445740.000           0.000
    19.73    27476.03      932.32       29.47        10485945.000             924.870      464074.219          -0.000
    20.41    28100.27      932.32       30.14        10886004.000             924.870      482829.812           0.000
    21.08    28724.51      932.32       30.81        11292031.000             924.870      502006.750           0.000
    21.76    29348.75      932.32       31.48        11703982.000             924.870      521604.938           0.000
    22.43    29972.99      932.32       32.15        12121818.000             924.870      541624.562           0.000
    23.11    30597.23      932.32       32.82        12545497.000             924.870      562065.500          -0.000
    23.78    31221.47      932.32       33.49        12974977.000             924.870      582927.750           0.000
    24.46    31845.71      932.32       34.16        13410218.000             924.870      604211.250           0.000
    25.13    32469.95      932.32       34.83        13851187.000             924.870      625916.188          -0.000
    25.81    33094.19      932.32       35.50        14297845.000             924.870      648042.438           0.000
    26.48    33718.43      932.32       36.17        14750151.000             924.870      670589.938           0.000
    27.16    34342.67      932.32       36.84        15208081.000             924.870      693558.812          -0.000
    27.83    34966.91      932.32       37.51        15671592.000             924.870      716949.062           0.000
    28.51    35591.15      932.32       38.17        16140651.000             924.870      740760.625           0.000
    29.18    36215.39      932.32       38.84        16615225.000             924.870      764993.500           0.000
    29.86    36839.63      932.32       39.51        17095288.000             924.870      789647.688           0.000
    30.53    37463.88      932.32       40.18        17580806.000             924.870      814723.250          -0.000
    31.21    38088.11      932.32       40.85        18071744.000             924.870      840220.188           0.000
    31.88    38712.35      932.32       41.52        18568074.000             924.870      866138.312           0.000
    32.56    39336.59      932.32       42.19        19069774.000             924.870      892477.812          -0.000
    33.23    39960.83      932.32       42.86        19576806.000             924.870      919238.688           0.000
    33.91    40585.07      932.32       43.53        20089146.000             924.870      946420.875           0.000
    34.58    41209.31      932.32       44.20        20606768.000             924.870      974024.438          -0.000
    35.26    41833.55      932.32       44.87        21129646.000             924.870     1002049.312           0.000
    35.93    42457.80      932.32       45.54        21657752.000             924.870     1030495.562           0.000
    36.61    43082.04      932.32       46.21        22191056.000             924.870     1059363.125           0.000
    37.28    43706.27      932.32       46.88        22729536.000             924.870     1088651.750           0.000
    37.96    44330.51      932.32       47.55        23273168.000             924.870     1118362.000          -0.000
    38.63    44954.75      932.32       48.22        23821930.000             924.870     1148493.500           0.000
    39.31    45579.00      932.32       48.89        24375800.000             924.870     1179046.375           0.000
    39.98    46203.23      932.32       49.56        24934744.000             924.870     1210020.500          -0.000
    40.66    46827.48      932.32       50.23        25498748.000             924.870     1241416.125           0.000
    41.33    47451.71      932.32       50.90        26067784.000             924.870     1273232.875           0.000
    42.01    48075.95      932.32       51.57        26641834.000             924.870     1305470.875           0.000
    42.68    48700.20      932.32       52.24        27220878.000             924.870     1338130.500           0.000
    43.36    49324.43      932.32       52.91        27804886.000             924.870     1371211.250           0.000
    44.03    49948.68      932.32       53.57        28393848.000             924.870     1404713.500           0.000
    44.71    50572.92      932.32       54.24        28987734.000             924.870     1438637.000           0.000
