 Elev(m)    Area(m2)     Peri(m)      Radi(m)   Conv(m3/s)    topWidth(m)    newI1(m3)    dPdA(1/m)
   -41.51        0.00        0.00         NaN                 NaN               0.000           0.000             NaN
   -40.55       15.80       26.34        0.60             449.634              26.243           7.570           1.667
   -39.59       47.54       40.29        1.18            2123.621              40.055          37.918           0.440
   -38.64       92.94       55.25        1.68            5258.302              54.882         105.223           0.330
   -37.68      152.08       68.44        2.22           10358.413              67.918         222.608           0.223
   -36.72      222.93       80.89        2.76           17528.934              80.206         402.269           0.176
   -35.76      306.70       95.97        3.20           26617.441              95.155         656.009           0.180
   -34.80      406.18      113.71        3.57           37966.738             112.745         997.541           0.178
   -33.85      521.35      129.34        4.03           52819.020             128.177        1441.908           0.136
   -32.89      652.32      146.39        4.46           70657.430             145.028        2004.194           0.130
   -31.93      799.72      165.09        4.84           91581.703             163.534        2699.843           0.127
   -30.97      965.74      184.19        5.24          116589.422             182.438        3545.647           0.115
   -30.01     1149.75      204.58        5.62          145374.328             202.652        4559.147           0.111
   -29.05     1355.49      229.59        5.90          177113.141             227.488        5759.368           0.122
   -28.10     1588.77      265.85        5.98          209285.547             263.571        7169.915           0.155
   -27.14     1916.55      379.84        5.05          225524.078             377.339        8849.263           0.348
   -26.18     2284.92      393.80        5.80          295116.188             391.022       10862.119           0.038
   -25.22     2665.34      405.75        6.57          373949.094             402.686       13233.713           0.031
   -24.26     3056.64      417.52        7.32          460982.375             414.145       15975.029           0.030
   -23.31     3456.92      424.79        8.14          559444.000             421.066       19095.572           0.018
   -22.35     3863.53      431.86        8.95          666001.625             427.771       22602.689           0.017
   -21.39     4277.08      439.95        9.72          779299.062             435.536       26502.732           0.020
   -20.43     4698.71      449.75       10.45          898204.062             445.106       30802.891           0.023
   -19.47     5130.06      459.70       11.16         1024736.062             454.842       35511.711           0.023
   -18.51     5570.11      468.74       11.88         1160239.750             463.648       40638.004           0.021
   -17.56     6018.37      477.12       12.61         1304477.000             471.762       46189.859           0.019
   -16.60     6474.20      485.49       13.34         1456299.750             479.833       52174.859           0.018
   -15.64     6937.68      493.55       14.06         1616322.625             487.602       58600.281           0.017
   -14.68     7408.39      501.08       14.78         1785102.250             494.824       65473.270           0.016
   -13.72     7885.91      508.58       15.51         1961439.750             502.020       72800.531           0.016
   -12.77     8370.76      516.81       16.20         2143443.250             509.836       80588.852           0.017
   -11.81     8862.58      524.02       16.91         2335752.750             516.496       88845.086           0.015
   -10.85     9360.30      530.69       17.64         2536974.750             522.606       97575.383           0.013
    -9.89     9865.39      541.13       18.23         2733475.250             532.525      106786.117           0.021
    -8.93    10383.10      564.51       18.39         2893938.500             555.363      116486.867           0.045
    -7.97    10932.58      587.63       18.60         3070413.500             577.727      126698.875           0.042
    -7.02    11486.94      590.21       19.46         3324535.250             579.406      137439.719           0.005
    -6.06    12042.91      592.79       20.32         3586571.500             581.084      148712.516           0.005
    -5.10    12600.49      595.37       21.16         3856397.250             582.762      160518.797           0.005
    -4.14    13159.68      597.95       22.01         4133892.250             584.440      172860.094           0.005
    -3.18    13720.48      600.53       22.85         4418945.000             586.118      185737.969           0.005
    -2.23    14282.88      603.11       23.68         4711451.500             587.795      199153.938           0.005
    -1.27    14846.89      605.66       24.51         5011483.500             589.429      213109.562           0.005
    -0.31    15412.39      608.32       25.34         5318078.500             591.176      227606.328           0.005
     0.65    15979.99      611.50       26.13         5628888.000             593.573      242645.938           0.006
     1.61    16549.88      614.68       26.92         5946831.000             595.969      258230.484           0.006
     2.57    17122.07      617.86       27.71         6271834.500             598.364      274362.219           0.006
     3.52    17698.38      630.40       28.07         6539415.500             610.361      291044.156           0.022
     4.48    18310.98      700.01       26.16         6454242.500             679.790      308295.688           0.114
     5.44    19009.96      794.74       23.92         6312633.500             774.437      326175.562           0.136
     6.40    19754.96      800.98       24.66         6695319.500             780.602      344747.250           0.008
     7.36    20502.90      800.98       25.60         7123120.000             780.602      364034.156          -0.000
     8.31    21250.85      800.98       26.53         7561452.000             780.602      384037.750           0.000
     9.27    21998.80      800.98       27.46         8010193.500             780.602      404758.000          -0.000
    10.23    22746.75      800.98       28.40         8469221.000             780.602      426194.906           0.000
    11.19    23494.70      800.98       29.33         8938426.000             780.602      448348.469           0.000
    12.15    24242.65      800.98       30.27         9417696.000             780.602      471218.719          -0.000
    13.10    24990.60      800.98       31.20         9906928.000             780.602      494805.594           0.000
    14.06    25738.55      800.98       32.13        10406019.000             780.602      519109.156           0.000
    15.02    26486.49      800.98       33.07        10914874.000             780.602      544129.375          -0.000
    15.98    27234.44      800.98       34.00        11433400.000             780.602      569866.250           0.000
    16.94    27982.39      800.98       34.94        11961509.000             780.602      596319.750           0.000
    17.90    28730.34      800.98       35.87        12499114.000             780.602      623490.000          -0.000
    18.85    29478.29      800.98       36.80        13046130.000             780.602      651376.812           0.000
    19.81    30226.24      800.98       37.74        13602479.000             780.602      679980.375           0.000
    20.77    30974.19      800.98       38.67        14168084.000             780.602      709300.562          -0.000
    21.73    31722.14      800.98       39.60        14742867.000             780.602      739337.375           0.000
    22.69    32470.09      800.98       40.54        15326758.000             780.602      770090.875           0.000
    23.64    33218.04      800.98       41.47        15919686.000             780.602      801561.062          -0.000
    24.60    33965.98      800.98       42.41        16521576.000             780.602      833747.875           0.000
    25.56    34713.93      800.98       43.34        17132374.000             780.602      866651.375          -0.000
    26.52    35461.88      800.98       44.27        17752012.000             780.602      900271.562           0.000
    27.48    36209.83      800.98       45.21        18380416.000             780.602      934608.312           0.000
    28.44    36957.78      800.98       46.14        19017540.000             780.602      969661.812          -0.000
    29.39    37705.73      800.98       47.07        19663316.000             780.602     1005432.000           0.000
    30.35    38453.68      800.98       48.01        20317690.000             780.602     1041918.750           0.000
    31.31    39201.62      800.98       48.94        20980606.000             780.602     1079122.250          -0.000
    32.27    39949.57      800.98       49.88        21652002.000             780.602     1117042.375           0.000
    33.23    40697.52      800.98       50.81        22331842.000             780.602     1155679.250           0.000
    34.18    41445.47      800.98       51.74        23020058.000             780.602     1195032.625          -0.000
    35.14    42193.42      800.98       52.68        23716600.000             780.602     1235102.625           0.000
    36.10    42941.37      800.98       53.61        24421430.000             780.602     1275889.500           0.000
    37.06    43689.32      800.98       54.54        25134486.000             780.602     1317392.875          -0.000
    38.02    44437.27      800.98       55.48        25855728.000             780.602     1359613.000           0.000
    38.98    45185.21      800.98       56.41        26585112.000             780.602     1402549.875           0.000
    39.93    45933.16      800.98       57.35        27322590.000             780.602     1446203.125          -0.000
    40.89    46681.11      800.98       58.28        28068114.000             780.602     1490573.250           0.000
    41.85    47429.06      800.98       59.21        28821648.000             780.602     1535660.000          -0.000
    42.81    48177.01      800.98       60.15        29583146.000             780.602     1581463.375           0.000
    43.77    48924.96      800.98       61.08        30352560.000             780.602     1627983.375           0.000
    44.72    49672.91      800.98       62.01        31129868.000             780.602     1675220.250          -0.000
    45.68    50420.86      800.98       62.95        31915004.000             780.602     1723173.625           0.000
    46.64    51168.80      800.98       63.88        32707952.000             780.602     1771843.500           0.000
    47.60    51916.75      800.98       64.82        33508666.000             780.602     1821230.375          -0.000
    48.56    52664.70      800.98       65.75        34317104.000             780.602     1871333.750           0.000
    49.52    53412.65      800.98       66.68        35133236.000             780.602     1922153.625           0.000
    50.47    54160.60      800.98       67.62        35957024.000             780.602     1973690.500          -0.000
    51.43    54908.55      800.98       68.55        36788428.000             780.602     2025943.750           0.000
    52.39    55656.50      800.98       69.49        37627412.000             780.602     2078913.750           0.000
    53.35    56404.45      800.98       70.42        38473952.000             780.602     2132600.250          -0.000
    54.31    57152.39      800.98       71.35        39328008.000             780.602     2187003.750           0.000
