   882.325989      -33.9012566    
   948.336304      -33.9012566    
 NaN NaN
   865.060852      -33.0095940    
   968.061829      -33.0095940    
 NaN NaN
   850.582214      -32.1179352    
   976.292297      -32.1179352    
 NaN NaN
   817.548218      -31.2262726    
   983.136169      -31.2262726    
 NaN NaN
   796.552246      -30.3346100    
   988.572144      -30.3346100    
 NaN NaN
   774.500977      -29.4429474    
   992.440735      -29.4429474    
 NaN NaN
   759.363525      -28.5512867    
   996.366455      -28.5512867    
 NaN NaN
   750.908142      -27.6596241    
   1001.17432      -27.6596241    
 NaN NaN
   743.215698      -26.7679615    
   1008.02924      -26.7679615    
 NaN NaN
   736.398987      -25.8763008    
   1033.11853      -25.8763008    
 NaN NaN
   730.131592      -24.9846382    
   1039.28015      -24.9846382    
 NaN NaN
   724.069946      -24.0929756    
   1044.17529      -24.0929756    
 NaN NaN
   717.935913      -23.2013149    
   1048.21326      -23.2013149    
 NaN NaN
   711.796143      -22.3096523    
   1051.88220      -22.3096523    
 NaN NaN
   705.827209      -21.4179916    
   1054.81335      -21.4179916    
 NaN NaN
   698.065918      -20.5263290    
   1057.74451      -20.5263290    
 NaN NaN
   685.996704      -19.6346664    
   1061.26843      -19.6346664    
 NaN NaN
   677.357544      -18.7430058    
   1066.94397      -18.7430058    
 NaN NaN
   669.219360      -17.8513432    
   1071.52124      -17.8513432    
 NaN NaN
   661.523865      -16.9596825    
   1075.38428      -16.9596825    
 NaN NaN
   652.883301      -16.0680199    
   1078.90857      -16.0680199    
 NaN NaN
   642.905884      -15.1763573    
   1081.36328      -15.1763573    
 NaN NaN
   629.142883      -14.2846956    
   1083.81812      -14.2846956    
 NaN NaN
   617.850952      -13.3930340    
   1086.27283      -13.3930340    
 NaN NaN
   610.774109      -12.5013723    
   1089.07312      -12.5013723    
 NaN NaN
   606.303833      -11.6097107    
   1092.19507      -11.6097107    
 NaN NaN
   601.730957      -10.7180481    
   1095.31714      -10.7180481    
 NaN NaN
   596.905701      -9.82638645    
   1098.34094      -9.82638645    
 NaN NaN
   592.413086      -8.93472481    
   1101.29236      -8.93472481    
 NaN NaN
   588.429138      -8.04306221    
   1104.24390      -8.04306221    
 NaN NaN
   584.301270      -7.15140057    
   1106.25977      -7.15140057    
 NaN NaN
   578.900818      -6.25973892    
   1107.32007      -6.25973892    
 NaN NaN
   571.730896      -5.36807728    
   1108.38049      -5.36807728    
 NaN NaN
   563.556152      -4.47641516    
   1109.44092      -4.47641516    
 NaN NaN
   556.969910      -3.58475327    
   1110.50122      -3.58475327    
 NaN NaN
   546.675720      -2.69309139    
   1111.56165      -2.69309139    
 NaN NaN
   474.758362      -1.80142951    
   1112.62207      -1.80142951    
 NaN NaN
   460.979706     -0.909767628    
   1113.68237     -0.909767628    
 NaN NaN
   451.578583      -1.81057453E-02
   1114.74280      -1.81057453E-02
 NaN NaN
   442.044220      0.873556137    
   1115.76465      0.873556137    
 NaN NaN
   424.579956       1.76521802    
   1116.78101       1.76521802    
 NaN NaN
   417.692047       2.65687990    
   1117.79749       2.65687990    
 NaN NaN
   413.552582       3.54854178    
   1118.81384       3.54854178    
 NaN NaN
   406.864746       4.44020367    
   1119.83032       4.44020367    
 NaN NaN
   1197.89722       4.44020367    
   1225.09082       4.44020367    
 NaN NaN
   38.9163628       5.33186531    
   77.9603500       5.33186531    
 NaN NaN
   275.970978       5.33186531    
   307.853394       5.33186531    
 NaN NaN
   313.287231       5.33186531    
   366.607574       5.33186531    
 NaN NaN
   391.590302       5.33186531    
   1120.84680       5.33186531    
 NaN NaN
   1191.33496       5.33186531    
   1239.17957       5.33186531    
 NaN NaN
   21.0328159       6.22352743    
   86.2175064       6.22352743    
 NaN NaN
   250.267014       6.22352743    
   1121.86316       6.22352743    
 NaN NaN
   1149.50232       6.22352743    
   1264.24329       6.22352743    
 NaN NaN
   15.7541780       7.11518955    
   1122.87964       7.11518955    
 NaN NaN
   1142.26843       7.11518955    
   1269.26819       7.11518955    
 NaN NaN
   12.2643585       8.00685120    
   1123.89600       8.00685120    
 NaN NaN
   1126.23364       8.00685120    
   1272.85730       8.00685120    
 NaN NaN
   8.12943459       8.89851284    
   1276.10925       8.89851284    
 NaN NaN
   0.00000000       9.79017448    
   1279.36133       9.79017448    
 NaN NaN
   0.00000000       10.6818371    
   1279.36133       10.6818371    
 NaN NaN
   0.00000000       11.5734987    
   1279.36133       11.5734987    
 NaN NaN
   0.00000000       12.4651604    
   1279.36133       12.4651604    
 NaN NaN
   0.00000000       13.3568230    
   1279.36133       13.3568230    
 NaN NaN
   0.00000000       14.2484846    
   1279.36133       14.2484846    
 NaN NaN
   0.00000000       15.1401463    
   1279.36133       15.1401463    
 NaN NaN
   0.00000000       16.0318089    
   1279.36133       16.0318089    
 NaN NaN
   0.00000000       16.9234695    
   1279.36133       16.9234695    
 NaN NaN
   0.00000000       17.8151321    
   1279.36133       17.8151321    
 NaN NaN
   0.00000000       18.7067947    
   1279.36133       18.7067947    
 NaN NaN
   0.00000000       19.5984554    
   1279.36133       19.5984554    
 NaN NaN
   0.00000000       20.4901180    
   1279.36133       20.4901180    
 NaN NaN
   0.00000000       21.3817787    
   1279.36133       21.3817787    
 NaN NaN
   0.00000000       22.2734413    
   1279.36133       22.2734413    
 NaN NaN
   0.00000000       23.1651039    
   1279.36133       23.1651039    
 NaN NaN
   0.00000000       24.0567646    
   1279.36133       24.0567646    
 NaN NaN
   0.00000000       24.9484272    
   1279.36133       24.9484272    
 NaN NaN
   0.00000000       25.8400879    
   1279.36133       25.8400879    
 NaN NaN
   0.00000000       26.7317505    
   1279.36133       26.7317505    
 NaN NaN
   0.00000000       27.6234131    
   1279.36133       27.6234131    
 NaN NaN
   0.00000000       28.5150738    
   1279.36133       28.5150738    
 NaN NaN
   0.00000000       29.4067364    
   1279.36133       29.4067364    
 NaN NaN
   0.00000000       30.2983990    
   1279.36133       30.2983990    
 NaN NaN
   0.00000000       31.1900597    
   1279.36133       31.1900597    
 NaN NaN
   0.00000000       32.0817223    
   1279.36133       32.0817223    
 NaN NaN
   0.00000000       32.9733849    
   1279.36133       32.9733849    
 NaN NaN
   0.00000000       33.8650475    
   1279.36133       33.8650475    
 NaN NaN
   0.00000000       34.7567062    
   1279.36133       34.7567062    
 NaN NaN
   0.00000000       35.6483688    
   1279.36133       35.6483688    
 NaN NaN
   0.00000000       36.5400314    
   1279.36133       36.5400314    
 NaN NaN
   0.00000000       37.4316940    
   1279.36133       37.4316940    
 NaN NaN
   0.00000000       38.3233566    
   1279.36133       38.3233566    
 NaN NaN
   0.00000000       39.2150154    
   1279.36133       39.2150154    
 NaN NaN
   0.00000000       40.1066780    
   1279.36133       40.1066780    
 NaN NaN
   0.00000000       40.9983406    
   1279.36133       40.9983406    
 NaN NaN
   0.00000000       41.8900032    
   1279.36133       41.8900032    
 NaN NaN
   0.00000000       42.7816658    
   1279.36133       42.7816658    
 NaN NaN
   0.00000000       43.6733246    
   1279.36133       43.6733246    
 NaN NaN
   0.00000000       44.5649872    
   1279.36133       44.5649872    
 NaN NaN
   0.00000000       45.4566498    
   1279.36133       45.4566498    
 NaN NaN
   0.00000000       46.3483124    
   1279.36133       46.3483124    
 NaN NaN
   0.00000000       47.2399750    
   1279.36133       47.2399750    
 NaN NaN
   0.00000000       48.1316376    
   1279.36133       48.1316376    
 NaN NaN
   0.00000000       49.0232964    
   1279.36133       49.0232964    
 NaN NaN
   0.00000000       49.9149590    
   1279.36133       49.9149590    
 NaN NaN
   0.00000000       50.8066216    
   1279.36133       50.8066216    
 NaN NaN
   0.00000000       51.6982841    
   1279.36133       51.6982841    
 NaN NaN
   0.00000000       52.5899467    
   1279.36133       52.5899467    
 NaN NaN
   0.00000000       53.4816055    
   1279.36133       53.4816055    
 NaN NaN
   0.00000000       54.3732681    
   1279.36133       54.3732681    
 NaN NaN
