	RS=166.73* 
0	10.37234363
7.296912163	10.54607953
14.59077567	8.723376256
21.88768726	7.516367953
29.1846	7.275576256
36.47846409	7.3152
43.77537451	7.360919884
51.06924093	7.498080116
58.3631027	7.638287837
65.66001544	7.668767953
72.95692819	7.677912163
72.95997451	7.677912163
80.2507946	7.677912163
87.54770735	7.61695193
94.84462009	7.452360233
102.1415235	7.269480116
109.4353946	7.263383977
109.4414873	7.263383977
116.7323073	7.327392279
124.0292201	7.3152
131.3230819	7.23595193
138.6199946	7.266432047
145.9077637	7.284719884
145.9138564	7.284719884
153.2077181	7.098792279
154.5153127	7.0866
160.5046402	7.028687837
167.8015529	6.897623744
175.0954147	6.733032047
182.3892765	6.568439767
182.3923274	6.568439767
189.6892402	6.541007721
196.4314147	6.452616023
196.983102	6.443471814
204.2800147	6.364223744
211.5769274	6.47395193
218.8707892	6.534912163
226.167702	6.620255791
233.4615637	6.870192279
240.7584765	7.220712163
248.0523382	7.239
255.349251	6.373367953
263.6916255	5.266944209
264.7675598	5.044439767
272.034	3.389375965
274.1828363	3.005327895
280.3702726	2.185416023
283.6011637	1.883663948
288.7126471	1.216152003
293.0194726	0.646175965
297.0550402	0.161543991
302.434749	-0.478536016
305.3943637	-0.673608012
311.8530765	-1.167383977
313.7367196	-1.280159942
321.2714039	-1.697736052
322.0790941	-1.761744064
330.4215059	-2.310383977
330.6896941	-2.328671959
338.7577784	-2.801111872
340.1049706	-2.871216023
347.1001529	-3.115056081
349.523298	-3.20649614
355.4425274	-3.42290386
358.9416255	-3.547872105
363.781851	-3.819143919
368.356902	-4.062983977
372.1242255	-4.373880116
377.7752294	-4.837175965
380.4666	-5.093207721
387.1935196	-5.696712163
388.8059235	-5.833871814
396.6087961	-6.449567953
397.1452471	-6.495287837
405.4876216	-7.15975193
406.0271235	-7.202423744
413.8299961	-7.827264093
415.445451	-7.958328186
422.1693196	-8.250935907
424.8607274	-8.372855791
430.5116941	-8.46124807
434.2760039	-8.53744807
438.8541059	-8.60755193
443.6942941	-8.68984807
447.1934294	-8.753855791
453.1126216	-8.891016023
455.5327529	-8.951976256
462.527898	-9.116567953
463.8751274	-9.153144209
471.9462255	-9.339071814
472.217502	-9.348216023
480.5568255	-9.665207721
481.3645529	-9.698735907
488.8992	-10.12545637
490.7798294	-10.23518456
497.2385235	-10.55827181
500.1981196	-10.71372047
505.5778471	-11.34160772
509.6164471	-11.77137567
513.9202216	-12.17980772
519.0317235	-12.65529614
522.2625961	-12.80769614
528.450051	-13.08811158
530.6049706	-13.17040772
537.8683784	-13.45996795
538.9442941	-13.51787953
547.2836549	-14.00251158
555.6260294	-14.51762433
556.7019451	-14.58772819
563.9653529	-15.03273591
566.1202726	-15.15770386
572.3077274	-15.44726409
575.5386	-15.59661544
580.650102	-15.97761544
584.9538765	-16.30375251
588.9924765	-16.62074363
594.3722039	-17.05965637
597.3318	-17.24558456
603.7904941	-17.70887953
605.6741745	-17.79727181
613.2057706	-18.12036023
614.013498	-18.15693591
622.3528216	-18.48916795
622.624098	-18.50136023
630.6951961	-18.8214
632.0423883	-18.88236023
639.0376078	-19.17496795
641.457702	-19.2786
647.3768941	-19.46147953
650.8759922	-19.60168726
655.7193059	-19.80285637
660.2943568	-20.00097684
664.0585922	-20.18995135
669.7095961	-20.41550502
672.4010039	-20.54047181
679.1249098	-20.80869498
680.7402902	-20.92452047
688.5432	-21.48230502
689.082702	-21.52192819
697.4250393	-22.14981544
697.9614902	-22.19553591
705.7644	-22.66797684
707.3768039	-22.77465637
714.1068117	-23.19223088
716.7950941	-23.33548726
722.446098	-23.71648726
726.2134588	-24.01824093
730.7885098	-24.39009498
735.628698	-24.75585637
739.1277961	-25.01188726
745.0469883	-25.37764865
747.4702078	-25.50871274
754.4653529	-25.88056912
755.8125451	-25.95676912
763.8836432	-26.40482316
764.1519059	-26.42006409
772.4942432	-26.90469498
773.2989568	-26.95651274
780.8336039	-27.44724093
782.7172471	-27.56306409
789.1759412	-28.00197684
792.1356117	-28.22752819
797.515302	-28.70606409
801.550851	-29.06267953
805.8576393	-29.47111274
810.9691412	-29.91002316
814.200051	-30.09595135
820.3875059	-30.49524093
822.5394117	-30.66592819
829.8057961	-31.21152047
830.878698	-31.27552819
839.2211098	-31.67176912
848.1273568	-31.19932819
849.0630393	-31.10179228
857.0336039	-29.98622316
858.9050432	-29.70885637
865.9368	-28.63595907
868.750098	-28.27934363
874.8399961	-27.64840772
878.592102	-26.74010502
883.7462432	-25.527
888.4310549	-24.18283088
892.6524902	-23.02459228
898.2761098	-21.37257684
901.5557607	-20.38502316
908.1180393	-18.66290386
910.4620078	-18.04416023
917.9630941	-16.73961544
919.3682549	-16.51101544
927.805098	-15.23390386
928.271451	-15.15770386
937.177698	-13.1064
937.647102	-13.02715251
946.0839451	-11.26540772
947.4921568	-10.96670386
954.9871412	-9.348216023
957.3311098	-8.6106
963.8933883	-6.726935907
967.1730393	-5.510783977
972.7997098	-3.398519884
977.0180941	-2.06044807
981.7059568	-0.469391988
986.860098	0.701039985
990.6091529	1.441704006
996.702102	2.691383977
999.512349	3.246119884
1006.547157	4.398264093
1008.418596	4.748783977
1016.38611	5.995416023
1017.321792	6.117335907
1026.228039	6.833616023
1031.729694	7.065264093
1033.741404	7.147560233
1036.054788	7.190232047
1041.257745	7.123176256
1045.878561	7.037832047
1048.77111	6.961632047
1055.70531	6.800087837
1056.2844	6.803135907
1062.240204	6.790944209
1063.794639	6.78789614
1065.532059	6.760464093
1071.308004	6.531864093
1075.355757	6.352032047
1078.824345	6.105144209
1085.179455	5.815583977
1086.33771	5.766816023
1093.851	5.522976256
1095.006204	5.48335193
1101.36429	5.349239767
1104.832953	5.300471814
1108.877655	5.349239767
1114.6536	5.49249614
1116.390945	5.56869614
1123.90431	5.782055791
1124.480349	5.79424807
1131.4176	5.998464093
1134.307098	6.24230386
1138.93089	6.955535907
1144.133847	7.863839767
1146.444255	8.37895193
1153.957545	9.933432047
	
