 Elev(m)    dbdxp(-)    dbdxc(-)      I2p     I2c
  -28.3500004       0.00000000       0.00000000       0.00000000       0.00000000    
  -27.5599995      -4.04248685E-02  -2.36878432E-02  -6.30730484E-03  -3.69590428E-03
  -26.7700005      -6.62560090E-02  -4.26967740E-02  -3.55668068E-02  -2.14453787E-02
  -25.9799995      -6.36154935E-02  -5.28773591E-02 -0.101734512      -6.44645467E-02
  -25.1900005      -7.00911507E-02  -5.69464378E-02 -0.209026873     -0.139530852    
  -24.3999996      -6.99918494E-02  -5.01149148E-02 -0.359037578     -0.248436898    
  -23.6100006      -8.44812542E-02  -5.49896508E-02 -0.555006087     -0.390445888    
  -22.8199997     -0.123026237      -6.50137216E-02 -0.807453156     -0.567577720    
  -22.0300007      -5.64391129E-02 -0.156050429      -1.12027717     -0.797924280    
  -21.2399998      -4.09309901E-02  -5.42672239E-02  -1.47629511      -1.09557784    
  -20.4500008      -4.13500182E-02  -1.49440030E-02  -1.86034238      -1.43684411    
  -19.6599998      -6.31934106E-02  -1.82306860E-03  -2.27353978      -1.79152608    
  -18.8700008      -9.25924331E-02   9.66897421E-03  -2.72735429      -2.14759898    
  -18.0799999      -9.46429074E-02  -2.42315661E-02  -3.23468971      -2.50472093    
  -17.2900009      -8.82550552E-02  -5.25896885E-02  -3.79977417      -2.87610006    
  -16.5000000      -8.37818906E-02  -5.29848374E-02  -4.42023849      -3.27593851    
  -15.7100000      -9.55336392E-02  -3.36070098E-02  -5.09552240      -3.70575905    
  -14.9200001     -0.136687756      -2.77008563E-02  -5.83501577      -4.15865612    
  -14.1300001     -0.188895687      -3.45996544E-02  -6.66154146      -4.63083887    
  -13.3400002     -0.191994846      -4.43483889E-02  -7.59829426      -5.12506008    
  -12.5500002     -0.190443501      -7.54874200E-02  -8.65414619      -5.65029621    
  -11.7600002     -0.206030443      -7.27703199E-02  -9.83152771      -6.21736193    
  -10.9700003     -0.190818354      -6.17829673E-02  -11.1326876      -6.82855368    
  -10.1800003     -0.138471097      -8.19785669E-02  -12.5471430      -7.48316908    
  -9.39000034      -9.62129682E-02  -9.64476168E-02  -14.0495930      -8.18805408    
  -8.60000038      -7.60283992E-02  -9.26913917E-02  -15.6155329      -8.95028877    
  -7.80999994      -7.57540688E-02  -7.34286681E-02  -17.2320309      -9.76795292    
  -7.01999998      -7.63899684E-02  -5.58962151E-02  -18.8959465      -10.6317129    
  -6.23000002      -6.93911240E-02  -5.13381734E-02  -20.6063461      -11.5323830    
  -5.44000006      -5.79915941E-02  -5.03885560E-02  -22.3593674      -12.4656553    
  -4.65000010      -5.61764501E-02  -3.85313481E-02  -24.1500759      -13.4286747    
  -3.85999990      -5.70445359E-02  -2.26029195E-02  -25.9762630      -14.4151058    
  -3.06999993      -5.42403907E-02  -1.86981093E-02  -27.8374786      -15.4175186    
  -2.27999997      -5.15100956E-02  -3.35562006E-02  -29.7325573      -16.4345284    
  -1.49000001      -3.59442234E-02  -6.69889227E-02  -31.6577816      -17.4753799    
 -0.699999988      -3.21916454E-02  -8.91272724E-02  -33.6072807      -18.5562763    
   9.00000036E-02  -5.24931923E-02  -9.97142568E-02  -35.5806236      -19.6909962    
  0.879999995      -9.24889445E-02 -0.105041720      -37.5898018      -20.8871250    
   1.66999996     -0.124479122     -0.123234302      -39.6554527      -22.1508179    
   2.46000004     -0.130111828     -0.132735580      -41.7946777      -23.4900665    
   3.25000000     -0.141183272     -0.139654279      -44.0159569      -24.9117527    
   4.03999996     -0.156063616     -0.146587342      -46.3259392      -26.4205990    
   4.82999992     -0.207532361     -0.153722078      -48.7390327      -28.0209618    
   5.61000013     -0.269713908     -0.163015395      -51.2520523      -29.6967487    
   6.40000010     -0.439057797     -0.219247773      -53.9813843      -31.5024490    
   7.19000006     -0.396495789     -0.551661193      -56.9516716      -33.4880714    
   7.98000002     -0.279209495     -0.341336310      -60.1577530      -35.7333069    
   8.77000046     -0.218156561     -0.225565821      -63.5468674      -38.2063255    
   9.56000042     -0.192306787     -0.220639303      -67.0776215      -40.8374100    
   10.3500004     -0.194884658     -0.212032899      -70.7328262      -43.6056213    
   11.1400003     -0.157934099     -0.207346261      -74.5034943      -46.5067787    
   11.9300003     -0.157934099     -0.169676885      -78.3785019      -49.5321922    
   12.7200003     -0.157934099     -0.157943740      -82.3520660      -52.6675453    
   13.5100002     -0.157934099     -0.157943740      -86.4242020      -55.9033051    
   14.3000002     -0.157934099     -0.157943740      -90.5949020      -59.2376366    
   15.0900002     -0.157934099     -0.157943740      -94.8641663      -62.6705399    
   15.8800001     -0.157934099     -0.157943740      -99.2320023      -66.2020187    
   16.6700001     -0.157934099     -0.157943740      -103.698402      -69.8320694    
   17.4599991     -0.157934099     -0.157943740      -108.263367      -73.5606842    
   18.2500000     -0.157934099     -0.157943740      -112.926910      -77.3878860    
   19.0400009     -0.157934099     -0.157943740      -117.689018      -81.3136597    
   19.8299999     -0.157934099     -0.157943740      -122.549675      -85.3379974    
   20.6200008     -0.157934099     -0.157943740      -127.508919      -89.4609146    
   21.4099998     -0.157934099     -0.157943740      -132.566711      -93.6823959    
   22.2000008     -0.157934099     -0.157943740      -137.723083      -98.0024643    
   22.9899998     -0.157934099     -0.157943740      -142.978012      -102.421089    
   23.7800007     -0.157934099     -0.157943740      -148.331528      -106.938301    
   24.5699997     -0.157934099     -0.157943740      -153.783585      -111.554070    
   25.3600006     -0.157934099     -0.157943740      -159.334229      -116.268433    
   26.1499996     -0.157934099     -0.157943740      -164.983429      -121.081345    
   26.9400005     -0.157934099     -0.157943740      -170.731201      -125.992851    
   27.7299995     -0.157934099     -0.157943740      -176.577530      -131.002914    
   28.5200005     -0.157934099     -0.157943740      -182.522446      -136.111557    
   29.3099995     -0.157934099     -0.157943740      -188.565903      -141.318771    
   30.1000004     -0.157934099     -0.157943740      -194.707947      -146.624557    
   30.8899994     -0.157934099     -0.157943740      -200.948547      -152.028915    
   31.6800003     -0.157934099     -0.157943740      -207.287720      -157.531860    
   32.4700012     -0.157934099     -0.157943740      -213.725464      -163.133377    
   33.2599983     -0.157934099     -0.157943740      -220.261749      -168.833435    
   34.0499992     -0.157934099     -0.157943740      -226.896622      -174.632080    
   34.8400002     -0.157934099     -0.157943740      -233.630066      -180.529312    
   35.6300011     -0.157934099     -0.157943740      -240.462082      -186.525116    
   36.4199982     -0.157934099     -0.157943740      -247.392624      -192.619476    
   37.2099991     -0.157934099     -0.157943740      -254.421783      -198.812424    
   38.0000000     -0.157934099     -0.157943740      -261.549500      -205.103943    
   38.7900009     -0.157934099     -0.157943740      -268.775757      -211.494034    
   39.5800018     -0.157934099     -0.157943740      -276.100616      -217.982712    
   40.3699989     -0.157934099     -0.157943740      -283.523987      -224.569916    
   41.1599998     -0.157934099     -0.157943740      -291.045990      -231.255737    
   41.9500008     -0.157934099     -0.157943740      -298.666534      -238.040115    
   42.7400017     -0.157934099     -0.157943740      -306.385651      -244.923080    
   43.5299988     -0.157934099     -0.157943740      -314.203278      -251.904587    
   44.3100014     -0.157934099     -0.157943740      -322.019958      -258.895691    
   45.0999985     -0.157934099     -0.157943740      -330.034729      -266.074341    
   45.8899994     -0.157934099     -0.157943740      -338.148132      -273.351593    
   46.6800003     -0.157934099     -0.157943740      -346.360077      -280.727417    
   47.4700012     -0.157934099     -0.157943740      -354.670593      -288.201813    
   48.2599983     -0.157934099     -0.157943740      -363.079620      -295.774750    
   49.0499992     -0.157934099     -0.157943740      -371.587280      -303.446320    
   49.8400002     -0.157934099     -0.157943740      -380.193481      -311.216431    
   50.6300011     -0.157934099     -0.157943740      -388.898285      -319.085114    
