 Elev(m)    dbdxp(-)    dbdxc(-)      I2p     I2c
  -34.3199997       0.00000000       0.00000000       0.00000000       0.00000000    
  -33.5299988       1.50643828E-04   1.04080909E-03   2.35042571E-05   1.62392607E-04
  -32.7400017       3.35209165E-03   2.74300692E-03   6.17028098E-04   1.07754755E-03
  -31.9500008       8.25807732E-03   4.96286666E-03   3.56854848E-03   3.78538691E-03
  -31.1599998       1.14577906E-02   1.61987152E-02   1.14077255E-02   1.09972814E-02
  -30.3700008       2.19906550E-02   1.76517200E-02   2.75418572E-02   2.67924201E-02
  -29.5799999       2.63030101E-02   2.35869065E-02   5.64298555E-02   5.43033816E-02
  -28.7800007       3.07344757E-02   3.10459174E-02  0.102213159       9.72023383E-02
  -27.9899998       2.92070974E-02   2.82790791E-02  0.165787190      0.157451987    
  -27.2000008       3.13784257E-02   3.15229036E-02  0.248166338      0.236288294    
  -26.4099998       2.63096541E-02   3.27067412E-02  0.348999321      0.334476858    
  -25.6200008       1.31927961E-02   2.84136944E-02  0.464996248      0.452222943    
  -24.8299999      -4.31030653E-02   1.94522571E-02  0.582490027      0.586973965    
  -24.0400009      -6.39898330E-02   1.59073528E-02  0.678607643      0.734709918    
  -23.2500000      -5.14316298E-02  -2.27498300E-02  0.740007579      0.886895597    
  -22.4599991       1.17760887E-02  -9.87253860E-02  0.777211607       1.01906049    
  -21.6700001       2.81785242E-02 -0.103894800      0.814462185       1.10065794    
  -20.8799992       1.48100285E-02   8.03325102E-02  0.864654064       1.14696550    
  -20.0900002       8.03824887E-02   8.86486173E-02  0.936405599       1.21596205    
  -19.2900009      -3.69687341E-02  0.105076544       1.03087950       1.34275687    
  -18.5000000      -6.19525798E-02   6.47759661E-02   1.11559665       1.52507222    
  -17.7099991      -3.54520567E-02   2.64222044E-02   1.16968191       1.74811804    
  -16.9200001      -1.31011857E-02   1.63766071E-02   1.20099401       1.99207020    
  -16.1299992       2.87022777E-02   1.55888880E-02   1.22716486       2.24768806    
  -15.3400002       6.21888787E-02   4.98927990E-03   1.26995122       2.51150346    
  -14.5500002       7.81672820E-02   2.90023535E-02   1.34881783       2.78383350    
  -13.7600002       9.99714956E-02   6.02814369E-02   1.47737777       3.07539749    
  -12.9700003      0.119605638       6.27661273E-02   1.66799152       3.40009069    
  -12.1800003      0.129124969       8.23099986E-02   1.93167293       3.76661777    
  -11.3900003      0.133045346      0.112041391       2.27506781       4.18610430    
  -10.6000004      0.132522270      0.118402831       2.70080304       4.67186928    
  -9.80000019      0.129261225      0.120688751       3.21473193       5.23749828    
  -9.01000023      0.123415850      0.119807079       3.80301619       5.87135077    
  -8.22000027      0.120104820      0.117882587       4.46871948       6.57981205    
  -7.42999983      0.119907051      0.116092332       5.20986652       7.36186504    
  -6.63999987      0.119868599      0.114258945       6.02587223       8.21636486    
  -5.84999990      0.119266108      0.112467013       6.91659975       9.14217949    
  -5.05999994      0.116469137      0.110339403       7.88141918       10.1381330    
  -4.26999998      0.117684484      0.108127534       8.91955280       11.2029362    
  -3.48000002      0.120915607      0.105960302       10.0314484       12.3352289    
  -2.69000006      0.124262914      0.103749104       11.2188253       13.5336447    
  -1.89999998      0.126470432      0.102718823       12.4835777       14.7969942    
  -1.11000001      0.127294600      0.106218755       13.8270435       16.1251583    
 -0.310000002      0.128112748      0.111093521       15.2674608       17.5370522    
  0.479999989      0.128935397      0.116397418       16.7703266       19.0011215    
   1.26999998      0.133802474      0.303279191       18.3542919       20.5661659    
   2.05999994      0.184014410      0.313008815       20.0288391       22.2928467    
   2.84999990      0.293759167      0.206634939       21.8275185       24.1967602    
   3.64000010      0.293087810      0.197896466       23.7923050       26.2448711    
   4.42999983      0.208293796      0.200967595       25.9268818       28.4183292    
   5.21999979      0.189884692      0.178257301       28.2018127       30.7131901    
   6.01000023      0.185025305      0.185022458       30.5973663       33.1239014    
   6.80000019      0.185025305      0.185022458       33.1091537       35.6490288    
   7.59000015      0.185025305      0.185022458       35.7364120       38.2896271    
   8.38000011      0.185025305      0.185022458       38.4791451       41.0457001    
   9.18000031      0.185025305      0.185022458       41.3728065       43.9528656    
   9.97000027      0.185025305      0.185022458       44.3464890       46.9398804    
   10.7600002      0.185025305      0.185022458       47.4356461       50.0423737    
   11.5500002      0.185025305      0.185022458       50.6402779       53.2603340    
   12.3400002      0.185025305      0.185022458       53.9603844       56.5937691    
   13.1300001      0.185025305      0.185022458       57.3959656       60.0426788    
   13.9200001      0.185025305      0.185022458       60.9470215       63.6070595    
   14.7100000      0.185025305      0.185022458       64.6135483       67.2869110    
   15.5000000      0.185025305      0.185022458       68.3955536       71.0822372    
   16.2900009      0.185025305      0.185022458       72.2930374       74.9930420    
   17.0799999      0.185025305      0.185022458       76.3059845       79.0193100    
   17.8700008      0.185025305      0.185022458       80.4344177       83.1610565    
   18.6700001      0.185025305      0.185022458       84.7313080       87.4714279    
   19.4599991      0.185025305      0.185022458       89.0906754       91.8441162    
   20.2500000      0.185025305      0.185022458       93.5655289       96.3322830    
   21.0400009      0.185025305      0.185022458       98.1558609       100.935921    
   21.8299999      0.185025305      0.185022458       102.861656       105.655022    
   22.6200008      0.185025305      0.185022458       107.682938       110.489609    
   23.4099998      0.185025305      0.185022458       112.619675       115.439659    
   24.2000008      0.185025305      0.185022458       117.671906       120.505188    
   24.9899998      0.185025305      0.185022458       122.839600       125.686180    
   25.7800007      0.185025305      0.185022458       128.122772       130.982651    
   26.5699997      0.185025305      0.185022458       133.521408       136.394592    
   27.3600006      0.185025305      0.185022458       139.035538       141.922012    
   28.1599998      0.185025305      0.185022458       144.735657       147.635590    
   28.9500008      0.185025305      0.185022458       150.480743       153.393967    
   29.7399998      0.185025305      0.185022458       156.341278       159.267792    
   30.5300007      0.185025305      0.185022458       162.317291       165.257111    
   31.3199997      0.185025305      0.185022458       168.408783       171.361877    
   32.1100006      0.185025305      0.185022458       174.615753       177.582138    
   32.9000015      0.185025305      0.185022458       180.938202       183.917862    
   33.6899986      0.185025305      0.185022458       187.376099       190.369049    
   34.4799995      0.185025305      0.185022458       193.929504       196.935715    
   35.2700005      0.185025305      0.185022458       200.598373       203.617874    
   36.0600014      0.185025305      0.185022458       207.382721       210.415497    
   36.8499985      0.185025305      0.185022458       214.282501       217.328552    
   37.6500015      0.185025305      0.185022458       221.385895       224.445374    
   38.4399986      0.185025305      0.185022458       228.516632       231.589386    
   39.2299995      0.185025305      0.185022458       235.762878       238.848907    
   40.0200005      0.185025305      0.185022458       243.124588       246.223892    
   40.8100014      0.185025305      0.185022458       250.601791       253.714355    
   41.5999985      0.185025305      0.185022458       258.194427       261.320251    
   42.3899994      0.185025305      0.185022458       265.902557       269.041656    
   43.1800003      0.185025305      0.185022458       273.726196       276.878540    
   43.9700012      0.185025305      0.185022458       281.665283       284.830872    
   44.7599983      0.185025305      0.185022458       289.719788       292.898651    
