 Elev(m)    dbdxp(-)    dbdxc(-)      I2p     I2c
  -23.1599998       0.00000000       0.00000000       0.00000000       0.00000000    
  -22.4099998      -2.03723507E-03  -1.34461932E-02  -2.86486174E-04  -1.89087098E-03
  -21.6599998      -1.25247184E-02  -1.97006408E-02  -2.90723331E-03  -1.03338864E-02
  -20.9200001      -7.76746962E-03  -2.63716187E-02  -1.03670955E-02  -2.97423583E-02
  -20.1700001      -7.73046911E-03  -2.20449828E-02  -2.29221936E-02  -6.26130551E-02
  -19.4200001      -9.29619186E-03   2.41106953E-02  -4.00510617E-02 -0.102001846    
  -18.6700001       8.90497193E-02  -4.10347320E-02  -4.83589657E-02 -0.143480092    
  -17.9200001       7.02522323E-02  -3.40017602E-02  -2.30496917E-02 -0.197890282    
  -17.1700001       5.96411377E-02  -5.43013252E-02   4.29276712E-02 -0.275270104    
  -16.4200001       4.25779931E-02  -6.37566224E-02  0.141545862     -0.381669432    
  -15.6700001       7.23650865E-03  -5.71764857E-02  0.261543781     -0.521676898    
  -14.9300003      -2.49911509E-02  -6.28725216E-02  0.384356707     -0.693478882    
  -14.1800003      -4.11064662E-02  -7.17003196E-02  0.497071296     -0.903180659    
  -13.4300003      -5.32234907E-02  -7.84264654E-02  0.587225795      -1.15291834    
  -12.6800003      -5.10223657E-02  -8.94061103E-02  0.649455547      -1.44736898    
  -11.9300003      -5.17270565E-02  -9.38941464E-02  0.682576597      -1.79119778    
  -11.1800003      -6.38721585E-02  -9.91763249E-02  0.684992373      -2.18795371    
  -10.4300003     -0.100911058      -9.12050828E-02  0.647979319      -2.63863230    
  -9.68000031     -0.127648413      -9.42523181E-02  0.555652499      -3.14216352    
  -8.93999958     -0.123656757     -0.121560603      0.397504181      -3.69506240    
  -8.18999958     -0.157102078     -0.139670476      0.162874892      -4.32210636    
  -7.44000006     -0.187178060     -0.153032571     -0.159650326      -5.02704716    
  -6.69000006     -0.212627932     -0.163232267     -0.586812854      -5.81762409    
  -5.94000006     -0.235848695     -0.162060991      -1.13326514      -6.69842052    
  -5.19000006     -0.246506512     -0.157482266      -1.81061554      -7.66989708    
  -4.44000006     -0.244336590     -0.165442020      -2.62482214      -8.73171997    
  -3.69000006     -0.263128012     -0.161127403      -3.57941556      -9.88487911    
  -2.94000006     -0.268529981     -0.164364472      -4.68013573      -11.1297331    
  -2.20000005     -0.280665308     -0.168779045      -5.91717768      -12.4499998    
  -1.45000005     -0.294192344     -0.168286607      -7.32796288      -13.8817234    
 -0.699999988     -0.302664369     -0.169201732      -8.90352058      -15.4083061    
   5.00000007E-02 -0.307643205     -0.178619847      -10.6488352      -17.0312595    
  0.800000012     -0.311696678     -0.192536831      -12.5670691      -18.7553215    
   1.54999995     -0.324657142     -0.193062678      -14.6618853      -20.5858002    
   2.29999995     -0.328504622     -0.201286286      -16.9380398      -22.5259590    
   3.04999995     -0.338180512     -0.200188801      -19.3997974      -24.5780315    
   3.78999996     -0.340425879     -0.204915255      -22.0166626      -26.7154160    
   4.53999996     -0.367816210     -0.224787265      -24.8626270      -28.9983082    
   5.28999996     -0.421873182     -0.279459804      -27.9192390      -31.4125366    
   6.03999996     -0.661038756     -0.291754425      -31.2391853      -33.9780045    
   6.78999996      -1.13849759     -0.431494176      -34.9644737      -36.7255020    
   7.53999996      -1.23757482     -0.939073443      -39.2769585      -39.7674446    
   8.28999996     -0.666138113      -1.77162337      -44.1912918      -43.3833160    
   9.03999996     -0.374741226      -2.22486997      -49.5197029      -47.9423828    
   9.77999973     -0.319960892      -2.11586523      -55.0191841      -53.6055946    
   10.5299997     -0.103472427      -1.51636422      -60.7489014      -60.4582825    
   11.2799997       7.87199140E-02 -0.616541564      -66.5416412      -68.1216965    
   12.0299997      0.151641771       8.72807354E-02  -72.3054733      -76.1594772    
   12.7799997      0.144363075      0.420878619      -77.9952850      -84.2002182    
   13.5299997      0.163382217      0.562848628      -83.6001892      -92.0311661    
   14.2799997      0.200517863      0.546457529      -89.1106491      -99.5677872    
   15.0299997      0.200517863      0.566646338      -94.5135345      -106.791878    
   15.7700005      0.200517863      0.588567913      -99.7323532      -113.602760    
   16.5200005      0.200517863      0.627730131      -104.909653      -120.174370    
   17.2700005      0.200517863      0.627730131      -109.974167      -126.398399    
   18.0200005      0.200517863      0.627730131      -114.925888      -132.269318    
   18.7700005      0.200517863      0.627730131      -119.764824      -137.787155    
   19.5200005      0.200517863      0.627730131      -124.490959      -142.951874    
   20.2700005      0.200517863      0.627730131      -129.104309      -147.763504    
   21.0200005      0.200517863      0.627730131      -133.604874      -152.222046    
   21.7600002      0.200517863      0.627730131      -137.933380      -156.270386    
   22.5100002      0.200517863      0.627730131      -142.208359      -160.022720    
   23.2600002      0.200517863      0.627730131      -146.370529      -163.421951    
   24.0100002      0.200517863      0.627730131      -150.419922      -166.468094    
   24.7600002      0.200517863      0.627730131      -154.356522      -169.161133    
   25.5100002      0.200517863      0.627730131      -158.180344      -171.501083    
   26.2600002      0.200517863      0.627730131      -161.891357      -173.487930    
   27.0100002      0.200517863      0.627730131      -165.489578      -175.121674    
   27.7500000      0.200517863      0.627730131      -168.927795      -176.382889    
   28.5000000      0.200517863      0.627730131      -172.300446      -177.310440    
   29.2500000      0.200517863      0.627730131      -175.560287      -177.884888    
   30.0000000      0.200517863      0.627730131      -178.707352      -178.106247    
   30.7500000      0.200517863      0.627730131      -181.741623      -177.974503    
   31.5000000      0.200517863      0.627730131      -184.663101      -177.489655    
   32.2500000      0.200517863      0.627730131      -187.471786      -176.651718    
   33.0000000      0.200517863      0.627730131      -190.167694      -175.460678    
   33.7400017      0.200517863      0.627730131      -192.715607      -173.934784    
   34.4900017      0.200517863      0.627730131      -195.185913      -172.037537    
   35.2400017      0.200517863      0.627730131      -197.543442      -169.787201    
   35.9900017      0.200517863      0.627730131      -199.788177      -167.183777    
   36.7400017      0.200517863      0.627730131      -201.920120      -164.227249    
   37.4900017      0.200517863      0.627730131      -203.939255      -160.917618    
   38.2400017      0.200517863      0.627730131      -205.845612      -157.254898    
   38.9900017      0.200517863      0.627730131      -207.639191      -153.239075    
   39.7400017      0.200517863      0.627730131      -209.319962      -148.870148    
   40.4799995      0.200517863      0.627730131      -210.866287      -144.208740    
   41.2299995      0.200517863      0.627730131      -212.321472      -139.133621    
   41.9799995      0.200517863      0.627730131      -213.663879      -133.705414    
   42.7299995      0.200517863      0.627730131      -214.893478      -127.924095    
   43.4799995      0.200517863      0.627730131      -216.010300      -121.789680    
   44.2299995      0.200517863      0.627730131      -217.014328      -115.302170    
   44.9799995      0.200517863      0.627730131      -217.905563      -108.461555    
   45.7299995      0.200517863      0.627730131      -218.684006      -101.267853    
   46.4700012      0.200517863      0.627730131      -219.340042      -93.8192978    
   47.2200012      0.200517863      0.627730131      -219.892899      -85.9193954    
   47.9700012      0.200517863      0.627730131      -220.332962      -77.6663895    
   48.7200012      0.200517863      0.627730131      -220.660248      -69.0602875    
   49.4700012      0.200517863      0.627730131      -220.874741      -60.1010933    
   50.2200012      0.200517863      0.627730131      -220.976440      -50.7887955    
   50.9700012      0.200517863      0.627730131      -220.965332      -41.1233978    
   51.7200012      0.200517863      0.627730131      -220.841446      -31.1049061    
