 Elev(m)    Area(m2)     Peri(m)      Radi(m)   Conv(m3/s)    topWidth(m)    newI1(m3)    dPdA(1/m)
   -24.06        0.00        0.00         NaN                 NaN               0.000           0.000             NaN
   -23.44       20.54       68.82        0.30             366.798              68.800           6.423           3.351
   -22.81       99.84      198.55        0.50            2525.362             198.490          44.075           1.636
   -22.19      235.40      234.14        1.01            9449.571             234.061         148.932           0.263
   -21.56      400.01      308.23        1.30           19037.094             308.114         347.679           0.450
   -20.94      620.28      375.37        1.65           34678.430             375.237         666.810           0.305
   -20.31      862.41      397.74        2.17           57790.219             397.564        1130.574           0.092
   -19.68     1125.38      455.88        2.47           82223.766             455.662        1752.328           0.221
   -19.06     1434.04      533.60        2.69          110878.914             533.335        2552.879           0.252
   -18.43     1778.59      564.87        3.15          152833.188             564.565        3557.743           0.091
   -17.81     2138.77      584.74        3.66          203091.781             584.384        4783.035           0.055
   -17.18     2508.59      598.46        4.19          260868.922             598.036        6236.667           0.037
   -16.56     2885.99      608.44        4.74          325890.094             607.942        7924.013           0.026
   -15.93     3269.00      616.98        5.30          397409.719             616.381        9849.209           0.022
   -15.31     3656.82      624.21        5.86          475351.844             623.498       12015.512           0.019
   -14.68     4048.55      629.41        6.43          560104.250             628.464       14425.642           0.013
   -14.05     4443.14      634.36        7.00          650606.938             633.141       17081.719           0.013
   -13.43     4840.72      639.44        7.57          746524.438             637.948       19985.574           0.013
   -12.80     5241.55      645.92        8.11          846655.312             644.170       23139.160           0.016
   -12.18     5646.82      653.25        8.64          951366.500             651.246       26544.891           0.018
   -11.55     6055.83      658.66        9.19         1063103.250             656.391       30205.314           0.013
   -10.93     6468.06      663.99        9.74         1180078.000             661.449       34122.609           0.013
   -10.30     6883.00      667.89       10.31         1303831.375             665.057       38298.633           0.009
    -9.68     7300.14      671.70       10.87         1432725.375             668.576       42734.914           0.009
    -9.05     7719.48      675.51       11.43         1566581.750             672.096       47432.836           0.009
    -8.42     8140.99      679.24       11.99         1705461.500             675.528       52393.766           0.009
    -7.80     8564.65      682.90       12.54         1849280.750             678.853       57619.055           0.009
    -7.17     8990.32      686.49       13.10         1998002.000             682.067       63110.000           0.008
    -6.55     9417.97      689.63       13.66         2152346.500             684.799       68867.852           0.007
    -5.92     9846.80      691.53       14.24         2313893.750             686.208       74893.594           0.004
    -5.30    10276.51      693.44       14.82         2480075.000             687.617       81187.883           0.004
    -4.67    10707.11      695.34       15.40         2650826.250             689.026       87751.266           0.004
    -4.05    11138.58      697.25       15.98         2826087.250             690.434       94584.281           0.004
    -3.42    11570.94      699.15       16.55         3005800.750             691.843      101687.500           0.004
    -2.79    12004.18      701.06       17.12         3189913.250             693.252      109061.461           0.004
    -2.17    12438.30      702.96       17.69         3378372.500             694.661      116706.719           0.004
    -1.54    12873.30      704.87       18.26         3571129.000             696.070      124623.820           0.004
    -0.92    13309.18      706.77       18.83         3768137.750             697.479      132813.328           0.004
    -0.29    13745.98      708.91       19.39         3968487.000             699.152      141275.797           0.005
     0.33    14184.01      711.45       19.94         4171536.250             701.271      150011.891           0.006
     0.96    14623.37      713.99       20.48         4378706.000             703.391      159022.438           0.006
     1.58    15064.05      716.52       21.02         4589963.500             705.511      168308.234           0.006
     2.21    15506.06      719.06       21.56         4805277.000             707.630      177870.125           0.006
     2.84    15949.40      721.60       22.10         5024619.000             709.750      187708.953           0.006
     3.46    16423.55      835.83       19.65         4783640.500             823.824      197834.750           0.241
     4.09    16975.76      968.96       17.52         4580416.500             956.844      208281.562           0.241
     4.71    17577.68      978.59       17.96         4822382.500             966.366      219089.391           0.016
     5.34    18187.48      993.70       18.30         5052540.000             981.377      230276.234           0.025
     5.96    18804.88     1004.56       18.72         5303069.000             992.081      241846.906           0.018
     6.59    19428.55     1014.51       19.15         5562757.500            1001.847      253805.781           0.016
     7.21    20060.96     1036.11       19.36         5785944.000            1023.348      266157.531           0.034
     7.84    20701.13     1036.11       19.98         6096936.500            1023.348      278907.344           0.000
     8.47    21341.31     1036.11       20.60         6414408.500            1023.348      292057.625           0.000
     9.09    21981.49     1036.11       21.22         6738294.000            1023.348      305608.375           0.000
     9.72    22621.67     1036.11       21.83         7068530.500            1023.348      319559.625           0.000
    10.34    23261.84     1036.11       22.45         7405055.000            1023.348      333911.312           0.000
    10.97    23902.02     1036.11       23.07         7747813.000            1023.348      348663.500           0.000
    11.59    24542.20     1036.11       23.69         8096745.500            1023.348      363816.156           0.000
    12.22    25182.38     1036.11       24.30         8451801.000            1023.348      379369.281          -0.000
    12.84    25822.55     1036.11       24.92         8812924.000            1023.348      395322.938           0.000
    13.47    26462.73     1036.11       25.54         9180067.000            1023.348      411677.000           0.000
    14.10    27102.91     1036.11       26.16         9553178.000            1023.348      428431.562          -0.000
    14.72    27743.08     1036.11       26.78         9932212.000            1023.348      445586.625           0.000
    15.35    28383.26     1036.11       27.39        10317122.000            1023.348      463142.156           0.000
    15.97    29023.44     1036.11       28.01        10707863.000            1023.348      481098.125           0.000
    16.60    29663.62     1036.11       28.63        11104395.000            1023.348      499454.625           0.000
    17.22    30303.79     1036.11       29.25        11506672.000            1023.348      518211.562           0.000
    17.85    30943.97     1036.11       29.87        11914655.000            1023.348      537369.000           0.000
    18.47    31584.15     1036.11       30.48        12328305.000            1023.348      556926.938           0.000
    19.10    32224.32     1036.11       31.10        12747582.000            1023.348      576885.250           0.000
    19.73    32864.50     1036.11       31.72        13172447.000            1023.348      597244.125           0.000
    20.35    33504.68     1036.11       32.34        13602867.000            1023.348      618003.438           0.000
    20.98    34144.86     1036.11       32.95        14038807.000            1023.348      639163.250           0.000
    21.60    34785.04     1036.11       33.57        14480231.000            1023.348      660723.562           0.000
    22.23    35425.21     1036.11       34.19        14927102.000            1023.348      682684.312           0.000
    22.85    36065.39     1036.11       34.81        15379388.000            1023.348      705045.562           0.000
    23.48    36705.56     1036.11       35.43        15837060.000            1023.348      727807.250           0.000
    24.11    37345.74     1036.11       36.04        16300086.000            1023.348      750969.438           0.000
    24.73    37985.92     1036.11       36.66        16768433.000            1023.348      774532.188           0.000
    25.36    38626.09     1036.11       37.28        17242068.000            1023.348      798495.250           0.000
    25.98    39266.27     1036.11       37.90        17720974.000            1023.348      822858.938          -0.000
    26.61    39906.45     1036.11       38.52        18205106.000            1023.348      847623.062           0.000
    27.23    40546.62     1036.11       39.13        18694446.000            1023.348      872787.562           0.000
    27.86    41186.80     1036.11       39.75        19188968.000            1023.348      898352.625          -0.000
    28.48    41826.98     1036.11       40.37        19688634.000            1023.348      924318.188           0.000
    29.11    42467.16     1036.11       40.99        20193430.000            1023.348      950684.125           0.000
    29.74    43107.34     1036.11       41.60        20703322.000            1023.348      977450.688           0.000
    30.36    43747.51     1036.11       42.22        21218288.000            1023.348     1004617.562           0.000
    30.99    44387.69     1036.11       42.84        21738306.000            1023.348     1032185.062           0.000
    31.61    45027.87     1036.11       43.46        22263344.000            1023.348     1060153.000           0.000
    32.24    45668.05     1036.11       44.08        22793386.000            1023.348     1088521.375           0.000
    32.86    46308.22     1036.11       44.69        23328396.000            1023.348     1117290.125           0.000
    33.49    46948.40     1036.11       45.31        23868366.000            1023.348     1146459.500           0.000
    34.11    47588.57     1036.11       45.93        24413266.000            1023.348     1176029.375           0.000
    34.74    48228.75     1036.11       46.55        24963078.000            1023.348     1205999.625           0.000
    35.37    48868.93     1036.11       47.17        25517774.000            1023.348     1236370.500           0.000
    35.99    49509.11     1036.11       47.78        26077338.000            1023.348     1267141.750           0.000
    36.62    50149.28     1036.11       48.40        26641740.000            1023.348     1298313.375           0.000
    37.24    50789.46     1036.11       49.02        27210974.000            1023.348     1329885.625           0.000
    37.87    51429.64     1036.11       49.64        27785008.000            1023.348     1361858.250           0.000
    38.49    52069.82     1036.11       50.25        28363826.000            1023.348     1394231.500           0.000
