   816.637573      -41.9459648    
   839.539124      -41.9459648    
 NaN NaN
   808.823303      -40.8785553    
   843.433105      -40.8785553    
 NaN NaN
   802.637024      -39.8111458    
   847.163330      -39.8111458    
 NaN NaN
   795.124451      -38.7437363    
   850.830933      -38.7437363    
 NaN NaN
   784.404053      -37.6763268    
   854.481689      -37.6763268    
 NaN NaN
   770.272888      -36.6089172    
   858.205261      -36.6089172    
 NaN NaN
   757.545349      -35.5415077    
   861.703552      -35.5415077    
 NaN NaN
   747.848145      -34.4740982    
   864.834351      -34.4740982    
 NaN NaN
   738.074951      -33.4066887    
   867.965149      -33.4066887    
 NaN NaN
   725.436096      -32.3392792    
   870.776794      -32.3392792    
 NaN NaN
   712.369629      -31.2718697    
   873.493958      -31.2718697    
 NaN NaN
   701.359070      -30.2044601    
   876.202454      -30.2044601    
 NaN NaN
   685.927124      -29.1370506    
   878.873047      -29.1370506    
 NaN NaN
   650.780090      -28.0696411    
   881.817444      -28.0696411    
 NaN NaN
   639.191711      -27.0022316    
   884.824524      -27.0022316    
 NaN NaN
   630.175415      -25.9348221    
   887.898865      -25.9348221    
 NaN NaN
   622.371643      -24.8674126    
   891.573120      -24.8674126    
 NaN NaN
   615.477783      -23.8000031    
   895.847961      -23.8000031    
 NaN NaN
   609.712952      -22.7325935    
   900.632446      -22.7325935    
 NaN NaN
   602.612244      -21.6651840    
   906.141541      -21.6651840    
 NaN NaN
   594.958130      -20.5977745    
   910.929504      -20.5977745    
 NaN NaN
   586.967468      -19.5303650    
   915.876587      -19.5303650    
 NaN NaN
   578.451904      -18.4629555    
   920.448669      -18.4629555    
 NaN NaN
   567.619995      -17.3955460    
   924.566406      -17.3955460    
 NaN NaN
   561.893127      -16.3281364    
   928.520081      -16.3281364    
 NaN NaN
   556.398682      -15.2607269    
   931.641235      -15.2607269    
 NaN NaN
   550.959778      -14.1933174    
   934.703735      -14.1933174    
 NaN NaN
   543.658203      -13.1259079    
   937.667480      -13.1259079    
 NaN NaN
   534.120850      -12.0584984    
   940.491577      -12.0584984    
 NaN NaN
   516.013611      -10.9910889    
   943.315735      -10.9910889    
 NaN NaN
   497.084076      -9.92367935    
   946.266113      -9.92367935    
 NaN NaN
   480.896210      -8.85626984    
   948.689697      -8.85626984    
 NaN NaN
   473.996429      -7.78886032    
   950.846924      -7.78886032    
 NaN NaN
   467.939728      -6.72145081    
   953.111755      -6.72145081    
 NaN NaN
   462.187256      -5.65404129    
   955.476196      -5.65404129    
 NaN NaN
   457.202301      -4.58663177    
   957.714539      -4.58663177    
 NaN NaN
   452.169434      -3.51922226    
   959.735657      -3.51922226    
 NaN NaN
   446.634308      -2.45181274    
   961.744324      -2.45181274    
 NaN NaN
   438.767334      -1.38440323    
   963.753052      -1.38440323    
 NaN NaN
   419.711182     -0.316993713    
   965.761719     -0.316993713    
 NaN NaN
   391.793457      0.750415802    
   968.704224      0.750415802    
 NaN NaN
   376.824066       1.81782532    
   972.536743       1.81782532    
 NaN NaN
   367.876862       2.88523483    
   976.435425       2.88523483    
 NaN NaN
   359.352875       3.95264435    
   983.364441       3.95264435    
 NaN NaN
   351.008270       5.02005386    
   991.109802       5.02005386    
 NaN NaN
   39.2507401       6.08746338    
   55.2048340       6.08746338    
 NaN NaN
   178.494492       6.08746338    
   203.836853       6.08746338    
 NaN NaN
   271.441254       6.08746338    
   1005.23401       6.08746338    
 NaN NaN
   1008.71832       6.08746338    
   1050.96497       6.08746338    
 NaN NaN
   27.1379528       7.15487289    
   129.343109       7.15487289    
 NaN NaN
   156.143387       7.15487289    
   220.806305       7.15487289    
 NaN NaN
   246.677399       7.15487289    
   1064.13440       7.15487289    
 NaN NaN
   22.3539143       8.22228241    
   1070.50024       8.22228241    
 NaN NaN
   0.00000000       9.28969193    
   2.32135820       9.28969193    
 NaN NaN
   17.9233627       9.28969193    
   1075.50391       9.28969193    
 NaN NaN
   0.00000000       10.3571014    
   8.88795090       10.3571014    
 NaN NaN
   8.88802052       10.3571014    
   1078.58044       10.3571014    
 NaN NaN
   0.00000000       11.4245110    
   1078.58044       11.4245110    
 NaN NaN
   0.00000000       12.4919205    
   1078.58044       12.4919205    
 NaN NaN
   0.00000000       13.5593300    
   1078.58044       13.5593300    
 NaN NaN
   0.00000000       14.6267395    
   1078.58044       14.6267395    
 NaN NaN
   0.00000000       15.6941490    
   1078.58044       15.6941490    
 NaN NaN
   0.00000000       16.7615585    
   1078.58044       16.7615585    
 NaN NaN
   0.00000000       17.8289680    
   1078.58044       17.8289680    
 NaN NaN
   0.00000000       18.8963776    
   1078.58044       18.8963776    
 NaN NaN
   0.00000000       19.9637871    
   1078.58044       19.9637871    
 NaN NaN
   0.00000000       21.0311966    
   1078.58044       21.0311966    
 NaN NaN
   0.00000000       22.0986061    
   1078.58044       22.0986061    
 NaN NaN
   0.00000000       23.1660156    
   1078.58044       23.1660156    
 NaN NaN
   0.00000000       24.2334251    
   1078.58044       24.2334251    
 NaN NaN
   0.00000000       25.3008347    
   1078.58044       25.3008347    
 NaN NaN
   0.00000000       26.3682442    
   1078.58044       26.3682442    
 NaN NaN
   0.00000000       27.4356537    
   1078.58044       27.4356537    
 NaN NaN
   0.00000000       28.5030632    
   1078.58044       28.5030632    
 NaN NaN
   0.00000000       29.5704727    
   1078.58044       29.5704727    
 NaN NaN
   0.00000000       30.6378822    
   1078.58044       30.6378822    
 NaN NaN
   0.00000000       31.7052917    
   1078.58044       31.7052917    
 NaN NaN
   0.00000000       32.7727013    
   1078.58044       32.7727013    
 NaN NaN
   0.00000000       33.8401108    
   1078.58044       33.8401108    
 NaN NaN
   0.00000000       34.9075203    
   1078.58044       34.9075203    
 NaN NaN
   0.00000000       35.9749298    
   1078.58044       35.9749298    
 NaN NaN
   0.00000000       37.0423393    
   1078.58044       37.0423393    
 NaN NaN
   0.00000000       38.1097488    
   1078.58044       38.1097488    
 NaN NaN
   0.00000000       39.1771584    
   1078.58044       39.1771584    
 NaN NaN
   0.00000000       40.2445679    
   1078.58044       40.2445679    
 NaN NaN
   0.00000000       41.3119774    
   1078.58044       41.3119774    
 NaN NaN
   0.00000000       42.3793869    
   1078.58044       42.3793869    
 NaN NaN
   0.00000000       43.4467964    
   1078.58044       43.4467964    
 NaN NaN
   0.00000000       44.5142059    
   1078.58044       44.5142059    
 NaN NaN
   0.00000000       45.5816154    
   1078.58044       45.5816154    
 NaN NaN
   0.00000000       46.6490250    
   1078.58044       46.6490250    
 NaN NaN
   0.00000000       47.7164345    
   1078.58044       47.7164345    
 NaN NaN
   0.00000000       48.7838440    
   1078.58044       48.7838440    
 NaN NaN
   0.00000000       49.8512535    
   1078.58044       49.8512535    
 NaN NaN
   0.00000000       50.9186630    
   1078.58044       50.9186630    
 NaN NaN
   0.00000000       51.9860725    
   1078.58044       51.9860725    
 NaN NaN
   0.00000000       53.0534821    
   1078.58044       53.0534821    
 NaN NaN
   0.00000000       54.1208916    
   1078.58044       54.1208916    
 NaN NaN
   0.00000000       55.1883011    
   1078.58044       55.1883011    
 NaN NaN
   0.00000000       56.2557106    
   1078.58044       56.2557106    
 NaN NaN
   0.00000000       57.3231201    
   1078.58044       57.3231201    
 NaN NaN
   0.00000000       58.3905296    
   1078.58044       58.3905296    
 NaN NaN
   0.00000000       59.4579391    
   1078.58044       59.4579391    
 NaN NaN
   0.00000000       60.5253487    
   1078.58044       60.5253487    
 NaN NaN
   0.00000000       61.5927582    
   1078.58044       61.5927582    
 NaN NaN
   0.00000000       62.6601677    
   1078.58044       62.6601677    
 NaN NaN
   0.00000000       63.7275772    
   1078.58044       63.7275772    
 NaN NaN
