 Elev(m)    Area(m2)     Peri(m)      Radi(m)   Conv(m3/s)    topWidth(m)    newI1(m3)    dPdA(1/m)
   -24.93        0.00        0.00         NaN                 NaN               0.000           0.000             NaN
   -24.24        9.33       23.91        0.39             199.133              23.860           3.197           2.564
   -23.56       35.31       76.93        0.46             840.298              76.820          18.501           2.041
   -22.87      123.16      159.30        0.77            4150.087             159.100          72.836           0.938
   -22.18      238.25      176.30        1.35           11649.120             176.007         196.754           0.148
   -21.50      366.73      201.14        1.82           21893.408             200.763         404.186           0.193
   -20.81      510.76      218.58        2.34           35977.023             218.112         705.054           0.121
   -20.13      665.97      235.92        2.82           53206.816             235.374        1108.519           0.112
   -19.44      834.58      257.06        3.25           73196.094             256.428        1623.012           0.125
   -18.75     1020.73      298.84        3.42           92601.469             298.119        2259.144           0.224
   -18.07     1239.39      329.48        3.76          119908.445             328.657        3034.071           0.140
   -17.38     1469.43      344.75        4.26          154514.828             343.822        3962.840           0.066
   -16.70     1712.90      366.97        4.67          191363.656             365.950        5053.967           0.091
   -16.01     1971.20      387.18        5.09          233345.938             386.069        6317.135           0.078
   -15.33     2241.48      402.95        5.56          281480.938             401.743        7761.534           0.058
   -14.64     2521.48      417.74        6.04          334364.250             416.420        9394.609           0.053
   -13.95     2814.63      438.76        6.42          388698.875             437.340       11224.202           0.072
   -13.27     3122.26      465.25        6.71          444340.906             463.737       13259.780           0.086
   -12.58     3457.83      513.30        6.74          493345.594             511.691       15515.890           0.143
   -11.90     3813.34      526.29        7.25          571150.438             524.571       18008.951           0.037
   -11.21     4176.27      535.79        7.79          656719.812             533.938       20748.350           0.026
   -10.53     4545.07      543.34        8.37          749166.375             541.354       23738.633           0.020
    -9.84     4918.42      549.36        8.95          848261.000             547.067       26983.373           0.016
    -9.15     5294.83      553.17        9.57          954784.688             550.451       30485.182           0.010
    -8.47     5673.32      556.59       10.19         1066840.750             553.427       34245.828           0.009
    -7.78     6053.84      560.00       10.81         1183913.500             556.403       38266.715           0.009
    -7.10     6436.42      563.51       11.42         1305769.000             559.477       42549.242           0.009
    -6.41     6821.46      567.97       12.01         1430995.250             563.530       47094.965           0.012
    -5.73     7209.28      572.43       12.59         1560978.875             567.583       51905.680           0.012
    -5.04     7599.95      577.27       13.17         1694960.750             572.015       56983.316           0.012
    -4.35     7993.85      582.46       13.72         1832919.125             576.807       62329.957           0.013
    -3.67     8391.08      588.01       14.27         1974686.375             581.968       67947.852           0.014
    -2.98     8792.13      594.17       14.80         2119721.750             587.732       73839.445           0.015
    -2.30     9197.24      600.74       15.31         2268279.250             593.925       80007.453           0.016
    -1.61     9606.71      607.15       15.82         2421882.750             599.941       86454.758           0.016
    -0.93    10018.88      609.86       16.43         2589824.500             602.178       93183.766           0.007
    -0.24    10432.58      612.57       17.03         2762318.000             604.415      100195.953           0.007
     0.45    10847.82      615.29       17.63         2939313.250             606.652      107492.352           0.007
     1.13    11264.59      618.00       18.23         3120764.000             608.890      115074.023           0.007
     1.82    11682.90      620.71       18.82         3306626.250             611.127      122942.016           0.006
     2.50    12103.73      626.73       19.31         3485032.750             616.908      131097.719           0.014
     3.19    12529.02      633.48       19.78         3665215.250             623.472      139543.547           0.016
     3.87    13002.52      757.31       17.17         3461428.500             746.919      148297.531           0.262
     4.56    13535.97      835.19       16.21         3467526.750             824.327      157396.781           0.146
     5.25    14137.12      959.93       14.73         3397566.750             948.626      166885.031           0.208
     5.93    14832.87     1171.49       12.66         3223117.000            1159.780      176817.969           0.304
     6.62    15702.78     1361.40       11.53         3206487.250            1349.453      187287.703           0.218
     7.30    16633.61     1373.16       12.11         3509328.500            1361.022      198374.859           0.013
     7.99    17569.89     1382.27       12.71         3827770.750            1369.900      210102.203           0.010
     8.67    18512.55     1392.01       13.30         4156642.750            1379.406      222473.781           0.010
     9.36    19464.53     1418.39       13.72         4462745.000            1405.616      235494.953           0.028
    10.05    20428.42     1418.39       14.40         4837118.500            1405.616      249173.016           0.000
    10.73    21392.30     1418.39       15.08         5223458.500            1405.616      263512.094           0.000
    11.42    22356.19     1418.39       15.76         5621581.000            1405.616      278512.125           0.000
    12.10    23320.07     1418.39       16.44         6031316.000            1405.616      294173.094           0.000
    12.79    24283.96     1418.39       17.12         6452499.500            1405.616      310495.062           0.000
    13.47    25247.84     1418.39       17.80         6884981.000            1405.616      327478.000           0.000
    14.16    26211.73     1418.39       18.48         7328612.000            1405.616      345121.938           0.000
    14.85    27175.62     1418.39       19.16         7783254.500            1405.616      363426.812           0.000
    15.53    28139.50     1418.39       19.84         8248776.500            1405.616      382392.688           0.000
    16.22    29103.39     1418.39       20.52         8725054.000            1405.616      402019.531           0.000
    16.90    30067.27     1418.39       21.20         9211967.000            1405.616      422307.375           0.000
    17.59    31031.16     1418.39       21.88         9709396.000            1405.616      443256.125           0.000
    18.28    31995.04     1418.39       22.56        10217235.000            1405.616      464865.875           0.000
    18.96    32958.93     1418.39       23.24        10735379.000            1405.616      487136.656          -0.000
    19.65    33922.82     1418.39       23.92        11263726.000            1405.616      510068.375           0.000
    20.33    34886.70     1418.39       24.60        11802177.000            1405.616      533661.062           0.000
    21.02    35850.59     1418.39       25.28        12350636.000            1405.616      557914.688           0.000
    21.70    36814.47     1418.39       25.96        12909019.000            1405.616      582829.312           0.000
    22.39    37778.36     1418.39       26.63        13477232.000            1405.616      608404.938           0.000
    23.08    38742.24     1418.39       27.31        14055193.000            1405.616      634641.500           0.000
    23.76    39706.13     1418.39       27.99        14642824.000            1405.616      661539.062          -0.000
    24.45    40670.01     1418.39       28.67        15240039.000            1405.616      689097.625           0.000
    25.13    41633.90     1418.39       29.35        15846769.000            1405.616      717317.125           0.000
    25.82    42597.79     1418.39       30.03        16462936.000            1405.616      746197.625           0.000
    26.50    43561.67     1418.39       30.71        17088466.000            1405.616      775739.000           0.000
    27.19    44525.55     1418.39       31.39        17723296.000            1405.616      805941.438           0.000
    27.88    45489.44     1418.39       32.07        18367352.000            1405.616      836804.875           0.000
    28.56    46453.32     1418.39       32.75        19020572.000            1405.616      868329.188          -0.000
    29.25    47417.21     1418.39       33.43        19682892.000            1405.616      900514.562           0.000
    29.93    48381.10     1418.39       34.11        20354252.000            1405.616      933360.875           0.000
    30.62    49344.98     1418.39       34.79        21034584.000            1405.616      966868.188           0.000
    31.30    50308.87     1418.39       35.47        21723836.000            1405.616     1001036.500           0.000
    31.99    51272.75     1418.39       36.15        22421946.000            1405.616     1035865.688           0.000
    32.68    52236.64     1418.39       36.83        23128866.000            1405.616     1071356.000           0.000
    33.36    53200.53     1418.39       37.51        23844532.000            1405.616     1107507.125          -0.000
    34.05    54164.41     1418.39       38.19        24568894.000            1405.616     1144319.250           0.000
    34.73    55128.30     1418.39       38.87        25301908.000            1405.616     1181792.500           0.000
    35.42    56092.18     1418.39       39.55        26043508.000            1405.616     1219926.500           0.000
    36.10    57056.07     1418.39       40.23        26793654.000            1405.616     1258721.500           0.000
    36.79    58019.96     1418.39       40.91        27552304.000            1405.616     1298177.750           0.000
    37.48    58983.84     1418.39       41.58        28319396.000            1405.616     1338294.625           0.000
    38.16    59947.72     1418.39       42.26        29094890.000            1405.616     1379072.625          -0.000
    38.85    60911.61     1418.39       42.94        29878746.000            1405.616     1420511.750           0.000
    39.53    61875.50     1418.39       43.62        30670918.000            1405.616     1462611.625           0.000
    40.22    62839.38     1418.39       44.30        31471356.000            1405.616     1505372.625           0.000
    40.90    63803.27     1418.39       44.98        32280018.000            1405.616     1548794.500           0.000
    41.59    64767.15     1418.39       45.66        33096870.000            1405.616     1592877.250           0.000
    42.28    65731.04     1418.39       46.34        33921868.000            1405.616     1637621.250           0.000
    42.96    66694.92     1418.39       47.02        34754964.000            1405.616     1683026.000           0.000
    43.65    67658.81     1418.39       47.70        35596136.000            1405.616     1729092.000           0.000
