 Elev(m)    Area(m2)     Peri(m)      Radi(m)   Conv(m3/s)    topWidth(m)    newI1(m3)    dPdA(1/m)
   -36.32        0.00        0.00         NaN                 NaN               0.000           0.000             NaN
   -35.49       15.70       33.18        0.47             381.385              33.137           6.549           2.113
   -34.65       54.49       58.94        0.92            2068.195              58.839          35.823           0.664
   -33.82      112.29       78.45        1.43            5704.852              78.278         105.384           0.338
   -32.98      185.32       99.53        1.86           11218.595              99.282         229.514           0.289
   -32.15      281.19      129.29        2.17           18880.338             128.969         424.087           0.310
   -31.31      400.46      159.00        2.52           29652.551             158.584         708.394           0.249
   -30.48      553.45      237.82        2.33           38876.867             237.294        1106.257           0.515
   -29.65      759.33      256.15        2.96           62677.906             255.488        1653.802           0.089
   -28.81      979.89      273.49        3.58           91775.266             272.682        2379.213           0.079
   -27.98     1213.50      289.26        4.20          126260.211             288.314        3294.051           0.067
   -27.14     1461.05      305.90        4.78          165749.078             304.844        4409.573           0.067
   -26.31     1721.31      320.33        5.37          211230.875             319.173        5736.898           0.055
   -25.48     1993.53      334.50        5.96          262119.359             333.232        7286.315           0.052
   -24.64     2277.21      348.77        6.53          318205.344             347.400        9067.588           0.050
   -23.81     2573.68      366.11        7.03          377781.906             364.662       11090.840           0.059
   -22.97     2885.88      385.18        7.49          441993.688             383.651       13367.961           0.061
   -22.14     3213.50      401.77        8.00          514086.000             400.097       15911.941           0.051
   -21.30     3551.51      412.36        8.61          596897.375             410.519       18733.549           0.031
   -20.47     3898.74      423.96        9.20          684514.500             421.968       21840.955           0.033
   -19.64     4255.31      435.16        9.78          778358.500             432.994       25241.916           0.031
   -18.80     4621.50      447.24       10.33          877006.688             444.909       28944.334           0.033
   -17.97     4997.33      458.83       10.89          982172.375             456.326       32956.238           0.031
   -17.13     5383.18      471.42       11.42         1091901.625             468.761       37285.832           0.033
   -16.30     5779.56      484.88       11.92         1206314.000             482.070       41941.684           0.034
   -15.47     6188.15      501.13       12.35         1322394.375             498.173       46933.270           0.040
   -14.63     6611.03      518.13       12.76         1443940.125             515.021       52271.656           0.040
   -13.80     7046.36      531.34       13.26         1579132.500             528.067       57967.996           0.030
   -12.96     7490.90      540.43       13.86         1728975.750             536.968       64031.320           0.020
   -12.13     7942.11      548.46       14.48         1887361.125             544.803       70468.250           0.018
   -11.29     8399.38      555.38       15.12         2054676.875             551.516       77284.094           0.015
   -10.46     8862.26      562.35       15.76         2228249.500             558.277       84483.719           0.015
    -9.63     9330.85      569.67       16.38         2407201.750             565.406       92071.852           0.016
    -8.79     9805.40      576.82       17.00         2593039.000             572.356      100053.367           0.015
    -7.96    10285.78      584.06       17.61         2784936.000             579.406      108433.156           0.015
    -7.12    10771.90      590.95       18.23         2984321.000             586.087      117216.070           0.014
    -6.29    11263.44      597.49       18.85         3191235.250             592.401      126406.750           0.013
    -5.46    11760.38      604.46       19.46         3402905.250             599.161      136009.719           0.014
    -4.62    12263.23      612.01       20.04         3618773.250             606.521      146029.688           0.015
    -3.79    12772.27      619.51       20.62         3841257.750             613.824      156471.703           0.015
    -2.95    13287.13      626.51       21.21         4072179.000             620.599      167340.766           0.014
    -2.12    13809.12      638.30       21.63         4288669.000             632.189      178642.297           0.023
    -1.28    14343.53      655.73       21.87         4487465.500             649.452      190384.453           0.033
    -0.45    14892.45      669.01       22.26         4713919.500             662.513      202578.438           0.024
     0.38    15447.83      675.80       22.86         4976903.000             669.089      215233.000           0.012
     1.22    16008.87      683.90       23.41         5240011.000             676.996      228353.234           0.014
     2.05    16579.28      700.54       23.67         5466580.500             693.497      241945.359           0.029
     2.89    17221.47      979.42       17.58         4657979.000             972.285      256043.266           0.434
     3.72    18098.46     1070.73       16.90         4768078.500            1063.479      270774.781           0.104
     4.55    18989.49     1079.36       17.59         5138130.500            1071.969      286243.750           0.010
     5.39    19887.51     1093.01       18.20         5503150.000            1085.512      302458.875           0.015
     6.22    20793.02     1093.01       19.02         5927068.000            1085.512      319426.281          -0.000
     7.06    21698.53     1093.01       19.85         6363475.000            1085.512      337149.000           0.000
     7.89    22604.04     1093.01       20.68         6812198.500            1085.512      355627.062          -0.000
     8.73    23509.54     1093.01       21.51         7273067.500            1085.512      374860.531           0.000
     9.56    24415.05     1093.01       22.34         7745927.000            1085.512      394849.281          -0.000
    10.39    25320.56     1093.01       23.17         8230625.000            1085.512      415593.438           0.000
    11.23    26226.07     1093.01       23.99         8727019.000            1085.512      437092.969           0.000
    12.06    27131.58     1093.01       24.82         9234975.000            1085.512      459347.781          -0.000
    12.90    28037.09     1093.01       25.65         9754360.000            1085.512      482358.000           0.000
    13.73    28942.60     1093.01       26.48        10285050.000            1085.512      506123.594          -0.000
    14.56    29848.10     1093.01       27.31        10826926.000            1085.512      530644.500           0.000
    15.40    30753.61     1093.01       28.14        11379876.000            1085.512      555920.750          -0.000
    16.23    31659.12     1093.01       28.97        11943786.000            1085.512      581952.375           0.000
    17.07    32564.63     1093.01       29.79        12518553.000            1085.512      608739.375           0.000
    17.90    33470.14     1093.01       30.62        13104077.000            1085.512      636281.688          -0.000
    18.74    34375.65     1093.01       31.45        13700258.000            1085.512      664579.375           0.000
    19.57    35281.15     1093.01       32.28        14306999.000            1085.512      693632.375          -0.000
    20.40    36186.66     1093.01       33.11        14924216.000            1085.512      723440.750           0.000
    21.24    37092.17     1093.01       33.94        15551814.000            1085.512      754004.562          -0.000
    22.07    37997.68     1093.01       34.76        16189710.000            1085.512      785323.625           0.000
    22.91    38903.19     1093.01       35.59        16837822.000            1085.512      817398.125           0.000
    23.74    39808.70     1093.01       36.42        17496070.000            1085.512      850227.875          -0.000
    24.57    40714.20     1093.01       37.25        18164376.000            1085.512      883813.062           0.000
    25.41    41619.71     1093.01       38.08        18842670.000            1085.512      918153.562          -0.000
    26.24    42525.22     1093.01       38.91        19530870.000            1085.512      953249.438           0.000
    27.08    43430.73     1093.01       39.73        20228910.000            1085.512      989100.688           0.000
    27.91    44336.24     1093.01       40.56        20936722.000            1085.512     1025707.312           0.000
    28.75    45241.75     1093.01       41.39        21654236.000            1085.512     1063069.125           0.000
    29.58    46147.25     1093.01       42.22        22381390.000            1085.512     1101186.500          -0.000
    30.41    47052.77     1093.01       43.05        23118120.000            1085.512     1140059.125           0.000
    31.25    47958.27     1093.01       43.88        23864364.000            1085.512     1179687.125          -0.000
    32.08    48863.78     1093.01       44.71        24620056.000            1085.512     1220070.375           0.000
    32.92    49769.29     1093.01       45.53        25385144.000            1085.512     1261209.250           0.000
    33.75    50674.80     1093.01       46.36        26159570.000            1085.512     1303103.250           0.000
    34.59    51580.31     1093.01       47.19        26943282.000            1085.512     1345752.750           0.000
    35.42    52485.82     1093.01       48.02        27736218.000            1085.512     1389157.375          -0.000
    36.25    53391.32     1093.01       48.85        28538316.000            1085.512     1433317.500           0.000
    37.09    54296.83     1093.01       49.68        29349550.000            1085.512     1478233.000          -0.000
    37.92    55202.34     1093.01       50.50        30169844.000            1085.512     1523903.750           0.000
    38.76    56107.85     1093.01       51.33        30999164.000            1085.512     1570330.125           0.000
    39.59    57013.36     1093.01       52.16        31837456.000            1085.512     1617511.500          -0.000
    40.42    57918.86     1093.01       52.99        32684662.000            1085.512     1665448.375           0.000
    41.26    58824.38     1093.01       53.82        33540754.000            1085.512     1714140.750          -0.000
    42.09    59729.88     1093.01       54.65        34405672.000            1085.512     1763588.250           0.000
    42.93    60635.39     1093.01       55.48        35279380.000            1085.512     1813791.250          -0.000
    43.76    61540.90     1093.01       56.30        36161824.000            1085.512     1864749.500           0.000
    44.60    62446.41     1093.01       57.13        37052968.000            1085.512     1916463.125           0.000
    45.43    63351.92     1093.01       57.96        37952776.000            1085.512     1968932.250          -0.000
    46.26    64257.43     1093.01       58.79        38861192.000            1085.512     2022156.500           0.000
    47.10    65162.93     1093.01       59.62        39778188.000            1085.512     2076136.375          -0.000
