 Elev(m)    dbdxp(-)    dbdxc(-)      I2p     I2c
  -22.6100006       0.00000000       0.00000000       0.00000000       0.00000000    
  -21.8899994      -7.64365215E-03   4.72100219E-03  -9.90620698E-04   6.11843949E-04
  -21.1700001      -3.41651216E-03   9.25438758E-03  -4.40525915E-03   3.64674535E-03
  -20.4500008       1.44165913E-02  -1.94586888E-02  -7.82767683E-03   7.17037171E-03
  -19.7299995       1.22665223E-02  -2.72641312E-02  -6.36634883E-03   3.31623107E-03
  -19.0100002       1.04241343E-02  -2.93163583E-02   1.49382814E-03  -1.39260376E-02
  -18.2900009       8.51307251E-03  -2.08843295E-02   1.47489794E-02  -4.50071543E-02
  -17.5799999       7.17442576E-03  -1.71891134E-02   3.22733447E-02  -8.70066509E-02
  -16.8600006       1.05439853E-02  -2.27488708E-02   5.43452688E-02 -0.139638379    
  -16.1399994       9.97582451E-03  -2.36385707E-02   8.13729391E-02 -0.203458056    
  -15.4200001       8.87091644E-03  -1.92008130E-02  0.113502443     -0.278841376    
  -14.6999998       1.28225153E-02  -1.38673279E-02  0.150886014     -0.364062458    
  -13.9799995       1.36281131E-02  -5.49512962E-03  0.194509059     -0.456078529    
  -13.2600002       1.15903597E-02   1.71215702E-02  0.244828388     -0.549097061    
  -12.5400000       2.22232193E-02   8.17647483E-03  0.302798331     -0.637330294    
  -11.8299999       2.76056007E-02  -2.32363008E-02  0.370742351     -0.723056674    
  -11.1099997       1.98630523E-02  -2.64365822E-02  0.452162147     -0.818352401    
  -10.3900003       1.24806166E-02  -3.07448190E-02  0.543925524     -0.927496374    
  -9.67000008       6.60964474E-03  -3.56386155E-02  0.642354906      -1.05265450    
  -8.94999981       4.59125731E-04  -3.92096229E-02  0.744174480      -1.19611633    
  -8.22999954      -2.02355697E-03  -4.03431319E-02  0.846707404      -1.35958850    
  -7.51000023      -5.48437703E-03  -3.69524993E-02  0.948064446      -1.54338801    
  -6.78999996      -1.63973011E-02  -2.86181010E-02   1.04561269      -1.74570334    
  -6.07999992      -8.27301107E-03  -3.17809284E-02   1.13581228      -1.96141636    
  -5.36000013       1.55095104E-02  -4.36434262E-02   1.22506785      -2.19765997    
  -4.63999987       1.40603976E-02   1.81325041E-02   1.31909370      -2.44698477    
  -3.92000008      -1.20882168E-02   3.31599005E-02   1.41720724      -2.69296837    
  -3.20000005       6.71103746E-02  -1.24339368E-02   1.52270746      -2.92961836    
  -2.48000002       6.40140399E-02  -9.85292494E-02   1.65233219      -3.17796326    
  -1.75999999       5.13104200E-02 -0.184096500       1.81389678      -3.47731709    
  -1.03999996       2.49201953E-02 -0.243586987       2.00028682      -3.86872745    
 -0.319999993       1.59064438E-02 -0.289771914       2.20184779      -4.38468933    
  0.389999986      -2.19265334E-02 -0.330113500       2.40504646      -5.04198551    
   1.11000001       7.72742108E-02 -0.351647466       2.61751103      -5.87610149    
   1.83000004       7.66452849E-02 -0.328925490       2.85709691      -6.88677597    
   2.54999995       6.53071925E-02 -0.325718522       3.13502765      -8.07049561    
   3.26999998      -5.01084067E-02 -0.319724321       3.43332505      -9.42270565    
   3.99000001      -5.70709258E-02 -0.246023327       3.71970201      -10.9318876    
   4.71000004       3.36147137E-02 -0.340951860       3.98914838      -12.5904617    
   5.42999983       2.75650388E-03 -0.307087600       4.26026869      -14.4090939    
   6.13999987      -6.30766992E-03 -0.279305965       4.53181124      -16.3612843    
   6.86000013       2.32026689E-02 -0.301632494       4.80891466      -18.4911861    
   7.57999992       3.99468802E-02 -0.327610850       5.09639168      -20.7779274    
   8.30000019       6.81981072E-02 -0.395536810       5.40606833      -23.2399406    
   9.02000046       6.13251366E-02 -0.416884094       5.74654722      -25.9009628    
   9.73999977      -2.54256874E-02 -0.538769603       6.10846424      -28.7911263    
   10.4600000     -0.171494946     -0.453825623       6.44951344      -31.9337845    
   11.1800003      -3.19506340E-02 -0.643932343       6.73867464      -35.3473549    
   11.8900003      -1.72417499E-02 -0.389895797       6.99144459      -38.9877930    
   12.6099997      0.169622183     -0.415550560       7.26123667      -42.9159813    
   13.3299999      0.186339036     -0.422016382       7.59691095      -47.0571098    
   14.0500002      0.186339036     -0.413994610       8.02701664      -51.4151344    
   14.7700005      0.186339036     -0.413994610       8.55372143      -55.9888153    
   15.4899998      0.186339036     -0.413994610       9.17702293      -60.7771034    
   16.2099991      0.186339036     -0.413994610       9.89692307      -65.7800064    
   16.9300003      0.186339036     -0.413994610       10.7134237      -70.9975433    
   17.6399994      0.186339036     -0.413994610       11.6145086      -76.3557205    
   18.3600006      0.186339036     -0.413994610       12.6242065      -82.0024796    
   19.0799999      0.186339036     -0.413994610       13.7304993      -87.8638458    
   19.7999992      0.186339036     -0.413994610       14.9333906      -93.9398270    
   20.5200005      0.186339036     -0.413994610       16.2328835      -100.230438    
   21.2399998      0.186339036     -0.413994610       17.6289711      -106.735649    
   21.9599991      0.186339036     -0.413994610       19.1216564      -113.455467    
   22.6800003      0.186339036     -0.413994610       20.7109451      -120.389923    
   23.3899994      0.186339036     -0.413994610       22.3740826      -127.441177    
   24.1100006      0.186339036     -0.413994610       24.1565685      -134.804871    
   24.8299999      0.186339036     -0.413994610       26.0356464      -142.383148    
   25.5499992      0.186339036     -0.413994610       28.0113239      -150.176041    
   26.2700005      0.186339036     -0.413994610       30.0836048      -158.183578    
   26.9899998      0.186339036     -0.413994610       32.2524796      -166.405716    
   27.7099991      0.186339036     -0.413994610       34.5179482      -174.842453    
   28.4300003      0.186339036     -0.413994610       36.8800278      -183.493835    
   29.1499996      0.186339036     -0.413994610       39.3386955      -192.359818    
   29.8600006      0.186339036     -0.413994610       41.8591461      -201.315796    
   30.5799999      0.186339036     -0.413994610       44.5110130      -210.610992    
   31.2999992      0.186339036     -0.413994610       47.2594757      -220.120819    
   32.0200005      0.186339036     -0.413994610       50.1045456      -229.845276    
   32.7400017      0.186339036     -0.413994610       53.0462112      -239.784348    
   33.4599991      0.186339036     -0.413994610       56.0844612      -249.937988    
   34.1800003      0.186339036     -0.413994610       59.2193260      -260.306274    
   34.9000015      0.186339036     -0.413994610       62.4507866      -270.889221    
   35.6100006      0.186339036     -0.413994610       65.7332840      -281.538239    
   36.3300018      0.186339036     -0.413994610       69.1579437      -292.550385    
   37.0499992      0.186339036     -0.413994610       72.6791840      -303.777100    
   37.7700005      0.186339036     -0.413994610       76.2970428      -315.218475    
   38.4900017      0.186339036     -0.413994610       80.0114975      -326.874481    
   39.2099991      0.186339036     -0.413994610       83.8225327      -338.745026    
   39.9300003      0.186339036     -0.413994610       87.7301788      -350.830261    
   40.6500015      0.186339036     -0.413994610       91.7344284      -363.130096    
   41.3600006      0.186339036     -0.413994610       95.7789841      -375.472229    
   42.0800018      0.186339036     -0.413994610       99.9764328      -388.201294    
   42.7999992      0.186339036     -0.413994610       104.270454      -401.144928    
   43.5200005      0.186339036     -0.413994610       108.661095      -414.303223    
   44.2400017      0.186339036     -0.413994610       113.148338      -427.676147    
   44.9599991      0.186339036     -0.413994610       117.732155      -441.263611    
   45.6800003      0.186339036     -0.413994610       122.412598      -455.065765    
   46.4000015      0.186339036     -0.413994610       127.189636      -469.082550    
   47.1100006      0.186339036     -0.413994610       131.996246      -483.117706    
   47.8300018      0.186339036     -0.413994610       136.966476      -497.563721    
   48.5499992      0.186339036     -0.413994610       142.033279      -512.224243    
   49.2700005      0.186339036     -0.413994610       147.196716      -527.099487    
