     0.00000     1        1.5100        1.6100        1.7100        1.8100        1.9100        2.0100     -999.0000     -999.0000     -999.0000     -999.0000     -999.0000     -999.0000     -999.0000     -999.0000     -999.0000     -999.0000     -999.0000     -999.0000     -999.0000     -999.0000     -999.0000
     0.00000     2        1.0100        1.1100        1.2100        1.3100        1.4100        1.5100        1.6100        1.7100        1.8100        1.9100        2.0100     -999.0000     -999.0000     -999.0000     -999.0000     -999.0000     -999.0000     -999.0000     -999.0000     -999.0000     -999.0000
     0.00000     3        2.0100        2.1100        2.2100        2.3100        2.4100        2.5100        2.6100        2.7100        2.8100        2.9100        3.0100        3.1100        3.2100        3.3100        3.4100        3.5100        3.6100        3.7100        3.8100        3.9100        4.0100
    60.00000     1        5.0521        5.1153        5.1799        5.2461        5.3136        5.3824     -999.0000     -999.0000     -999.0000     -999.0000     -999.0000     -999.0000     -999.0000     -999.0000     -999.0000     -999.0000     -999.0000     -999.0000     -999.0000     -999.0000     -999.0000
    60.00000     2        4.7599        4.8150        4.8719        4.9303        4.9904        5.0521        5.1153        5.1799        5.2461        5.3136        5.3824     -999.0000     -999.0000     -999.0000     -999.0000     -999.0000     -999.0000     -999.0000     -999.0000     -999.0000     -999.0000
    60.00000     3        5.3824        5.3597        5.3352        5.3086        5.2799        5.2487        5.2148        5.1779        5.1376        5.0934        5.0447        4.9910        4.9314        4.8650        4.7904        4.7059        4.6093        4.4975        4.3659        4.2074        4.0100
   120.00000     1        5.0507        5.1139        5.1787        5.2451        5.3129        5.3820     -999.0000     -999.0000     -999.0000     -999.0000     -999.0000     -999.0000     -999.0000     -999.0000     -999.0000     -999.0000     -999.0000     -999.0000     -999.0000     -999.0000     -999.0000
   120.00000     2        4.7582        4.8133        4.8703        4.9291        4.9895        5.0514        5.1147        5.1795        5.2456        5.3131        5.3820     -999.0000     -999.0000     -999.0000     -999.0000     -999.0000     -999.0000     -999.0000     -999.0000     -999.0000     -999.0000
   120.00000     3        5.3820        5.3595        5.3351        5.3086        5.2799        5.2487        5.2148        5.1779        5.1376        5.0934        5.0447        4.9910        4.9314        4.8650        4.7904        4.7059        4.6093        4.4975        4.3659        4.2074        4.0100
   180.00000     1        5.0831        5.1297        5.1840        5.2443        5.3092        5.3772     -999.0000     -999.0000     -999.0000     -999.0000     -999.0000     -999.0000     -999.0000     -999.0000     -999.0000     -999.0000     -999.0000     -999.0000     -999.0000     -999.0000     -999.0000
   180.00000     2        4.7973        4.8325        4.8767        4.9281        4.9849        5.0455        5.1087        5.1737        5.2403        5.3082        5.3772     -999.0000     -999.0000     -999.0000     -999.0000     -999.0000     -999.0000     -999.0000     -999.0000     -999.0000     -999.0000
   180.00000     3        5.3772        5.3547        5.3309        5.3055        5.2777        5.2474        5.2141        5.1776        5.1375        5.0934        5.0448        4.9910        4.9314        4.8650        4.7904        4.7059        4.6093        4.4975        4.3659        4.2074        4.0100
   240.00000     1        5.1035        5.1655        5.2251        5.2840        5.3442        5.4069     -999.0000     -999.0000     -999.0000     -999.0000     -999.0000     -999.0000     -999.0000     -999.0000     -999.0000     -999.0000     -999.0000     -999.0000     -999.0000     -999.0000     -999.0000
   240.00000     2        4.8235        4.8777        4.9289        4.9792        5.0310        5.0857        5.1440        5.2058        5.2705        5.3377        5.4069     -999.0000     -999.0000     -999.0000     -999.0000     -999.0000     -999.0000     -999.0000     -999.0000     -999.0000     -999.0000
   240.00000     3        5.4069        5.3754        5.3437        5.3117        5.2792        5.2459        5.2112        5.1743        5.1345        5.0911        5.0432        4.9901        4.9309        4.8647        4.7903        4.7059        4.6093        4.4975        4.3659        4.2074        4.0100
   300.00000     1        5.1310        5.1956        5.2605        5.3252        5.3899        5.4549     -999.0000     -999.0000     -999.0000     -999.0000     -999.0000     -999.0000     -999.0000     -999.0000     -999.0000     -999.0000     -999.0000     -999.0000     -999.0000     -999.0000     -999.0000
   300.00000     2        4.8519        4.9094        4.9670        5.0245        5.0817        5.1394        5.1981        5.2588        5.3217        5.3871        5.4549     -999.0000     -999.0000     -999.0000     -999.0000     -999.0000     -999.0000     -999.0000     -999.0000     -999.0000     -999.0000
   300.00000     3        5.4549        5.4225        5.3879        5.3514        5.3129        5.2727        5.2308        5.1872        5.1417        5.0938        5.0428        4.9879        4.9280        4.8618        4.7878        4.7040        4.6080        4.4967        4.3655        4.2073        4.0100
   360.00000     1        5.1585        5.2240        5.2907        5.3581        5.4260        5.4942     -999.0000     -999.0000     -999.0000     -999.0000     -999.0000     -999.0000     -999.0000     -999.0000     -999.0000     -999.0000     -999.0000     -999.0000     -999.0000     -999.0000     -999.0000
   360.00000     2        4.8725        4.9309        4.9905        5.0511        5.1122        5.1736        5.2356        5.2982        5.3620        5.4272        5.4942     -999.0000     -999.0000     -999.0000     -999.0000     -999.0000     -999.0000     -999.0000     -999.0000     -999.0000     -999.0000
   360.00000     3        5.4942        5.4654        5.4340        5.3998        5.3625        5.3223        5.2788        5.2320        5.1819        5.1283        5.0709        5.0094        4.9432        4.8715        4.7930        4.7059        4.6078        4.4955        4.3641        4.2063        4.0100
   420.00000     1        5.1733        5.2392        5.3065        5.3749        5.4442        5.5143     -999.0000     -999.0000     -999.0000     -999.0000     -999.0000     -999.0000     -999.0000     -999.0000     -999.0000     -999.0000     -999.0000     -999.0000     -999.0000     -999.0000     -999.0000
   420.00000     2        4.8791        4.9377        4.9979        5.0594        5.1220        5.1856        5.2498        5.3148        5.3803        5.4468        5.5143     -999.0000     -999.0000     -999.0000     -999.0000     -999.0000     -999.0000     -999.0000     -999.0000     -999.0000     -999.0000
   420.00000     3        5.5143        5.4900        5.4631        5.4333        5.4004        5.3642        5.3243        5.2805        5.2325        5.1800        5.1223        5.0591        4.9898        4.9136        4.8295        4.7361        4.6314        4.5125        4.3748        4.2114        4.0100
   480.00000     1        5.1691        5.2350        5.3023        5.3708        5.4405        5.5112     -999.0000     -999.0000     -999.0000     -999.0000     -999.0000     -999.0000     -999.0000     -999.0000     -999.0000     -999.0000     -999.0000     -999.0000     -999.0000     -999.0000     -999.0000
   480.00000     2        4.8699        4.9283        4.9883        5.0498        5.1127        5.1768        5.2420        5.3081        5.3751        5.4427        5.5112     -999.0000     -999.0000     -999.0000     -999.0000     -999.0000     -999.0000     -999.0000     -999.0000     -999.0000     -999.0000
   480.00000     3        5.5112        5.4903        5.4670        5.4410        5.4122        5.3801        5.3445        5.3049        5.2611        5.2124        5.1584        5.0982        5.0312        4.9562        4.8720        4.7771        4.6690        4.5447        4.3994        4.2256        4.0100
   540.00000     1        5.1490        5.2145        5.2813        5.3495        5.4190        5.4897     -999.0000     -999.0000     -999.0000     -999.0000     -999.0000     -999.0000     -999.0000     -999.0000     -999.0000     -999.0000     -999.0000     -999.0000     -999.0000     -999.0000     -999.0000
   540.00000     2        4.8486        4.9065        4.9659        5.0269        5.0894        5.1533        5.2185        5.2848        5.3522        5.4205        5.4897     -999.0000     -999.0000     -999.0000     -999.0000     -999.0000     -999.0000     -999.0000     -999.0000     -999.0000     -999.0000
   540.00000     3        5.4897        5.4702        5.4487        5.4248        5.3983        5.3688        5.3360        5.2996        5.2589        5.2136        5.1630        5.1063        5.0425        4.9705        4.8890        4.7959        4.6888        4.5639        4.4160        4.2365        4.0100
   600.00000     1        5.1227        5.1875        5.2538        5.3215        5.3905        5.4607     -999.0000     -999.0000     -999.0000     -999.0000     -999.0000     -999.0000     -999.0000     -999.0000     -999.0000     -999.0000     -999.0000     -999.0000     -999.0000     -999.0000     -999.0000
   600.00000     2        4.8235        4.8805        4.9392        4.9996        5.0614        5.1248        5.1895        5.2556        5.3229        5.3913        5.4607     -999.0000     -999.0000     -999.0000     -999.0000     -999.0000     -999.0000     -999.0000     -999.0000     -999.0000     -999.0000
   600.00000     3        5.4607        5.4413        5.4200        5.3966        5.3708        5.3422        5.3107        5.2756        5.2367        5.1934        5.1449        5.0905        5.0293        4.9600        4.8812        4.7909        4.6862        4.5636        4.4173        4.2382        4.0100
   660.00000     1        5.0982        5.1625        5.2283        5.2954        5.3639        5.4337     -999.0000     -999.0000     -999.0000     -999.0000     -999.0000     -999.0000     -999.0000     -999.0000     -999.0000     -999.0000     -999.0000     -999.0000     -999.0000     -999.0000     -999.0000
   660.00000     2        4.8010        4.8574        4.9155        4.9751        5.0364        5.0992        5.1634        5.2291        5.2961        5.3643        5.4337     -999.0000     -999.0000     -999.0000     -999.0000     -999.0000     -999.0000     -999.0000     -999.0000     -999.0000     -999.0000
   660.00000     3        5.4337        5.4136        5.3917        5.3678        5.3416        5.3129        5.2814        5.2466        5.2081        5.1655        5.1180        5.0648        5.0051        4.9376        4.8609        4.7730        4.6711        4.5515        4.4086        4.2335        4.0100
   720.00000     1        5.0795        5.1434        5.2087        5.2755        5.3436        5.4130     -999.0000     -999.0000     -999.0000     -999.0000     -999.0000     -999.0000     -999.0000     -999.0000     -999.0000     -999.0000     -999.0000     -999.0000     -999.0000     -999.0000     -999.0000
   720.00000     2        4.7842        4.8401        4.8977        4.9568        5.0176        5.0799        5.1438        5.2091        5.2758        5.3438        5.4130     -999.0000     -999.0000     -999.0000     -999.0000     -999.0000     -999.0000     -999.0000     -999.0000     -999.0000     -999.0000
   720.00000     3        5.4130        5.3920        5.3693        5.3446        5.3177        5.2884        5.2563        5.2211        5.1824        5.1397        5.0922        5.0394        4.9803        4.9138        4.8384        4.7521        4.6525        4.5358        4.3966        4.2264        4.0100
   780.00000     1        5.0671        5.1307        5.1957        5.2622        5.3300        5.3992     -999.0000     -999.0000     -999.0000     -999.0000     -999.0000     -999.0000     -999.0000     -999.0000     -999.0000     -999.0000     -999.0000     -999.0000     -999.0000     -999.0000     -999.0000
   780.00000     2        4.7731        4.8287        4.8859        4.9448        5.0053        5.0673        5.1308        5.1958        5.2623        5.3301        5.3992     -999.0000     -999.0000     -999.0000     -999.0000     -999.0000     -999.0000     -999.0000     -999.0000     -999.0000     -999.0000
   780.00000     3        5.3992        5.3775        5.3540        5.3286        5.3010        5.2710        5.2383        5.2026        5.1634        5.1203        5.0726        5.0196        4.9606        4.8944        4.8196        4.7344        4.6362        4.5216        4.3855        4.2197        4.0100
   840.00000     1        5.0597        5.1231        5.1879        5.2542        5.3219        5.3910     -999.0000     -999.0000     -999.0000     -999.0000     -999.0000     -999.0000     -999.0000     -999.0000     -999.0000     -999.0000     -999.0000     -999.0000     -999.0000     -999.0000     -999.0000
   840.00000     2        4.7666        4.8220        4.8790        4.9377        4.9979        5.0598        5.1231        5.1880        5.2543        5.3220        5.3910     -999.0000     -999.0000     -999.0000     -999.0000     -999.0000     -999.0000     -999.0000     -999.0000     -999.0000     -999.0000
   840.00000     3        5.3910        5.3688        5.3448        5.3189        5.2908        5.2603        5.2271        5.1909        5.1512        5.1077        5.0596        5.0064        4.9473        4.8811        4.8066        4.7218        4.6244        4.5112        4.3771        4.2145        4.0100
   900.00000     1        5.0557        5.1190        5.1837        5.2499        5.3175        5.3865     -999.0000     -999.0000     -999.0000     -999.0000     -999.0000     -999.0000     -999.0000     -999.0000     -999.0000     -999.0000     -999.0000     -999.0000     -999.0000     -999.0000     -999.0000
   900.00000     2        4.7631        4.8183        4.8752        4.9338        4.9940        5.0557        5.1190        5.1837        5.2500        5.3175        5.3865     -999.0000     -999.0000     -999.0000     -999.0000     -999.0000     -999.0000     -999.0000     -999.0000     -999.0000     -999.0000
   900.00000     3        5.3865        5.3640        5.3398        5.3135        5.2851        5.2543        5.2208        5.1842        5.1443        5.1004        5.0521        4.9987        4.9394        4.8731        4.7986        4.7140        4.6171        4.5046        4.3718        4.2112        4.0100
   960.00000     1        5.0537        5.1169        5.1816        5.2478        5.3153        5.3842     -999.0000     -999.0000     -999.0000     -999.0000     -999.0000     -999.0000     -999.0000     -999.0000     -999.0000     -999.0000     -999.0000     -999.0000     -999.0000     -999.0000     -999.0000
   960.00000     2        4.7613        4.8165        4.8734        4.9319        4.9920        5.0537        5.1169        5.1816        5.2478        5.3153        5.3842     -999.0000     -999.0000     -999.0000     -999.0000     -999.0000     -999.0000     -999.0000     -999.0000     -999.0000     -999.0000
   960.00000     3        5.3842        5.3616        5.3372        5.3108        5.2822        5.2512        5.2175        5.1808        5.1406        5.0966        5.0481        4.9946        4.9351        4.8688        4.7942        4.7097        4.6130        4.5009        4.3687        4.2093        4.0100
  1020.00000     1        5.0527        5.1159        5.1806        5.2468        5.3143        5.3832     -999.0000     -999.0000     -999.0000     -999.0000     -999.0000     -999.0000     -999.0000     -999.0000     -999.0000     -999.0000     -999.0000     -999.0000     -999.0000     -999.0000     -999.0000
  1020.00000     2        4.7605        4.8156        4.8725        4.9310        4.9911        5.0527        5.1159        5.1806        5.2468        5.3143        5.3832     -999.0000     -999.0000     -999.0000     -999.0000     -999.0000     -999.0000     -999.0000     -999.0000     -999.0000     -999.0000
  1020.00000     3        5.3832        5.3605        5.3360        5.3095        5.2809        5.2498        5.2160        5.1792        5.1389        5.0948        5.0462        4.9925        4.9330        4.8666        4.7921        4.7076        4.6109        4.4990        4.3672        4.2082        4.0100
  1080.00000     1        5.0523        5.1155        5.1802        5.2463        5.3138        5.3827     -999.0000     -999.0000     -999.0000     -999.0000     -999.0000     -999.0000     -999.0000     -999.0000     -999.0000     -999.0000     -999.0000     -999.0000     -999.0000     -999.0000     -999.0000
  1080.00000     2        4.7601        4.8153        4.8721        4.9306        4.9907        5.0523        5.1155        5.1802        5.2463        5.3138        5.3827     -999.0000     -999.0000     -999.0000     -999.0000     -999.0000     -999.0000     -999.0000     -999.0000     -999.0000     -999.0000
  1080.00000     3        5.3827        5.3600        5.3355        5.3090        5.2803        5.2491        5.2153        5.1784        5.1381        5.0939        5.0453        4.9916        4.9321        4.8656        4.7911        4.7066        4.6100        4.4981        4.3664        4.2078        4.0100
  1140.00000     1        5.0522        5.1153        5.1800        5.2462        5.3137        5.3825     -999.0000     -999.0000     -999.0000     -999.0000     -999.0000     -999.0000     -999.0000     -999.0000     -999.0000     -999.0000     -999.0000     -999.0000     -999.0000     -999.0000     -999.0000
  1140.00000     2        4.7600        4.8151        4.8720        4.9304        4.9905        5.0522        5.1153        5.1800        5.2462        5.3137        5.3825     -999.0000     -999.0000     -999.0000     -999.0000     -999.0000     -999.0000     -999.0000     -999.0000     -999.0000     -999.0000
  1140.00000     3        5.3825        5.3598        5.3353        5.3087        5.2800        5.2488        5.2150        5.1781        5.1378        5.0936        5.0449        4.9912        4.9316        4.8652        4.7906        4.7061        4.6095        4.4977        4.3661        4.2075        4.0100
  1200.00000     1        5.0521        5.1153        5.1800        5.2461        5.3136        5.3825     -999.0000     -999.0000     -999.0000     -999.0000     -999.0000     -999.0000     -999.0000     -999.0000     -999.0000     -999.0000     -999.0000     -999.0000     -999.0000     -999.0000     -999.0000
  1200.00000     2        4.7600        4.8151        4.8719        4.9304        4.9905        5.0521        5.1153        5.1800        5.2461        5.3136        5.3825     -999.0000     -999.0000     -999.0000     -999.0000     -999.0000     -999.0000     -999.0000     -999.0000     -999.0000     -999.0000
  1200.00000     3        5.3825        5.3598        5.3352        5.3087        5.2799        5.2488        5.2149        5.1780        5.1377        5.0934        5.0448        4.9911        4.9315        4.8650        4.7904        4.7059        4.6093        4.4976        4.3659        4.2074        4.0100
  1260.00000     1        5.0522        5.1153        5.1800        5.2461        5.3137        5.3825     -999.0000     -999.0000     -999.0000     -999.0000     -999.0000     -999.0000     -999.0000     -999.0000     -999.0000     -999.0000     -999.0000     -999.0000     -999.0000     -999.0000     -999.0000
  1260.00000     2        4.7600        4.8152        4.8720        4.9304        4.9905        5.0522        5.1154        5.1800        5.2462        5.3137        5.3825     -999.0000     -999.0000     -999.0000     -999.0000     -999.0000     -999.0000     -999.0000     -999.0000     -999.0000     -999.0000
  1260.00000     3        5.3825        5.3598        5.3352        5.3087        5.2799        5.2488        5.2149        5.1780        5.1376        5.0934        5.0448        4.9910        4.9314        4.8650        4.7904        4.7059        4.6093        4.4975        4.3659        4.2074        4.0100
  1320.00000     1        5.0522        5.1154        5.1801        5.2462        5.3138        5.3826     -999.0000     -999.0000     -999.0000     -999.0000     -999.0000     -999.0000     -999.0000     -999.0000     -999.0000     -999.0000     -999.0000     -999.0000     -999.0000     -999.0000     -999.0000
  1320.00000     2        4.7601        4.8152        4.8721        4.9305        4.9906        5.0523        5.1154        5.1801        5.2462        5.3138        5.3826     -999.0000     -999.0000     -999.0000     -999.0000     -999.0000     -999.0000     -999.0000     -999.0000     -999.0000     -999.0000
  1320.00000     3        5.3826        5.3599        5.3353        5.3088        5.2800        5.2488        5.2149        5.1780        5.1377        5.0935        5.0448        4.9911        4.9315        4.8650        4.7904        4.7059        4.6093        4.4975        4.3659        4.2074        4.0100
  1380.00000     1        5.0522        5.1154        5.1801        5.2462        5.3138        5.3826     -999.0000     -999.0000     -999.0000     -999.0000     -999.0000     -999.0000     -999.0000     -999.0000     -999.0000     -999.0000     -999.0000     -999.0000     -999.0000     -999.0000     -999.0000
  1380.00000     2        4.7601        4.8152        4.8720        4.9305        4.9906        5.0522        5.1154        5.1801        5.2462        5.3138        5.3826     -999.0000     -999.0000     -999.0000     -999.0000     -999.0000     -999.0000     -999.0000     -999.0000     -999.0000     -999.0000
  1380.00000     3        5.3826        5.3599        5.3354        5.3088        5.2801        5.2489        5.2150        5.1781        5.1378        5.0935        5.0449        4.9911        4.9315        4.8650        4.7904        4.7059        4.6093        4.4975        4.3659        4.2074        4.0100
  1440.00000     1        5.0522        5.1154        5.1801        5.2462        5.3137        5.3826     -999.0000     -999.0000     -999.0000     -999.0000     -999.0000     -999.0000     -999.0000     -999.0000     -999.0000     -999.0000     -999.0000     -999.0000     -999.0000     -999.0000     -999.0000
  1440.00000     2        4.7600        4.8152        4.8720        4.9305        4.9905        5.0522        5.1154        5.1801        5.2462        5.3137        5.3826     -999.0000     -999.0000     -999.0000     -999.0000     -999.0000     -999.0000     -999.0000     -999.0000     -999.0000     -999.0000
  1440.00000     3        5.3826        5.3599        5.3353        5.3088        5.2801        5.2489        5.2150        5.1781        5.1378        5.0936        5.0449        4.9912        4.9316        4.8651        4.7905        4.7060        4.6094        4.4976        4.3659        4.2074        4.0100
