0	0
1440	0
2880	0
4320	0
5760	0
7200	0
8640	0
10080	0
11520	0
12960	0
14400	0
15840	0
17280	0
18720	0
20160	0
21600	0
23040	0
24480	0
25920	0
27360	0
28800	0
30240	0
31680	0
33120	0
34560	0
36000	0
37440	0
38880	0
40320	0
41760	0
43200	0
44640	0
46080	0
47520	0
48960	0
50400	0
51840	0
53280	0
54720	0
56160	0
57600	0
59040	0
60480	0
61920	0
63360	0
64800	0
66240	0
67680	0
69120	0
70560	0
72000	0
73440	0
74880	0
76320	0
77760	0
79200	0
80640	0
82080	0
83520	0
84960	0
86400	0
87840	0
89280	0
90720	0
92160	0
93600	0
95040	0
96480	0
97920	0
99360	0
100800	0
102240	0
103680	0
105120	0
106560	0
108000	0
109440	0
110880	0
112320	0
113760	0
115200	0
116640	0
118080	0
119520	0
120960	0
122400	0
123840	0
125280	0
126720	0
128160	0
129600	0
131040	0
132480	0
133920	0
135360	0
136800	0
138240	0
139680	0
141120	0
142560	0
144000	0
145440	0
146880	0
148320	0
149760	0
151200	0
152640	0
154080	0
155520	0
156960	0
158400	0
159840	0
161280	0
162720	0
164160	0
165600	0
167040	0
168480	0
169920	0
171360	0
172800	0
174240	0
175680	0
177120	0
178560	0
180000	0
181440	0
182880	0
184320	0
185760	0
187200	0
188640	0
190080	0
191520	0
192960	0
194400	0
195840	0
197280	0
198720	0
200160	0
201600	0
203040	0
204480	0
205920	0
207360	0
208800	0
210240	0
211680	0
213120	0
214560	0
216000	0
217440	0
218880	0
220320	0
221760	0
223200	0
224640	0
226080	0
227520	0
228960	0
230400	0
231840	0
233280	0
234720	0
236160	0
237600	0
239040	0
240480	0
241920	0
243360	0
244800	0
246240	0
247680	0
249120	0
250560	0
252000	0
253440	0
254880	0
256320	0
257760	0
259200	0
260640	0
262080	0
263520	0
264960	0
266400	0
267840	0
269280	0
270720	0
272160	0
273600	0
275040	0
276480	0
277920	0
279360	0
280800	0
282240	0
283680	0
285120	0
286560	0
288000	0
289440	0
290880	0
292320	0
293760	0
295200	0
296640	0
298080	0
299520	0
300960	0
302400	0
303840	0
305280	0
306720	0
308160	0
309600	0
311040	0
312480	0
313920	0
315360	0
316800	0
318240	0
319680	0
321120	0
322560	0
324000	0
325440	0
326880	0
328320	0
329760	0
331200	0
332640	0
334080	0
335520	0
336960	0
338400	0
339840	0
341280	0
342720	0
344160	0
345600	0
347040	0
348480	0
349920	0
351360	0
352800	0
354240	0
355680	0
357120	0
358560	0
360000	0
361440	0
362880	0
364320	0
365760	0
367200	0
368640	0
370080	0
371520	0
372960	0
374400	0
375840	0
377280	0
378720	0
380160	0
381600	0
383040	0
384480	0
385920	0
387360	0
388800	0
390240	0
391680	0
393120	0
394560	0
396000	0
397440	0
398880	0
400320	0
401760	0
403200	0
404640	0
406080	0
407520	0
408960	0
410400	0
411840	0
413280	0
414720	0
416160	0
417600	0
419040	0
420480	0
421920	0
423360	0
424800	0
426240	0
427680	0
429120	0
430560	0
432000	0
433440	0
434880	0
436320	0
437760	0
439200	0
440640	0
442080	0
443520	0
444960	0
446400	0
447840	0
449280	0
450720	0
452160	0
453600	0
455040	-28.6
456480	-28.32
457920	-28.26
459360	-22.91
460800	-15.29
462240	-15.32
463680	-15.12
465120	-15.01
466560	-14.89
468000	-14.92
469440	-14.67
470880	-14.33
472320	-14.47
473760	-14.61
475200	-14.38
476640	-14.44
478080	-14.55
479520	-14.67
480960	-15.15
482400	-15.63
483840	-16.11
485280	-16.59
486720	-17.13
488160	-16.59
489600	-16.34
491040	-15.09
492480	-13.11
493920	-13.11
495360	-13.59
496800	-13.99
498240	-13.82
499680	-13.9
501120	-14.13
502560	-13.22
504000	-11.41
505440	-12.26
506880	-12.01
508320	-12.03
509760	-12.12
511200	-12.54
512640	-12.71
514080	-13.11
515520	-12.8
516960	-12.91
518400	-12.86
519840	-12.26
521280	-12.49
522720	-12.71
524160	-12.8
525600	-12.86
527040	-13.14
528480	-13.05
529920	-12.66
531360	-12.94
532800	-13.17
534240	-13.42
535680	-13.56
537120	-13.68
538560	-13.56
540000	-13.59
541440	-13.56
542880	-13.31
544320	-13.34
545760	-13.45
547200	-12.01
548640	-11.5
550080	-10.93
551520	-10.73
552960	-10.36
554400	-10.11
555840	-10.14
557280	-10.7
558720	-10.99
560160	-10.76
561600	-10.87
563040	-10.59
564480	-10.68
565920	-12.12
567360	-12.91
568800	-13.85
570240	-14.44
571680	-14.87
573120	-15.29
574560	-15.83
576000	-16.2
577440	-16
578880	-16.14
580320	-16.34
581760	-16.57
583200	-16.62
584640	-16.79
586080	-17.08
587520	-17.02
588960	-16.82
590400	-16.76
591840	-16.88
593280	-16.88
594720	-16.48
596160	-16.37
597600	-16.42
599040	-16.59
600480	-16.57
601920	-16.57
603360	-16.28
604800	-16.03
606240	-15.72
607680	-15.55
609120	-15.15
610560	-15.15
612000	-15.06
613440	-14.78
614880	-14.64
616320	-14.27
617760	-14.3
619200	-14.27
620640	-14.24
622080	-14.44
623520	-14.19
624960	-13.82
626400	-13.37
627840	-12.94
629280	-12.63
630720	-12.06
632160	-11.75
633600	-11.64
635040	-11.44
636480	-11.69
637920	-11.72
639360	-12.2
640800	-12.18
642240	-12.54
643680	-13.28
645120	-14.13
646560	-14.16
648000	-14.44
649440	-15.04
650880	-15.04
652320	-14.64
653760	-14.53
655200	-14.84
656640	-14.98
658080	-15.01
659520	-15.01
660960	-15.18
662400	-15.21
663840	-15.23
665280	-15.26
666720	-15.23
668160	-15.12
669600	-15.01
671040	-15.06
672480	-15.06
673920	-15.09
675360	-15.12
676800	-14.87
678240	-14.7
679680	-14.53
681120	-14.27
682560	-14.16
684000	-13.96
685440	-13.79
686880	-13.65
688320	-13.45
689760	-12.97
691200	-12.49
692640	-11.95
694080	-11.33
695520	-11.16
696960	-11.04
698400	-10.59
699840	-9.63
701280	-11.33
702720	-13.03
704160	-14.72
705600	-16.42
707040	-18.12
708480	-19.71
709920	-21.15
711360	-22.4
712800	-23.28
714240	-23.96
715680	-24.95
717120	-25.6
718560	-26.42
720000	-26.93
721440	-27.33
722880	-27.55
724320	-27.67
725760	-28.09
727200	-28.12
728640	-28.6
730080	-28.6
731520	-28.26
732960	-28.32
734400	-28.6
735840	-28.88
737280	-28.6
738720	-28.6
740160	-28.88
741600	-28.29
743040	-28.09
744480	-28.01
745920	-28.88
747360	-28.88
748800	-28.6
750240	-28.23
751680	-27.81
753120	-27.5
754560	-26.96
756000	-26.59
757440	-26.05
758880	-25.09
760320	-24.07
761760	-23.33
763200	-22.6
764640	-21.72
766080	-21.01
767520	-20.42
768960	-20.22
770400	-19.91
771840	-20.36
773280	-20.7
774720	-20.64
776160	-20.3
777600	-19.82
779040	-21.12
780480	-22.31
781920	-22.65
783360	-22.63
784800	-22.65
786240	-22.48
787680	-22.51
789120	-22.82
790560	-23.36
792000	-23.62
793440	-23.39
794880	-22.68
796320	-22.57
797760	-22.91
799200	-22.85
800640	-22.77
802080	-22.51
803520	-22.09
804960	-21.83
806400	-21.8
807840	-21.72
809280	-21.72
810720	-21.55
812160	-21.15
813600	-21.27
815040	-21.1
816480	-21.04
817920	-21.21
819360	-21.21
820800	-21.69
822240	-20.67
823680	-19.4
825120	-18.97
826560	-18.55
828000	-18.52
829440	-18.77
830880	-18.77
832320	-18.94
833760	-18.86
835200	-18.75
836640	-18.8
838080	-18.6
839520	-18.46
840960	-18.07
842400	-17.67
843840	-18.01
845280	-18.66
846720	-18.66
848160	-17.78
849600	-16.71
851040	-16.37
852480	-16
853920	-16.25
855360	-15.8
856800	-15.55
858240	-15.66
859680	-14.84
861120	-14.07
862560	-13.65
864000	-13.82
865440	-13.96
866880	-13.93
868320	-12.52
869760	-5.64
871200	0
872640	0
874080	0
875520	0
876960	0
878400	0
879840	0
881280	0
882720	0
884160	0
885600	0
887040	0
888480	0
889920	0
891360	0
892800	0
894240	0
895680	0
897120	0
898560	0
900000	0
901440	0
902880	0
904320	0
905760	0
907200	0
908640	0
910080	0
911520	0
912960	0
914400	0
915840	0
917280	0
918720	0
920160	0
921600	0
923040	0
924480	0
925920	0
927360	0
928800	0
930240	0
931680	0
933120	0
934560	0
936000	0
937440	0
938880	0
940320	0
941760	0
943200	0
944640	0
946080	0
947520	0
948960	0
950400	0
951840	0
953280	0
954720	0
956160	0
957600	0
959040	0
960480	0
961920	0
963360	0
964800	0
966240	0
967680	0
969120	0
970560	0
972000	0
973440	0
974880	0
976320	0
977760	0
979200	0
980640	0
982080	0
983520	0
984960	0
986400	0
987840	0
989280	0
990720	0
992160	0
993600	0
995040	0
996480	0
997920	0
999360	0
1000800	0
1002240	0
1003680	0
1005120	0
1006560	0
1008000	0
1009440	0
1010880	0
1012320	0
1013760	0
1015200	0
1016640	0
1018080	0
1019520	0
1020960	0
1022400	0
1023840	0
1025280	0
1026720	0
1028160	0
1029600	0
1031040	0
1032480	0
1033920	0
1035360	0
1036800	0
1038240	0
1039680	0
1041120	0
1042560	0
1044000	0
1045440	0
1046880	0
1048320	0
1049760	0
1051200	0
1052640	0
1054080	0
1055520	0
1056960	0
1058400	0
1059840	0
1061280	0
1062720	0
1064160	0
1065600	0
1067040	0
1068480	0
1069920	0
1071360	0
1072800	0
1074240	0
1075680	0
1077120	0
1078560	0
1080000	0
1081440	0
1082880	0
1084320	0
1085760	0
1087200	0
1088640	0
1090080	0
1091520	0
1092960	0
1094400	0
1095840	0
1097280	0
1098720	0
1100160	0
1101600	0
1103040	0
1104480	0
1105920	0
1107360	0
1108800	0
1110240	0
1111680	0
1113120	0
1114560	0
1116000	0
1117440	0
1118880	0
1120320	0
1121760	0
1123200	0
1124640	0
1126080	0
1127520	0
1128960	0
1130400	0
1131840	0
1133280	0
1134720	0
1136160	0
1137600	0
1139040	0
1140480	0
1141920	0
1143360	0
1144800	0
1146240	0
1147680	0
1149120	0
1150560	0
1152000	0
1153440	0
1154880	0
1156320	0
1157760	0
1159200	0
1160640	0
1162080	0
1163520	0
1164960	0
1166400	0
1167840	0
1169280	0
1170720	0
1172160	0
1173600	0
1175040	0
1176480	0
1177920	0
1179360	0
1180800	0
1182240	0
1183680	0
1185120	0
1186560	0
1188000	0
1189440	0
1190880	0
1192320	0
1193760	0
1195200	0
1196640	0
1198080	0
1199520	0
1200960	0
1202400	0
1203840	0
1205280	0
1206720	0
1208160	0
1209600	0
1211040	0
1212480	0
1213920	0
1215360	0
1216800	0
1218240	0
1219680	0
1221120	0
1222560	0
1224000	0
1225440	0
1226880	0
1228320	0
1229760	0
1231200	0
1232640	0
1234080	0
1235520	0
1236960	0
1238400	0
1239840	0
1241280	0
1242720	0
1244160	0
1245600	0
1247040	0
1248480	0
1249920	0
1251360	0
1252800	0
1254240	0
1255680	0
1257120	0
1258560	0
1260000	0
1261440	0
1262880	0
1264320	0
1265760	0
1267200	0
1268640	0
1270080	0
1271520	0
1272960	0
1274400	0
1275840	0
1277280	0
1278720	0
1280160	0
1281600	0
1283040	0
1284480	0
1285920	0
1287360	0
1288800	0
1290240	0
1291680	0
1293120	0
1294560	0
1296000	-25.06
1297440	-24.89
1298880	-24.3
1300320	0
1301760	0
1303200	0
1304640	0
1306080	0
1307520	0
1308960	0
1310400	0
1311840	0
1313280	0
1314720	0
1316160	0
1317600	0
1319040	0
1320480	0
1321920	0
1323360	0
1324800	0
1326240	0
1327680	-21.35
1329120	-21.63
1330560	-21.52
1332000	-21.44
1333440	-21.29
1334880	-20.87
1336320	-20.47
1337760	-19.82
1339200	-19.68
1340640	-19.31
1342080	-18.83
1343520	-18.29
1344960	-17.5
1346400	-16.62
1347840	-15.89
1349280	-15.63
1350720	-15.55
1352160	-14.78
1353600	-14.13
1355040	-13.25
1356480	-12.88
1357920	-12.66
1359360	-12.2
1360800	-12.06
1362240	-12.09
1363680	-11.19
1365120	-8.89
1366560	-8.83
1368000	-8.78
1369440	-8.52
1370880	-8.52
1372320	-8.44
1373760	-8.35
1375200	-8.41
1376640	-8.66
1378080	-8.89
1379520	-8.66
1380960	-8.64
1382400	-8.07
1383840	-4.45
1385280	-4.42
1386720	-4.33
1388160	-4.45
1389600	-4.25
1391040	-4.22
1392480	-4.08
1393920	-4.25
1395360	-4.28
1396800	-3.03
1398240	0
1399680	0
1401120	0
1402560	0
1404000	0
1405440	0
1406880	0
1408320	0
1409760	0
1411200	0
1412640	0
1414080	0
1415520	0
1416960	0
1418400	0
1419840	0
1421280	0
1422720	0
1424160	0
1425600	0
1427040	0
1428480	0
1429920	0
1431360	0
1432800	0
1434240	0
1435680	0
1437120	0
1438560	0
1440000	0
1441440	0
1442880	0
1444320	0
1445760	0
1447200	0
1448640	0
1450080	0
1451520	0
1452960	0
1454400	0
1455840	0
1457280	0
1458720	0
1460160	0
1461600	0
1463040	0
1464480	0
1465920	0
1467360	0
1468800	0
1470240	0
1471680	0
1473120	0
1474560	0
1476000	0
1477440	0
1478880	0
1480320	0
1481760	0
1483200	0
1484640	0
1486080	0
1487520	0
1488960	0
1490400	0
1491840	0
1493280	0
1494720	0
1496160	0
1497600	0
1499040	0
1500480	0
1501920	0
1503360	0
1504800	0
1506240	0
1507680	0
1509120	0
1510560	0
1512000	0
1513440	0
1514880	0
1516320	0
1517760	0
1519200	0
1520640	0
1522080	0
1523520	0
1524960	0
1526400	0
1527840	0
1529280	0
1530720	0
1532160	0
1533600	0
1535040	0
1536480	0
1537920	0
1539360	0
1540800	0
1542240	0
1543680	0
1545120	0
1546560	0
1548000	0
1549440	0
1550880	0
1552320	0
1553760	0
1555200	0
1556640	0
1558080	0
1559520	0
1560960	0
1562400	0
1563840	0
1565280	0
1566720	0
1568160	0
1569600	0
1571040	0
1572480	0
1573920	0
1575360	0
1576800	0
1578240	0
1579680	0
1581120	0
1582560	0
1584000	0
1585440	0
1586880	0
1588320	0
1589760	0
1591200	0
1592640	0
1594080	0
1595520	0
1596960	0
1598400	0
1599840	0
1601280	0
1602720	0
1604160	0
1605600	0
1607040	0
1608480	0
1609920	0
1611360	0
1612800	0
1614240	0
1615680	0
1617120	0
1618560	0
1620000	0
1621440	0
1622880	0
1624320	0
1625760	0
1627200	0
1628640	0
1630080	0
1631520	0
1632960	0
1634400	0
1635840	0
1637280	0
1638720	0
1640160	0
1641600	0
1643040	0
1644480	0
1645920	0
1647360	0
1648800	0
1650240	0
1651680	0
1653120	0
1654560	0
1656000	0
1657440	0
1658880	0
1660320	0
1661760	0
1663200	0
1664640	0
1666080	0
1667520	0
1668960	0
1670400	0
1671840	0
1673280	0
1674720	0
1676160	0
1677600	0
1679040	0
1680480	0
1681920	0
1683360	0
1684800	0
1686240	0
1687680	0
1689120	0
1690560	0
1692000	0
1693440	0
1694880	0
1696320	0
1697760	0
1699200	0
1700640	0
1702080	0
1703520	0
1704960	0
1706400	0
1707840	0
1709280	0
1710720	0
1712160	0
1713600	0
1715040	0
1716480	0
1717920	0
1719360	0
1720800	0
1722240	0
1723680	0
1725120	0
1726560	0
1728000	0
1729440	0
1730880	0
1732320	0
1733760	0
1735200	0
1736640	0
1738080	0
1739520	0
1740960	0
1742400	0
1743840	0
1745280	0
1746720	0
1748160	0
1749600	0
1751040	0
1752480	0
1753920	0
1755360	0
1756800	0
1758240	0
1759680	0
1761120	0
1762560	0
1764000	0
1765440	0
1766880	0
1768320	0
1769760	0
1771200	0
1772640	0
1774080	0
1775520	0
1776960	0
1778400	0
1779840	0
1781280	0
1782720	0
1784160	0
1785600	0
1787040	0
1788480	0
1789920	0
1791360	0
1792800	0
1794240	0
1795680	0
1797120	0
1798560	0
1800000	0
1801440	0
1802880	0
1804320	0
1805760	0
1807200	0
1808640	0
1810080	0
1811520	0
1812960	0
1814400	0
1815840	0
1817280	0
1818720	0
1820160	0
1821600	0
1823040	0
1824480	0
1825920	0
1827360	0
1828800	0
1830240	0
1831680	0
1833120	0
1834560	0
1836000	0
1837440	0
1838880	0
1840320	0
1841760	0
1843200	0
1844640	0
1846080	0
1847520	0
1848960	0
1850400	0
1851840	0
1853280	0
1854720	0
1856160	0
1857600	0
1859040	0
1860480	0
1861920	0
1863360	0
1864800	0
1866240	0
1867680	0
1869120	0
1870560	0
1872000	0
1873440	0
1874880	0
1876320	0
1877760	0
1879200	0
1880640	0
1882080	0
1883520	0
1884960	0
1886400	0
1887840	0
1889280	0
1890720	0
1892160	0
1893600	0
1895040	0
1896480	0
1897920	0
1899360	0
1900800	0
1902240	0
1903680	0
1905120	0
1906560	0
1908000	0
1909440	0
1910880	0
1912320	0
1913760	0
1915200	0
1916640	0
1918080	0
1919520	0
1920960	0
1922400	0
1923840	0
1925280	0
1926720	0
1928160	0
1929600	0
1931040	0
1932480	0
1933920	0
1935360	0
1936800	0
1938240	0
1939680	0
1941120	0
1942560	0
1944000	0
1945440	0
1946880	0
1948320	0
1949760	0
1951200	0
1952640	0
1954080	0
1955520	0
1956960	0
1958400	0
1959840	0
1961280	0
1962720	0
1964160	0
1965600	0
1967040	0
1968480	0
1969920	0
1971360	0
1972800	0
1974240	0
1975680	0
1977120	0
1978560	0
1980000	0
1981440	0
1982880	0
1984320	0
1985760	0
1987200	0
1988640	0
1990080	0
1991520	0
1992960	0
1994400	0
1995840	0
1997280	0
1998720	0
2000160	0
2001600	0
2003040	0
2004480	0
2005920	0
2007360	0
2008800	0
2010240	0
2011680	0
2013120	0
2014560	0
2016000	0
2017440	0
2018880	0
2020320	0
2021760	0
2023200	0
2024640	0
2026080	0
2027520	0
2028960	0
2030400	0
2031840	0
2033280	0
2034720	0
2036160	0
2037600	0
2039040	0
2040480	0
2041920	0
2043360	0
2044800	0
2046240	0
2047680	0
2049120	0
2050560	0
2052000	0
2053440	0
2054880	0
2056320	0
2057760	0
2059200	0
2060640	0
2062080	0
2063520	0
2064960	0
2066400	0
2067840	0
2069280	0
2070720	0
2072160	0
2073600	0
2075040	0
2076480	0
2077920	0
2079360	0
2080800	0
2082240	0
2083680	0
2085120	0
2086560	0
2088000	0
2089440	0
2090880	0
2092320	0
2093760	0
2095200	0
2096640	0
2098080	0
2099520	0
2100960	0
2102400	0
2103840	0
2105280	0
2106720	0
2108160	0
2109600	0
2111040	0
2112480	0
2113920	0
2115360	0
2116800	0
2118240	0
2119680	0
2121120	0
2122560	0
2124000	0
2125440	0
2126880	0
2128320	0
2129760	0
2131200	0
2132640	0
2134080	0
2135520	0
2136960	0
2138400	0
2139840	0
2141280	0
2142720	0
2144160	0
2145600	0
2147040	0
2148480	0
2149920	0
2151360	0
2152800	0
2154240	0
2155680	0
2157120	0
2158560	0
2160000	0
2161440	0
2162880	0
2164320	0
2165760	0
2167200	0
2168640	0
2170080	0
2171520	0
2172960	0
2174400	0
2175840	0
2177280	0
2178720	0
2180160	0
2181600	0
2183040	0
2184480	0
2185920	0
2187360	0
2188800	0
2190240	0
2191680	0
2193120	0
2194560	0
2196000	0
2197440	0
2198880	0
2200320	0
2201760	0
2203200	0
2204640	0
2206080	0
2207520	0
2208960	0
2210400	0
2211840	0
2213280	0
2214720	0
2216160	0
2217600	0
2219040	0
2220480	0
2221920	0
2223360	0
2224800	0
2226240	0
2227680	0
2229120	0
2230560	0
2232000	0
2233440	0
2234880	0
2236320	0
2237760	0
2239200	0
2240640	0
2242080	0
2243520	0
2244960	0
2246400	0
2247840	0
2249280	0
2250720	0
2252160	0
2253600	0
2255040	0
2256480	0
2257920	0
2259360	0
2260800	0
2262240	0
2263680	0
2265120	0
2266560	0
2268000	0
2269440	0
2270880	0
2272320	0
2273760	0
2275200	0
2276640	0
2278080	0
2279520	0
2280960	0
2282400	0
2283840	0
2285280	0
2286720	0
2288160	0
2289600	0
2291040	0
2292480	0
2293920	0
2295360	0
2296800	0
2298240	0
2299680	0
2301120	0
2302560	0
2304000	0
2305440	0
2306880	0
2308320	0
2309760	0
2311200	0
2312640	0
2314080	0
2315520	0
2316960	0
2318400	0
2319840	0
2321280	0
2322720	0
2324160	0
2325600	0
2327040	0
2328480	0
2329920	0
2331360	0
2332800	0
2334240	0
2335680	0
2337120	0
2338560	0
2340000	0
2341440	0
2342880	0
2344320	0
2345760	0
2347200	0
2348640	0
2350080	0
2351520	0
2352960	0
2354400	0
2355840	0
2357280	0
2358720	0
2360160	0
2361600	0
2363040	0
2364480	0
2365920	0
2367360	0
2368800	0
2370240	0
2371680	0
2373120	0
2374560	0
2376000	0
2377440	0
2378880	0
2380320	0
2381760	0
2383200	0
2384640	0
2386080	0
2387520	0
2388960	0
2390400	0
2391840	0
2393280	0
2394720	0
2396160	0
2397600	0
2399040	0
2400480	0
2401920	0
2403360	0
2404800	0
2406240	0
2407680	0
2409120	0
2410560	0
2412000	0
2413440	0
2414880	0
2416320	0
2417760	0
2419200	0
2420640	0
2422080	0
2423520	0
2424960	0
2426400	0
2427840	0
2429280	0
2430720	0
2432160	0
2433600	0
2435040	0
2436480	0
2437920	0
2439360	0
2440800	0
2442240	0
2443680	0
2445120	0
2446560	0
2448000	0
2449440	0
2450880	0
2452320	0
2453760	0
2455200	0
2456640	0
2458080	0
2459520	0
2460960	0
2462400	0
2463840	0
2465280	0
2466720	0
2468160	0
2469600	0
2471040	0
2472480	0
2473920	0
2475360	0
2476800	0
2478240	0
2479680	0
2481120	0
2482560	0
2484000	0
2485440	0
2486880	0
2488320	0
2489760	0
2491200	0
2492640	0
2494080	0
2495520	0
2496960	0
2498400	0
2499840	0
2501280	0
2502720	0
2504160	0
2505600	0
2507040	0
2508480	0
2509920	0
2511360	0
2512800	0
2514240	0
2515680	0
2517120	0
2518560	0
2520000	0
2521440	0
2522880	0
2524320	0
2525760	0
2527200	0
2528640	0
2530080	0
2531520	0
2532960	0
2534400	0
2535840	0
2537280	0
2538720	0
2540160	0
2541600	0
2543040	0
2544480	0
2545920	0
2547360	0
2548800	0
2550240	0
2551680	0
2553120	0
2554560	0
2556000	0
2557440	0
2558880	0
2560320	0
2561760	0
2563200	0
2564640	0
2566080	0
2567520	0
2568960	0
2570400	0
2571840	0
2573280	0
2574720	0
2576160	0
2577600	0
2579040	0
2580480	0
2581920	0
2583360	0
2584800	0
2586240	0
2587680	0
2589120	0
2590560	0
2592000	0
2593440	0
2594880	0
2596320	0
2597760	0
2599200	0
2600640	0
2602080	0
2603520	0
2604960	0
2606400	0
2607840	0
2609280	0
2610720	0
2612160	0
2613600	0
2615040	0
2616480	0
2617920	0
2619360	0
2620800	0
2622240	0
2623680	0
2625120	0
2626560	0
2628000	0
2629440	0
2630880	0
2632320	0
2633760	0
2635200	0
2636640	0
2638080	0
2639520	0
2640960	0
2642400	0
2643840	0
2645280	0
2646720	0
2648160	0
2649600	0
2651040	0
2652480	0
2653920	0
2655360	0
2656800	0
2658240	0
2659680	0
2661120	0
2662560	0
2664000	0
2665440	0
2666880	0
2668320	0
2669760	0
2671200	0
2672640	0
2674080	0
2675520	0
2676960	0
2678400	0
2679840	0
2681280	0
2682720	0
2684160	0
2685600	0
2687040	0
2688480	0
2689920	0
2691360	0
2692800	0
2694240	0
2695680	0
2697120	0
2698560	0
2700000	0
2701440	0
2702880	0
2704320	0
2705760	0
2707200	0
2708640	0
2710080	0
2711520	0
2712960	0
2714400	0
2715840	0
2717280	0
2718720	0
2720160	0
2721600	0
2723040	0
2724480	0
2725920	0
2727360	0
2728800	0
2730240	0
2731680	0
2733120	0
2734560	0
2736000	0
2737440	0
2738880	0
2740320	0
2741760	0
2743200	0
2744640	0
2746080	0
2747520	0
2748960	0
2750400	0
2751840	0
2753280	0
2754720	0
2756160	0
2757600	0
2759040	0
2760480	0
2761920	0
2763360	0
2764800	0
2766240	0
2767680	0
2769120	0
2770560	0
2772000	0
2773440	0
2774880	0
2776320	0
2777760	0
2779200	0
2780640	0
2782080	0
2783520	0
2784960	0
2786400	0
2787840	0
2789280	0
2790720	0
2792160	0
2793600	0
2795040	0
2796480	0
2797920	0
2799360	0
2800800	0
2802240	0
2803680	0
2805120	0
2806560	0
2808000	0
2809440	0
2810880	0
2812320	0
2813760	0
2815200	0
2816640	0
2818080	0
2819520	0
2820960	0
2822400	0
2823840	0
2825280	0
2826720	0
2828160	0
2829600	0
2831040	0
2832480	0
2833920	0
2835360	0
2836800	0
2838240	0
2839680	0
2841120	0
2842560	0
2844000	0
2845440	0
2846880	0
2848320	0
2849760	0
2851200	0
2852640	0
2854080	0
2855520	0
2856960	0
2858400	0
2859840	0
2861280	0
2862720	0
2864160	0
2865600	0
2867040	0
2868480	0
2869920	0
2871360	0
2872800	0
2874240	0
2875680	0
2877120	0
2878560	0
2880000	0
2881440	0
2882880	0
2884320	0
2885760	0
2887200	0
2888640	0
2890080	0
2891520	0
2892960	0
2894400	0
2895840	0
2897280	0
2898720	0
2900160	0
2901600	0
2903040	0
2904480	0
2905920	0
2907360	0
2908800	0
2910240	0
2911680	0
2913120	0
2914560	0
2916000	0
2917440	0
2918880	0
2920320	0
2921760	0
2923200	0
2924640	0
2926080	0
2927520	0
2928960	0
2930400	0
2931840	0
2933280	0
2934720	0
2936160	0
2937600	0
2939040	0
2940480	0
2941920	0
2943360	0
2944800	0
2946240	0
2947680	0
2949120	0
2950560	0
2952000	0
2953440	0
2954880	0
2956320	0
2957760	0
2959200	0
2960640	0
2962080	0
2963520	0
2964960	0
2966400	0
2967840	0
2969280	0
2970720	0
2972160	0
2973600	0
2975040	0
2976480	0
2977920	0
2979360	0
2980800	0
2982240	0
2983680	0
2985120	0
2986560	0
2988000	0
2989440	0
2990880	0
2992320	0
2993760	0
2995200	0
2996640	0
2998080	0
2999520	0
3000960	0
3002400	0
3003840	0
3005280	0
3006720	0
3008160	0
3009600	0
3011040	0
3012480	0
3013920	0
3015360	0
3016800	0
3018240	0
3019680	0
3021120	0
3022560	0
3024000	0
3025440	0
3026880	0
3028320	0
3029760	0
3031200	0
3032640	0
3034080	0
3035520	0
3036960	0
3038400	0
3039840	0
3041280	0
3042720	0
3044160	0
3045600	0
3047040	0
3048480	0
3049920	0
3051360	0
3052800	0
3054240	0
3055680	0
3057120	0
3058560	0
3060000	0
3061440	0
3062880	0
3064320	0
3065760	0
3067200	0
3068640	0
3070080	0
3071520	0
3072960	0
3074400	0
3075840	0
3077280	0
3078720	0
3080160	0
3081600	0
3083040	0
3084480	0
3085920	0
3087360	0
3088800	0
3090240	0
3091680	0
3093120	0
3094560	0
3096000	0
3097440	0
3098880	0
3100320	0
3101760	0
3103200	0
3104640	0
3106080	0
3107520	0
3108960	0
3110400	0
3111840	0
3113280	0
3114720	0
3116160	0
3117600	0
3119040	0
3120480	0
3121920	0
3123360	0
3124800	0
3126240	0
3127680	0
3129120	0
3130560	0
3132000	0
3133440	0
3134880	0
3136320	0
3137760	0
3139200	0
3140640	0
3142080	0
3143520	0
3144960	0
3146400	0
3147840	0
3149280	0
3150720	0
3152160	0
3153600	0
3155040	0
3156480	0
3157920	0
3159360	0
3160800	0
3162240	0
3163680	0
3165120	0
3166560	0
3168000	0
3169440	0
3170880	0
3172320	0
3173760	0
3175200	0
3176640	0
3178080	0
3179520	0
3180960	0
3182400	0
3183840	0
3185280	0
3186720	0
3188160	0
3189600	0
3191040	0
3192480	0
3193920	0
3195360	0
3196800	0
3198240	0
3199680	0
3201120	0
3202560	0
3204000	0
3205440	0
3206880	0
3208320	0
3209760	0
3211200	0
3212640	0
3214080	0
3215520	0
3216960	0
3218400	0
3219840	0
3221280	0
3222720	0
3224160	0
3225600	0
3227040	0
3228480	0
3229920	0
3231360	0
3232800	0
3234240	0
3235680	0
3237120	0
3238560	0
3240000	0
3241440	0
3242880	0
3244320	0
3245760	0
3247200	0
3248640	0
3250080	0
3251520	0
3252960	0
3254400	0
3255840	0
3257280	0
3258720	0
3260160	0
3261600	0
3263040	0
3264480	0
3265920	0
3267360	0
3268800	0
3270240	0
3271680	0
3273120	0
3274560	0
3276000	0
3277440	0
3278880	0
3280320	0
3281760	0
3283200	0
3284640	0
3286080	0
3287520	0
3288960	0
3290400	0
3291840	0
3293280	0
3294720	0
3296160	0
3297600	0
3299040	0
3300480	0
3301920	0
3303360	0
3304800	0
3306240	0
3307680	0
3309120	0
3310560	0
3312000	0
3313440	0
3314880	0
3316320	0
3317760	0
3319200	0
3320640	0
3322080	0
3323520	0
3324960	0
3326400	0
3327840	0
3329280	0
3330720	0
3332160	0
3333600	0
3335040	0
3336480	0
3337920	0
3339360	0
3340800	0
3342240	0
3343680	0
3345120	0
3346560	0
3348000	0
3349440	0
3350880	0
3352320	0
3353760	0
3355200	0
3356640	0
3358080	0
3359520	0
3360960	0
3362400	0
3363840	0
3365280	0
3366720	0
3368160	0
3369600	0
3371040	0
3372480	0
3373920	0
3375360	0
3376800	0
3378240	0
3379680	0
3381120	0
3382560	0
3384000	0
3385440	0
3386880	0
3388320	0
3389760	0
3391200	0
3392640	0
3394080	0
3395520	0
3396960	0
3398400	0
3399840	0
3401280	0
3402720	0
3404160	0
3405600	0
3407040	0
3408480	0
3409920	0
3411360	0
3412800	0
3414240	0
3415680	0
3417120	0
3418560	0
3420000	0
3421440	0
3422880	0
3424320	0
3425760	0
3427200	0
3428640	0
3430080	0
3431520	0
3432960	0
3434400	0
3435840	0
3437280	0
3438720	0
3440160	0
3441600	0
3443040	0
3444480	0
3445920	0
3447360	0
3448800	0
3450240	0
3451680	0
3453120	0
3454560	0
3456000	0
3457440	0
3458880	0
3460320	0
3461760	0
3463200	0
3464640	0
3466080	0
3467520	0
3468960	0
3470400	0
3471840	0
3473280	0
3474720	0
3476160	0
3477600	0
3479040	0
3480480	0
3481920	0
3483360	0
3484800	0
3486240	0
3487680	0
3489120	0
3490560	0
3492000	0
3493440	0
3494880	0
3496320	0
3497760	0
3499200	0
3500640	0
3502080	0
3503520	0
3504960	0
3506400	0
3507840	0
3509280	0
3510720	0
3512160	0
3513600	0
3515040	0
3516480	0
3517920	0
3519360	0
3520800	0
3522240	0
3523680	0
3525120	0
3526560	0
3528000	0
3529440	0
3530880	0
3532320	0
3533760	0
3535200	0
3536640	0
3538080	0
3539520	0
3540960	0
3542400	0
3543840	0
3545280	0
3546720	0
3548160	0
3549600	0
3551040	0
3552480	0
3553920	0
3555360	0
3556800	0
3558240	0
3559680	0
3561120	0
3562560	0
3564000	0
3565440	0
3566880	0
3568320	0
3569760	0
3571200	0
3572640	0
3574080	0
3575520	0
3576960	0
3578400	0
3579840	0
3581280	0
3582720	0
3584160	0
3585600	0
3587040	0
3588480	0
3589920	0
3591360	0
3592800	0
3594240	0
3595680	0
3597120	0
3598560	0
3600000	0
3601440	0
3602880	0
3604320	0
3605760	0
3607200	0
3608640	0
3610080	0
3611520	0
3612960	0
3614400	0
3615840	0
3617280	0
3618720	0
3620160	0
3621600	0
3623040	0
3624480	0
3625920	0
3627360	0
3628800	0
3630240	0
3631680	0
3633120	0
3634560	0
3636000	0
3637440	0
3638880	0
3640320	0
3641760	0
3643200	0
3644640	0
3646080	0
3647520	0
3648960	0
3650400	0
3651840	0
3653280	0
3654720	0
3656160	0
3657600	0
3659040	0
3660480	0
3661920	0
3663360	0
3664800	0
3666240	0
3667680	0
3669120	0
3670560	0
3672000	0
3673440	0
3674880	0
3676320	0
3677760	0
3679200	0
3680640	0
3682080	0
3683520	0
3684960	0
3686400	0
3687840	0
3689280	0
3690720	0
3692160	0
3693600	0
3695040	0
3696480	0
3697920	0
3699360	0
3700800	0
3702240	0
3703680	0
3705120	0
3706560	0
3708000	0
3709440	0
3710880	0
3712320	0
3713760	0
3715200	0
3716640	0
3718080	0
3719520	0
3720960	0
3722400	0
3723840	0
3725280	0
3726720	0
3728160	0
3729600	0
3731040	0
3732480	0
3733920	0
3735360	0
3736800	0
3738240	0
3739680	0
3741120	0
3742560	0
3744000	0
3745440	0
3746880	0
3748320	0
3749760	0
3751200	0
3752640	0
3754080	0
3755520	0
3756960	0
3758400	0
3759840	0
3761280	0
3762720	0
3764160	0
3765600	0
3767040	0
3768480	0
3769920	0
3771360	0
3772800	0
3774240	0
3775680	0
3777120	0
3778560	0
3780000	0
3781440	0
3782880	0
3784320	0
3785760	0
3787200	0
3788640	0
3790080	0
3791520	0
3792960	0
3794400	0
3795840	0
3797280	0
3798720	0
3800160	0
3801600	0
3803040	0
3804480	0
3805920	0
3807360	0
3808800	0
3810240	0
3811680	0
3813120	0
3814560	0
3816000	0
3817440	0
3818880	0
3820320	0
3821760	0
3823200	0
3824640	0
3826080	0
3827520	0
3828960	0
3830400	0
3831840	0
3833280	0
3834720	0
3836160	0
3837600	0
3839040	0
3840480	0
3841920	0
3843360	0
3844800	0
3846240	0
3847680	0
3849120	0
3850560	0
3852000	0
3853440	0
3854880	0
3856320	0
3857760	0
3859200	0
3860640	0
3862080	0
3863520	0
3864960	0
3866400	0
3867840	0
3869280	0
3870720	0
3872160	0
3873600	0
3875040	0
3876480	0
3877920	0
3879360	0
3880800	0
3882240	0
3883680	0
3885120	0
3886560	0
3888000	0
3889440	0
3890880	0
3892320	0
3893760	0
3895200	0
3896640	0
3898080	0
3899520	0
3900960	0
3902400	0
3903840	0
3905280	0
3906720	0
3908160	0
3909600	0
3911040	0
3912480	0
3913920	0
3915360	0
3916800	0
3918240	0
3919680	0
3921120	0
3922560	0
3924000	0
3925440	0
3926880	0
3928320	0
3929760	0
3931200	0
3932640	0
3934080	0
3935520	0
3936960	0
3938400	0
3939840	0
3941280	0
3942720	0
3944160	0
3945600	0
3947040	0
3948480	0
3949920	0
3951360	0
3952800	0
3954240	0
3955680	0
3957120	0
3958560	0
3960000	0
3961440	0
3962880	0
3964320	0
3965760	0
3967200	0
3968640	0
3970080	0
3971520	0
3972960	0
3974400	0
3975840	0
3977280	0
3978720	0
3980160	0
3981600	0
3983040	0
3984480	0
3985920	0
3987360	0
3988800	0
3990240	0
3991680	0
3993120	0
3994560	0
3996000	0
3997440	0
3998880	0
4000320	0
4001760	0
4003200	0
4004640	0
4006080	0
4007520	0
4008960	0
4010400	0
4011840	0
4013280	0
4014720	0
4016160	0
4017600	0
4019040	0
4020480	0
4021920	0
4023360	0
4024800	0
4026240	0
4027680	0
4029120	0
4030560	0
4032000	0
4033440	0
4034880	0
4036320	0
4037760	0
4039200	0
4040640	0
4042080	0
4043520	0
4044960	0
4046400	0
4047840	0
4049280	0
4050720	0
4052160	0
4053600	0
4055040	0
4056480	0
4057920	0
4059360	0
4060800	0
4062240	0
4063680	0
4065120	0
4066560	0
4068000	0
4069440	0
4070880	0
4072320	0
4073760	0
4075200	0
4076640	0
4078080	0
4079520	0
4080960	0
4082400	0
4083840	0
4085280	0
4086720	0
4088160	0
4089600	0
4091040	0
4092480	0
4093920	0
4095360	0
4096800	0
4098240	0
4099680	0
4101120	0
4102560	0
4104000	0
4105440	0
4106880	0
4108320	0
4109760	0
4111200	0
4112640	0
4114080	0
4115520	0
4116960	0
4118400	0
4119840	0
4121280	0
4122720	0
4124160	0
4125600	0
4127040	0
4128480	0
4129920	0
4131360	0
4132800	0
4134240	0
4135680	0
4137120	0
4138560	0
4140000	0
4141440	0
4142880	0
4144320	0
4145760	0
4147200	0
4148640	0
4150080	0
4151520	0
4152960	0
4154400	0
4155840	0
4157280	0
4158720	0
4160160	0
4161600	0
4163040	0
4164480	0
4165920	0
4167360	0
4168800	0
4170240	0
4171680	0
4173120	0
4174560	0
4176000	0
4177440	0
4178880	0
4180320	0
4181760	0
4183200	0
4184640	0
4186080	0
4187520	0
4188960	0
4190400	0
4191840	0
4193280	0
4194720	0
4196160	0
4197600	0
4199040	0
4200480	0
4201920	0
4203360	0
4204800	0
4206240	0
4207680	0
4209120	0
4210560	0
4212000	0
4213440	0
4214880	0
4216320	0
4217760	0
4219200	0
4220640	0
4222080	0
4223520	0
4224960	0
4226400	0
4227840	0
4229280	0
4230720	0
4232160	0
4233600	0
4235040	0
4236480	0
4237920	0
4239360	0
4240800	0
4242240	0
4243680	0
4245120	0
4246560	0
4248000	0
4249440	0
4250880	0
4252320	0
4253760	0
4255200	0
4256640	0
4258080	0
4259520	0
4260960	0
4262400	0
4263840	0
4265280	0
4266720	0
4268160	0
4269600	0
4271040	0
4272480	0
4273920	0
4275360	0
4276800	0
4278240	0
4279680	0
4281120	0
4282560	0
4284000	0
4285440	0
4286880	0
4288320	0
4289760	0
4291200	0
4292640	0
4294080	0
4295520	0
4296960	0
4298400	0
4299840	0
4301280	0
4302720	0
4304160	0
4305600	0
4307040	0
4308480	0
4309920	0
4311360	0
4312800	0
4314240	0
4315680	0
4317120	0
4318560	0
4320000	0
4321440	0
4322880	0
4324320	0
4325760	0
4327200	0
4328640	0
4330080	0
4331520	0
4332960	0
4334400	0
4335840	0
4337280	0
4338720	0
4340160	0
4341600	0
4343040	0
4344480	0
4345920	0
4347360	0
4348800	0
4350240	0
4351680	0
4353120	0
4354560	0
4356000	0
4357440	0
4358880	0
4360320	0
4361760	0
4363200	0
4364640	0
4366080	0
4367520	0
4368960	0
4370400	0
4371840	0
4373280	0
4374720	0
4376160	0
4377600	0
4379040	0
4380480	0
4381920	0
4383360	0
4384800	0
4386240	0
4387680	0
4389120	0
4390560	0
4392000	0
4393440	0
4394880	0
4396320	0
4397760	0
4399200	0
4400640	0
4402080	0
4403520	0
4404960	0
4406400	0
4407840	-16.06
4409280	-16.06
4410720	-15.91
4412160	-16.06
4413600	-16.11
4415040	-16.06
4416480	-15.89
4417920	-15.91
4419360	-16
4420800	-16
4422240	-15.94
4423680	-15.83
4425120	-15.83
4426560	-15.74
4428000	-15.8
4429440	-15.74
4430880	-15.91
4432320	-15.89
4433760	-15.74
4435200	-15.89
4436640	-15.86
4438080	-15.74
4439520	-15.57
4440960	-15.4
4442400	-15.21
4443840	-15.15
4445280	-14.98
4446720	-14.81
4448160	-14.58
4449600	-14.24
4451040	-12.2
4452480	-10.17
4453920	-8.04
4455360	-7.53
4456800	-6.82
4458240	-6.77
4459680	-6.68
4461120	-6.48
4462560	-6.34
4464000	-6.17
4465440	-6.06
4466880	-5.95
4468320	-5.95
4469760	-5.78
4471200	-5.78
4472640	-5.75
4474080	-5.72
4475520	-5.69
4476960	-5.69
4478400	-5.58
4479840	-5.49
4481280	-5.38
4482720	-5.24
4484160	-5.3
4485600	-5.38
4487040	-5.44
4488480	-5.55
4489920	-5.61
4491360	-5.38
4492800	-5.07
4494240	-4.9
4495680	-4.62
4497120	-4.19
4498560	0
4500000	0
4501440	0
4502880	0
4504320	0
4505760	0
4507200	0
4508640	0
4510080	0
4511520	0
4512960	0
4514400	0
4515840	0
4517280	0
4518720	0
4520160	0
4521600	0
4523040	0
4524480	0
4525920	0
4527360	0
4528800	0
4530240	0
4531680	0
4533120	0
4534560	0
4536000	0
4537440	0
4538880	0
4540320	0
4541760	0
4543200	0
4544640	0
4546080	0
4547520	0
4548960	0
4550400	0
4551840	0
4553280	0
4554720	0
4556160	0
4557600	0
4559040	0
4560480	0
4561920	0
4563360	0
4564800	0
4566240	0
4567680	0
4569120	0
4570560	0
4572000	0
4573440	0
4574880	0
4576320	0
4577760	0
4579200	0
4580640	0
4582080	0
4583520	0
4584960	0
4586400	0
4587840	0
4589280	0
4590720	0
4592160	0
4593600	0
4595040	0
4596480	0
4597920	0
4599360	0
4600800	0
4602240	0
4603680	0
4605120	0
4606560	0
4608000	0
4609440	0
4610880	0
4612320	0
4613760	0
4615200	0
4616640	0
4618080	0
4619520	0
4620960	0
4622400	0
4623840	0
4625280	0
4626720	0
4628160	0
4629600	0
4631040	0
4632480	0
4633920	0
4635360	0
4636800	0
4638240	0
4639680	0
4641120	0
4642560	0
4644000	0
4645440	0
4646880	0
4648320	0
4649760	0
4651200	0
4652640	0
4654080	0
4655520	0
4656960	0
4658400	0
4659840	0
4661280	0
4662720	0
4664160	0
4665600	0
4667040	0
4668480	0
4669920	0
4671360	0
4672800	0
4674240	0
4675680	0
4677120	0
4678560	0
4680000	0
4681440	0
4682880	0
4684320	0
4685760	0
4687200	0
4688640	0
4690080	0
4691520	0
4692960	0
4694400	0
4695840	0
4697280	0
4698720	0
4700160	0
4701600	0
4703040	0
4704480	0
4705920	0
4707360	0
4708800	0
4710240	0
4711680	0
4713120	0
4714560	0
4716000	0
4717440	0
4718880	0
4720320	0
4721760	0
4723200	0
4724640	0
4726080	0
4727520	0
4728960	0
4730400	0
4731840	0
4733280	0
4734720	0
4736160	0
4737600	0
4739040	0
4740480	0
4741920	0
4743360	0
4744800	0
4746240	0
4747680	0
4749120	0
4750560	0
4752000	0
4753440	0
4754880	0
4756320	0
4757760	0
4759200	0
4760640	0
4762080	0
4763520	0
4764960	0
4766400	0
4767840	0
4769280	0
4770720	0
4772160	0
4773600	0
4775040	0
4776480	0
4777920	0
4779360	0
4780800	0
4782240	0
4783680	0
4785120	0
4786560	0
4788000	0
4789440	0
4790880	0
4792320	0
4793760	0
4795200	0
4796640	0
4798080	0
4799520	0
4800960	0
4802400	0
4803840	0
4805280	0
4806720	0
4808160	0
4809600	0
4811040	0
4812480	0
4813920	0
4815360	0
4816800	0
4818240	-46.44
4819680	-47.29
4821120	-48.14
4822560	-49.27
4824000	-50.97
4825440	-52.67
4826880	-54.37
4828320	-55.5
4829760	-56.63
4831200	-58.05
4832640	-58.9
4834080	-59.18
4835520	-59.18
4836960	-58.62
4838400	-58.62
4839840	-58.62
4841280	-58.9
4842720	-59.47
4844160	-59.75
4845600	0
4847040	0
4848480	0
4849920	-58.33
4851360	-58.62
4852800	-58.33
4854240	-57.77
4855680	-57.77
4857120	-57.77
4858560	-57.2
4860000	-55.5
4861440	-54.37
4862880	-53.24
4864320	-52.39
4865760	-51.54
4867200	-50.69
4868640	-50.12
4870080	-50.4
4871520	-50.69
4872960	-50.4
4874400	-50.97
4875840	-50.97
4877280	-50.97
4878720	0
4880160	0
4881600	0
4883040	0
4884480	0
4885920	0
4887360	0
4888800	0
4890240	0
4891680	0
4893120	0
4894560	0
4896000	0
4897440	0
4898880	0
4900320	0
4901760	0
4903200	0
4904640	0
4906080	0
4907520	0
4908960	0
4910400	0
4911840	0
4913280	0
4914720	0
4916160	0
4917600	0
4919040	0
4920480	0
4921920	0
4923360	0
4924800	0
4926240	0
4927680	0
4929120	0
4930560	0
4932000	0
4933440	0
4934880	0
4936320	0
4937760	0
4939200	0
4940640	0
4942080	0
4943520	0
4944960	0
4946400	0
4947840	0
4949280	0
4950720	0
4952160	0
4953600	0
4955040	0
4956480	0
4957920	0
4959360	0
4960800	0
4962240	0
4963680	0
4965120	0
4966560	0
4968000	0
4969440	0
4970880	0
4972320	0
4973760	0
4975200	0
4976640	0
4978080	0
4979520	0
4980960	0
4982400	0
4983840	0
4985280	0
4986720	0
4988160	0
4989600	0
4991040	0
4992480	0
4993920	0
4995360	0
4996800	0
4998240	0
4999680	0
5001120	0
5002560	0
5004000	0
5005440	0
5006880	0
5008320	0
5009760	0
5011200	0
5012640	0
5014080	0
5015520	0
5016960	0
5018400	0
5019840	0
5021280	0
5022720	0
5024160	0
5025600	0
5027040	0
5028480	0
5029920	0
5031360	0
5032800	0
5034240	0
5035680	0
5037120	0
5038560	0
5040000	0
5041440	0
5042880	0
5044320	0
5045760	0
5047200	0
5048640	0
5050080	0
5051520	0
5052960	0
5054400	0
5055840	0
5057280	0
5058720	0
5060160	0
5061600	0
5063040	0
5064480	0
5065920	0
5067360	0
5068800	0
5070240	0
5071680	0
5073120	0
5074560	0
5076000	0
5077440	0
5078880	0
5080320	0
5081760	0
5083200	0
5084640	0
5086080	0
5087520	0
5088960	0
5090400	0
5091840	0
5093280	0
5094720	0
5096160	0
5097600	0
5099040	0
5100480	0
5101920	0
5103360	0
5104800	0
5106240	0
5107680	0
5109120	0
5110560	0
5112000	0
5113440	0
5114880	0
5116320	0
5117760	0
5119200	0
5120640	0
5122080	0
5123520	0
5124960	0
5126400	0
5127840	0
5129280	0
5130720	0
5132160	0
5133600	0
5135040	0
5136480	0
5137920	0
5139360	0
5140800	0
5142240	0
5143680	0
5145120	0
5146560	0
5148000	0
5149440	0
5150880	0
5152320	0
5153760	0
5155200	0
5156640	0
5158080	0
5159520	0
5160960	0
5162400	0
5163840	0
5165280	0
5166720	0
5168160	0
5169600	0
5171040	0
5172480	0
5173920	0
5175360	0
5176800	0
5178240	0
5179680	0
5181120	0
5182560	0
5184000	0
5185440	0
5186880	0
5188320	0
5189760	0
5191200	0
5192640	0
5194080	0
5195520	0
5196960	0
5198400	0
5199840	0
5201280	0
5202720	0
5204160	0
5205600	0
5207040	0
5208480	0
5209920	0
5211360	0
5212800	0
5214240	0
5215680	0
5217120	0
5218560	0
5220000	0
5221440	0
5222880	0
5224320	0
5225760	0
5227200	0
5228640	0
5230080	0
5231520	0
5232960	0
5234400	0
5235840	0
5237280	0
5238720	0
5240160	0
5241600	0
5243040	0
5244480	0
5245920	0
5247360	0
5248800	0
5250240	0
5251680	0
5253120	0
5254560	0
5256000	0
5257440	0
5258880	0
5260320	0
5261760	0
5263200	0
5264640	0
5266080	0
5267520	0
5268960	0
5270400	0
5271840	0
5273280	0
5274720	0
5276160	0
5277600	0
5279040	0
5280480	0
5281920	0
5283360	0
5284800	0
5286240	0
5287680	0
5289120	0
5290560	0
5292000	0
5293440	0
5294880	0
5296320	0
5297760	0
5299200	0
5300640	0
5302080	0
5303520	0
5304960	0
5306400	0
5307840	0
5309280	0
5310720	0
5312160	0
5313600	0
5315040	0
5316480	0
5317920	0
5319360	0
5320800	0
5322240	0
5323680	-7.02
5325120	-7.05
5326560	-7.08
5328000	-7.5
5329440	-7.45
5330880	-7.45
5332320	-7.48
5333760	-7.65
5335200	-7.7
5336640	-7.93
5338080	-8.16
5339520	-8.13
5340960	-7.82
5342400	-23.13
5343840	-37.1
5345280	-37.1
5346720	-37.38
5348160	-37.38
5349600	-37.38
5351040	-37.38
5352480	-37.66
5353920	-37.66
5355360	-37.94
5356800	-38.23
5358240	-38.23
5359680	-38.23
5361120	-38.51
5362560	-38.79
5364000	-38.79
5365440	-38.51
5366880	-38.79
5368320	-38.79
5369760	-39.08
5371200	-38.51
5372640	-38.51
5374080	-38.23
5375520	-38.23
5376960	-37.94
5378400	-38.23
5379840	-37.94
5381280	-37.94
5382720	-37.94
5384160	-37.94
5385600	-37.66
5387040	-37.38
5388480	-37.38
5389920	-37.1
5391360	-36.81
5392800	-36.81
5394240	-36.25
5395680	-35.68
5397120	-35.4
5398560	-35.68
5400000	-35.11
5401440	-35.11
5402880	-35.4
5404320	-35.4
5405760	-35.4
5407200	-35.11
5408640	-34.55
5410080	-34.26
5411520	-34.26
5412960	-34.83
5414400	-34.55
5415840	-34.55
5417280	-34.26
5418720	-34.26
5420160	-34.26
5421600	-34.55
5423040	-34.83
5424480	-34.83
5425920	-34.83
5427360	-34.83
5428800	-34.83
5430240	-34.83
5431680	-34.83
5433120	-34.83
5434560	-34.83
5436000	-34.83
5437440	-34.55
5438880	-34.55
5440320	-34.83
5441760	-35.11
5443200	-35.11
5444640	-35.96
5446080	-35.11
5447520	-35.68
5448960	-35.4
5450400	-35.11
5451840	-35.11
5453280	-35.11
5454720	-35.11
5456160	-35.4
5457600	-35.68
5459040	-35.4
5460480	-35.68
5461920	-35.4
5463360	-35.4
5464800	-34.83
5466240	-35.11
5467680	-35.11
5469120	-35.4
5470560	-35.4
5472000	-35.4
5473440	-35.4
5474880	-35.4
5476320	-35.11
5477760	-35.11
5479200	-35.11
5480640	-35.11
5482080	-34.83
5483520	-35.11
5484960	-35.11
5486400	-35.4
5487840	-35.4
5489280	-35.11
5490720	-35.4
5492160	-35.68
5493600	-35.4
5495040	-35.4
5496480	-35.4
5497920	-35.4
5499360	-35.68
5500800	-35.11
5502240	-35.11
5503680	-35.11
5505120	-34.83
5506560	-34.83
5508000	-34.55
5509440	-34.26
5510880	-33.98
5512320	-33.98
5513760	-33.98
5515200	-33.98
5516640	-34.26
5518080	-33.98
5519520	-33.98
5520960	-33.98
5522400	-33.98
5523840	-33.98
5525280	-33.98
5526720	-33.98
5528160	-33.98
5529600	-33.7
5531040	0
5532480	0
5533920	0
5535360	0
5536800	0
5538240	0
5539680	0
5541120	0
5542560	0
5544000	0
5545440	0
5546880	0
5548320	0
5549760	0
5551200	0
5552640	0
5554080	0
5555520	0
5556960	0
5558400	0
5559840	0
5561280	0
5562720	0
5564160	0
5565600	0
5567040	0
5568480	0
5569920	0
5571360	0
5572800	0
5574240	0
5575680	0
5577120	0
5578560	0
5580000	0
5581440	0
5582880	0
5584320	0
5585760	0
5587200	0
5588640	0
5590080	0
5591520	0
5592960	0
5594400	0
5595840	0
5597280	0
5598720	0
5600160	0
5601600	0
5603040	0
5604480	0
5605920	0
5607360	0
5608800	0
5610240	0
5611680	0
5613120	0
5614560	0
5616000	0
5617440	0
5618880	0
5620320	0
5621760	0
5623200	0
5624640	0
5626080	0
5627520	0
5628960	0
5630400	0
5631840	0
5633280	0
5634720	0
5636160	0
5637600	0
5639040	0
5640480	0
5641920	0
5643360	0
5644800	0
5646240	0
5647680	0
5649120	0
5650560	0
5652000	0
5653440	0
5654880	0
5656320	0
5657760	0
5659200	0
5660640	0
5662080	0
5663520	0
5664960	0
5666400	0
5667840	0
5669280	0
5670720	0
5672160	0
5673600	0
5675040	0
5676480	0
5677920	0
5679360	0
5680800	0
5682240	0
5683680	0
5685120	0
5686560	0
5688000	0
5689440	0
5690880	0
5692320	0
5693760	0
5695200	0
5696640	0
5698080	0
5699520	0
5700960	0
5702400	0
5703840	0
5705280	0
5706720	0
5708160	0
5709600	0
5711040	0
5712480	0
5713920	0
5715360	0
5716800	0
5718240	0
5719680	0
5721120	0
5722560	0
5724000	0
5725440	0
5726880	0
5728320	0
5729760	0
5731200	0
5732640	0
5734080	0
5735520	0
5736960	0
5738400	0
5739840	0
5741280	0
5742720	0
5744160	0
5745600	0
5747040	0
5748480	0
5749920	0
5751360	0
5752800	0
5754240	0
5755680	0
5757120	0
5758560	0
5760000	0
5761440	0
5762880	0
5764320	0
5765760	0
5767200	0
5768640	0
5770080	0
5771520	0
5772960	0
5774400	0
5775840	0
5777280	0
5778720	0
5780160	0
5781600	0
5783040	0
5784480	0
