RS=956850.6	
0	11.26540772
9.963911581	8.162544209
19.92477684	7.178039767
39.8526	7.104887837
54.79694363	6.739128186
64.75781005	6.803135907
74.72171814	6.516623744
94.64649265	6.416039767
104.6104054	6.150864093
109.5908363	5.846064093
114.5743181	5.096255791
121.7736927	3.5052
123.7548927	2.929127895
129.8234618	2.59689614
136.0627181	1.551432047
142.1221436	0.246888001
148.2211946	-0.48463201
160.327851	-3.264408012
166.4360363	-3.934967953
172.5381382	-3.877056081
178.5701235	-3.42290386
184.7179529	-4.123943919
190.8352726	-5.25170386
202.9632765	-8.330183977
208.9678402	-10.33272047
215.1552765	-11.2014
221.3244255	-11.65555251
227.3564108	-12.44498456
233.394498	-14.17624749
245.5316363	-15.48383977
263.877549	-17.85213591
269.9552618	-21.36343088
276.1213598	-27.78556912
288.194502	-30.48
342.9609451	-30.48
355.162098	-29.35528726
361.2764039	-28.77007181
373.526298	-27.91663088
379.5613529	-27.07233591
385.6969784	-26.61208726
397.8158294	-25.33497684
410.0840294	-25.21000772
416.122098	-24.48153591
422.1784726	-24.75585637
428.3628765	-24.08224865
440.4512549	-23.68600772
446.6234549	-23.68905637
452.628	-22.99715907
458.6935274	-21.84806409
464.8413196	-21.47925637
470.8976941	-21.60117684
483.1202039	-20.44903088
495.3396255	-19.89429498
507.4005451	-19.74494363
525.7403745	-17.67535251
531.793698	-17.46503977
550.1152216	-17.42846409
556.0862804	-16.58112047
568.3331235	-16.09953591
574.398651	-15.4686
586.6180726	-15.06626409
598.709502	-15.45336023
604.9883745	-15.05407181
617.0828549	-14.98092047
623.2581059	-15.36801544
629.3174941	-14.36217567
635.352549	-14.32255251
641.3601451	-14.80413591
653.6130902	-13.65503977
665.905698	-13.46911158
684.1723412	-11.71651158
696.2485529	-11.65250386
702.3201451	-11.29283977
708.4405529	-11.48486409
714.4725568	-12.47851158
720.6629883	-11.08557567
744.9159451	-7.882128186
751.0728902	-6.833616023
757.0805607	-5.422392279
787.676349	-0.844295994
799.8836039	1.283208012
811.9658432	2.252471959
836.1913412	3.72770386
841.321149	3.310127895
861.7914902	3.258311872
876.7358432	3.480816023
891.6801961	4.154424035
901.6440902	4.971287837
931.5327961	6.662928186
946.477149	7.263383977
961.421502	7.178039767
971.3823451	7.99490386
981.3462393	10.40282433
986.326698	10.85087953
	
