RS=900156.6	
0	9.692639767
9.973056372	6.92810386
39.88917451	4.760975965
54.84875907	4.160519884
64.81876912	4.251959942
69.8052973	4.751832047
74.79182549	5.772912163
79.77834902	6.306312163
112.0719127	4.88289614
118.6494927	5.02310386
124.6936819	3.413759942
137.2575382	1.969008012
149.9250255	1.301495994
156.1216147	0.676656009
168.395898	-4.764024035
174.5863853	-6.272783977
180.6244726	-8.183880116
186.8027745	-9.244583977
192.712851	-11.26845637
198.9795382	-12.91437567
204.7768402	-14.81023205
211.1197274	-15.64538456
217.3224	-17.54428842
223.0892108	-19.99792819
229.4046765	-22.15591274
235.2202471	-24.56078456
241.2613853	-25.52090502
247.7932471	-25.70378456
253.8343853	-25.44775135
265.557	-25.67635135
277.7154765	-25.52090502
283.762698	-25.12771274
290.468298	-25.46908726
308.7197235	-25.98724865
320.1649784	-27.04795135
327.056502	-26.60599228
339.2271451	-26.15793591
345.3048765	-26.32862316
351.428298	-26.08173591
356.5976941	-26.27680772
369.7894471	-26.31338456
374.8430549	-27.03880772
380.9054941	-26.43835135
387.9646726	-26.24937684
399.1142804	-25.49347181
412.3425706	-25.07589498
423.5012941	-25.50566409
429.6156	-25.49042316
448.9368765	-24.74061544
453.8990294	-25.28011274
467.3223961	-25.32583088
472.1138804	-25.97505637
479.4687059	-26.49016912
484.2296804	-27.60878456
496.3363274	-28.67558456
515.9959274	-29.33395135
520.7416471	-29.70885637
526.8193784	-29.66008726
546.4728765	-30.18739228
557.177451	-29.25470502
564.8614471	-29.21812819
570.8568765	-28.69996912
575.3739961	-27.45028726
576.9559274	-27.63316912
581.4578294	-24.10053591
583.0427745	-24.26207953
587.5233196	-22.75027181
595.2256216	-22.91181544
601.3551451	-22.52472047
611.9469451	-22.27783088
624.0657961	-21.32685637
636.196851	-19.71751274
637.952502	-18.92807953
642.2441098	-18.58060772
648.3522393	-17.00783977
656.2038902	-13.94764749
660.504651	-13.4874
662.327349	-12.34744749
678.7042471	-7.93089614
684.7910941	-6.537960233
686.644302	-6.510528186
690.9237059	-5.129783977
692.8226039	-5.074919884
696.9922471	-3.742943919
705.0024	-2.343912017
715.2527883	0.682752003
721.3092	2.188463948
741.5478902	3.334511872
745.998	3.852672105
752.9657607	3.685032047
757.8974039	4.005072105
782.8300588	5.129783977
797.7865412	5.617464093
812.746149	6.5532
827.7057568	7.181087837
837.6788039	7.019544209
847.6488	5.809487837
857.6218471	6.595871814
867.5948941	7.00735193
877.5679412	9.204960233
	
