RS=700870.2	
0	8.016239767
9.97610386	5.63270386
14.96263205	4.79450386
24.93873591	4.636008012
49.87747181	5.18769614
74.81315907	4.995671814
104.7384255	5.294376256
114.7389127	4.151375965
121.002549	2.764535907
129.6619181	0.621791988
136.0871073	0.106679998
141.8722054	1.039368026
148.2547181	0.780287983
160.5381637	-2.103120029
166.6890255	-3.971543919
178.539651	-11.80185637
184.9861598	-15.1638
191.0547382	-19.27555251
196.894698	-23.70429498
203.2010108	-27.46857684
209.0592765	-28.78531274
215.2070873	-30.48
404.3537745	-30.48
416.667702	-29.67532819
422.760651	-28.74873591
428.8658039	-28.41040772
447.2300039	-26.23718456
459.254349	-25.20695907
465.5210549	-25.09418456
477.6673274	-24.17368726
489.9141706	-23.0124
508.2417961	-21.87244865
520.3606471	-21.34819228
526.4871196	-20.57704865
544.8177961	-19.11400772
556.9335961	-17.72107181
581.335902	-15.44421544
593.6345745	-14.62430386
599.7336255	-14.46885637
617.9545784	-13.45082433
630.1495922	-13.04543977
648.5015883	-12.06398456
654.5915607	-11.42390386
660.8186039	-11.33246409
672.8977922	-9.838943628
691.2376588	-8.497823744
703.5637529	-6.85495193
709.5377883	-4.913376256
715.8075451	-4.011167953
753.6667412	0.024383999
758.412498	0.832104006
764.4689098	0.813816023
770.5739883	1.29235193
776.7401607	1.408175965
783.4548393	2.633472105
785.8719568	3.496056081
788.8894471	2.770632047
795.0341883	2.447543919
796.5399568	3.712464093
799.5574471	5.129783977
825.4837529	6.239255791
842.9060941	6.32764807
852.8821922	6.17829614
857.8687529	4.8006
862.8552393	2.569464093
872.8314117	1.8288
882.8075098	1.8288
897.7700941	2.304287983
907.7461922	2.987040058
917.7192393	3.172967953
922.708851	2.462783977
927.6954117	2.831591988
932.681898	4.276343919
937.6715098	6.187439767
942.6579961	7.174992279
947.6445568	5.510783977
952.6340941	4.294632047
957.6206549	4.331208012
962.6071412	4.910328186
972.5832393	7.3152
	
