RS=829592.6	
0	8.016239767
4.983480116	5.63270386
9.966960233	4.79450386
19.93392047	4.636008012
24.92044865	5.18769614
34.88740772	4.995671814
39.87088726	5.294376256
54.82132819	4.151375965
59.80481005	2.764535907
69.77481544	0.621791988
78.9310054	0.106679998
89.70873823	1.039368026
94.69222009	0.780287983
97.88956912	-2.103120029
101.0564363	-3.971543919
116.2903436	-11.80185637
122.3406255	-15.1638
128.4945382	-19.27555251
134.5966309	-23.70429498
140.6469127	-27.46857684
146.7490054	-28.78531274
152.9059691	-30.48
323.7921059	-30.48
329.8210216	-29.67532819
342.0039059	-28.74873591
348.1669529	-28.41040772
354.2812216	-26.23718456
360.3071235	-25.20695907
366.5738294	-25.09418456
372.5692216	-24.17368726
378.7231529	-23.0124
384.816102	-21.87244865
396.9532216	-21.34819228
403.2107745	-20.57704865
409.2579961	-19.11400772
415.216851	-17.72107181
421.468302	-15.44421544
427.5307784	-14.62430386
433.6419961	-14.46885637
439.7776216	-13.45082433
445.7791529	-13.04543977
451.9879274	-12.06398456
464.0823706	-11.42390386
470.3368726	-11.33246409
476.2743706	-9.838943628
494.6690804	-8.497823744
500.7224039	-6.85495193
506.9067706	-4.913376256
512.975349	-4.011167953
525.1856549	0.024383999
531.3700216	0.832104006
537.2496255	0.813816023
546.4576216	1.29235193
549.4538294	1.408175965
555.6687059	2.633472105
567.7539961	3.496056081
580.3208941	2.770632047
610.2187529	2.447543919
616.692702	3.712464093
622.6698255	5.129783977
628.7718902	6.239255791
635.0020588	6.32764807
640.9730432	6.17829614
647.2092393	4.8006
653.3082902	2.569464093
659.279349	1.8288
665.3784	1.8288
671.6145961	2.304287983
677.716698	2.987040058
688.159149	3.172967953
702.7255529	2.462783977
707.7089883	2.831591988
717.5144549	4.276343919
727.6429529	6.187439767
737.609898	7.174992279
742.5964588	5.510783977
747.5798941	4.294632047
772.4972941	4.331208012
777.4808039	4.910328186
782.4672902	7.3152
	
