RS=22508.62	
0	0.905256009
10.29004749	0.880872032
20.58009498	0.856487983
30.87319228	0.826008012
41.16324093	0.786383977
51.45328726	0.731520029
61.74333823	0.697991988
72.03643088	0.652272032
82.32648186	0.618743991
92.61652354	0.50596799
95.03663628	0.402336016
102.9065745	0.070104001
113.1966255	-0.402336016
123.4897181	-0.731520029
133.7797691	-1.036320029
144.0698201	-1.350263948
154.3598618	-1.682495994
164.6529637	-2.048255936
174.9430147	-2.429255936
185.2330471	-2.81330386
205.9442108	-3.343656081
206.8433745	-3.3528
207.7364363	-3.380232047
208.6508363	-3.474719884
238.4145637	-4.636008012
267.532098	-7.684007721
269.0987745	-7.821167953
298.0182	-10.34796023
299.5848765	-10.42720772
328.5134549	-12.14932819
330.0618255	-12.35963977
359.0879235	-15.55699228
360.429051	-15.62709614
389.4582	-17.08403977
391.0797196	-17.10232819
419.932098	-17.35226409
421.5841274	-17.33702433
450.4090471	-17.3736
452.0854471	-17.37969614
480.8829451	-17.37969614
482.5898549	-17.39188842
511.3568804	-17.80946409
513.0972765	-17.80946409
541.8368804	-17.44065637
543.5955451	-17.42236795
572.3107784	-17.08708842
574.096902	-16.78838456
602.7998941	-12.08227181
604.5891059	-11.99692819
633.2525098	-10.45463977
635.1178471	-10.35710386
663.7203059	-7.824216023
692.6854588	-4.821935907
694.331349	-4.550664093
695.9529059	-4.538472105
710.0590588	-3.185159942
720.3521607	-2.685288128
730.6422117	-2.203704006
740.9321883	-1.746504006
751.2222393	-1.146047997
761.5122902	-0.673608012
771.8053922	-0.231647997
781.0073607	0.219456009
782.0954432	0.271271996
792.3854941	0.566928004
802.6755451	0.606552003
812.9686471	0.63093598
823.258698	0.655320029
833.548749	0.682752003
843.8388	0.704087983
854.128851	0.725424035
864.4219529	0.749808012
874.7120039	0.771143991
885.0020549	0.795527968
895.2921059	0.819912017
	
