RS=1161362 	
0	13.2588
4.995671814	12.26515251
14.98396795	9.332976256
19.97659228	8.2296
29.96793591	7.147560233
94.89337991	7.132319884
99.88905637	7.239
109.877349	8.720328186
114.8699745	8.339328186
126.2359691	6.309360233
127.8544564	6.522719884
140.128749	4.459224035
143.1462765	3.331464093
161.5043745	-0.539495994
167.6948618	-2.642616023
179.9478255	-4.18490386
186.0042	-6.891528186
191.9721892	-8.430767953
204.219051	-10.53083977
216.3775274	-12.86256023
222.6045892	-16.58416795
228.7676363	-17.73021544
234.8819235	-17.27911158
240.8194402	-18.11731158
246.891051	-18.50745637
259.2019274	-18.86712047
265.246098	-19.55901544
271.421349	-20.69592047
289.7459235	-20.19604865
307.9516402	-19.45538456
320.3234804	-19.46147953
326.3036549	-18.80616023
344.6678549	-18.12645637
350.6876549	-18.24837567
369.0731745	-16.84629614
387.4465274	-17.05356023
399.586698	-17.57172047
405.7375784	-17.28216023
417.807651	-17.59305637
424.0621529	-16.99869614
436.324251	-16.30984749
442.337949	-16.44396023
448.443102	-17.12366409
454.5634726	-16.002
466.6579529	-15.6972
478.9779451	-15.02663977
485.0739451	-15.03883205
491.0754765	-14.35912819
497.3330294	-14.15491158
509.3360549	-13.13687953
521.7322471	-12.8016
533.8114726	-12.90523205
539.877	-11.54887181
552.151302	-11.52448842
570.5733961	-10.99718456
582.6068941	-11.44219228
594.9909196	-11.14348842
601.1631196	-10.48207181
619.3719059	-10.10107181
637.6964432	-10.44549614
643.5607922	-11.00023205
655.8289922	-10.01267953
667.9844549	-10.13764749
680.4233607	-9.628632047
686.339502	-9.101328186
698.754	-8.488680116
716.8529883	-9.4488
722.915502	-9.430512163
728.9748902	-9.009887837
747.290349	-8.589264093
759.488451	-7.982712163
771.7079098	-8.07110386
778.1635529	-7.592567953
802.5810393	-6.806183977
808.704498	-6.979919884
814.4256	-7.555992279
820.9482902	-7.226807721
832.7227529	-7.104887837
839.2820549	-6.742176256
844.9940039	-6.797039767
857.1554941	-5.690616023
863.6233412	-4.846319884
888.4249529	-3.04495193
894.1308	-2.237232047
905.710149	1.325879971
912.269451	2.548127895
918.9232588	3.12724807
935.9859568	5.526023744
938.9486039	6.01675193
958.9282588	6.86409614
983.900502	7.184135907
993.8888039	7.751064093
1023.85371	10.07668842
1033.844988	10.52779228
1048.825953	10.21689614
1058.814255	10.33576795
1068.805608	9.771888419
1083.786498	9.67130386
1088.782212	10.08583205
1098.770439	12.89303977
	
