RS=360590.2	
0	4.998719884
4.986528186	3.761232047
9.973056372	2.148840058
17.84603977	1.350263948
30.04413591	1.45084807
31.85464865	1.844040058
33.36340772	0.966216023
42.24528186	-0.758952003
48.33823088	-1.277112017
54.43728186	-1.490471959
66.63232819	-2.194559942
78.82737451	-3.380232047
91.04376372	-5.056632047
97.13976372	-6.123432047
115.4887181	-8.900160233
121.5603382	-9.503664093
133.8285382	-11.46352819
139.8788201	-12.24991158
146.0479691	-12.80464749
152.0891073	-13.04543977
164.3877892	-13.90497567
170.3984363	-14.74317567
182.6148255	-14.87423977
201.0582765	-15.9258
213.2746471	-16.25803205
219.2395853	-16.26107953
249.9542873	-17.73631158
256.0716255	-18.25142433
261.9847529	-18.27885637
268.0929382	-18.61413591
280.5104873	-18.56232047
292.7421127	-19.16887181
298.6186471	-19.72665637
304.717698	-19.85467181
311.0697382	-20.36368726
317.1779235	-20.44293591
329.1474255	-20.32711274
341.3546804	-20.89708726
353.571051	-21.17445637
365.7783059	-21.336
372.1912726	-21.18969498
384.4198471	-21.69261544
396.6453706	-21.65604093
408.5173529	-22.49728726
414.6194549	-22.41499228
427.2107235	-22.69540772
439.4301451	-23.15260772
451.253349	-23.79268726
457.7638726	-24.01214363
463.4697196	-23.98166409
469.9802804	-24.21635907
487.8781274	-24.45410502
500.551698	-24.49372819
506.6629529	-24.36875907
512.7772216	-24.53335135
525.0027451	-24.33827953
537.2222039	-24.50287181
542.8365961	-24.3078
555.5619961	-24.64917684
561.6702	-24.66441544
567.2511059	-24.97226409
579.4674765	-25.08199228
585.5695784	-24.93873591
622.2065235	-25.24353591
641.1193412	-25.09723088
647.2153412	-25.24963088
659.4592078	-25.21610502
665.5703883	-25.45689498
671.0385568	-25.42946409
677.1406588	-25.67025637
690.0276117	-25.72816912
695.471298	-25.92019228
702.2500471	-25.79522316
714.4786588	-25.77998456
719.8919098	-25.13075907
726.7010941	-25.23744093
732.1021412	-24.26817684
738.9205529	-23.88412819
744.3093961	-24.58516912
746.1748078	-24.11577684
755.297451	-24.17064093
764.4170432	-23.54884865
773.5397607	-22.54605637
782.6624039	-20.87270502
791.7850471	-18.30019228
800.9076902	-15.05102433
810.0273568	-13.37767181
819.15	-11.99387953
828.2726432	-9.186671814
837.3953607	-5.477255791
846.5149529	-2.481072105
855.6375961	-0.792479971
864.7602393	0.621791988
873.8829568	0.771143991
883.0056	1.091183977
901.2479098	1.2954
910.3705529	1.170431974
928.6127883	1.341120029
937.7355059	2.1336
946.858149	3.742943919
	
