RS=1212757 	
0	13.44167953
4.986528186	11.64031158
14.95653591	9.046464093
19.94001544	8.174735907
39.88308186	7.08964807
64.80657451	5.141976256
69.7931027	5.141976256
79.76311274	7.357871814
84.74963628	9.003792279
89.73311814	9.494519884
144.5727382	9.60729614
159.5262255	9.729216023
189.439302	7.181087837
209.3793127	6.690360233
234.3058471	7.47064807
259.2324	7.720583977
269.2024147	8.506967953
279.1724108	8.214360233
284.1589529	7.656576256
290.1299745	6.031992279
304.0989637	3.800856081
314.0689784	3.413759942
324.0146039	2.353055936
329.5375784	2.310383977
339.1235235	0.722375965
351.3704039	-0.569976001
369.8504294	-1.612391988
381.6004471	-3.6576
394.4477745	-5.507735907
400.1719274	-4.599432047
406.3837529	-5.312664093
412.7906549	-4.928616023
418.5757529	-5.78815193
424.8027961	-5.657087837
437.4885706	-6.25449614
443.639451	-6.105144209
461.7384765	-6.809232047
468.1484294	-7.339583977
480.4135784	-7.431023744
492.6634726	-7.110983977
511.2044804	-8.37590386
517.3095961	-7.565135907
523.3964804	-8.741664093
547.951149	-11.02461544
560.2498216	-10.85697567
578.665851	-12.70406409
603.2235706	-13.56055251
615.4826549	-13.63675251
621.404898	-13.14297567
627.4917451	-13.30756795
639.7173059	-14.55115251
645.9047607	-15.53260772
658.057098	-15.32229614
670.3222471	-16.70303977
694.8251607	-18.41601544
701.2533451	-19.30298456
719.702898	-19.86076912
725.7714393	-21.00986409
731.4590549	-20.49170502
750.2957098	-20.46122316
755.9162039	-21.53412047
768.1447412	-22.99106409
774.9144117	-22.91791274
780.3397922	-23.48179228
793.2114902	-23.70429498
823.1763961	-24.80767181
853.7234432	-27.45638456
866.7658471	-27.77947181
878.1440549	-28.74873591
890.3756432	-28.52927953
897.410451	-27.26435907
909.6878039	-23.99690502
914.8998393	-20.27834363
921.0416039	-17.90090386
927.1771922	-16.84629614
933.227502	-13.45082433
939.3296039	-11.56106409
945.4896	-11.13129614
951.5611922	-9.970007721
957.6420117	-7.77544807
963.859902	-6.39470386
970.9891412	-6.096
976.0183412	-4.95909614
988.1982117	-4.535424035
1005.3828	-2.691383977
1018.775694	0.1524
1026.075639	1.078991988
1038.362145	3.325367953
1043.238945	5.013960233
1046.692353	4.443983977
1061.853102	7.531607721
1066.839588	8.22350386
1086.779655	9.723119884
1106.719647	9.387839767
1121.676204	9.582912163
1136.632761	8.967216023
1146.602757	9.412223744
1151.589243	10.05535251
1161.559239	12.78026409
1166.542749	13.2588
	
