RS=548821.8	
0	6.035039767
4.995671814	5.422392279
9.991343628	4.011167953
14.98701544	3.12115193
19.98268726	2.938272105
34.96665637	3.27964807
64.93764093	3.05409614
73.93838456	2.645664093
83.02142549	1.97815193
86.05417991	1.185672032
92.12885098	0.100584004
98.26142549	-1.786128041
104.4275235	-2.855975965
110.4564765	-7.882128186
116.5646618	-11.39647181
128.8694363	-14.12138456
134.8557127	-14.58467953
141.0187691	-17.35531158
159.2458147	-20.10155907
165.4454363	-19.46452819
171.5140147	-21.37562316
183.7303853	-21.89683088
189.7288471	-21.95474363
195.8766765	-21.40610502
201.926949	-23.04592819
208.1448765	-23.67991274
214.1860147	-23.76830502
220.2942	-24.44800772
232.6294471	-24.75890502
238.5486765	-25.99029498
244.6172363	-24.99055135
250.8107745	-25.04236912
263.0850765	-25.60624865
269.0865892	-24.58516912
275.1338108	-24.59431274
281.3151637	-27.20644865
287.3654363	-29.32785637
293.4736402	-29.55645637
305.6717235	-29.35528726
342.1867784	-28.34335135
354.628698	-27.53258456
366.7658549	-27.20949498
391.2443235	-25.54833591
409.3555529	-23.60675907
421.5475529	-22.69540772
439.7837235	-21.57069498
446.1845235	-21.5646
458.1235529	-20.47036912
464.2226039	-20.23262316
482.5288726	-19.06219228
507.1628294	-18.10816795
537.3349784	-17.06575251
543.4431451	-17.30349614
549.8988255	-16.74266409
555.961302	-16.96821544
568.217298	-15.93799228
580.421502	-15.64538456
592.6348216	-15.53260772
604.8969196	-14.93215251
610.5570765	-15.01749614
623.2032255	-15.88922433
629.2443451	-15.78559228
634.901451	-15.01444749
641.3937059	-14.59992047
653.5979098	-14.42008842
659.3494471	-14.64868842
671.9224471	-14.42923205
684.1449568	-13.66418456
696.3278039	-13.76476795
708.1571098	-14.68831158
714.2682902	-14.08480772
720.321651	-13.87144749
732.9464432	-13.89583205
738.6950039	-14.4018
756.9129059	-13.84706409
762.9631412	-13.90802433
781.815051	-13.69771158
793.9673883	-14.20672819
799.6183922	-13.89887953
805.7388	-14.58467953
811.8256471	-13.90497567
824.0054432	-14.04213591
830.6256902	-13.88363977
842.2842902	-12.85341544
860.5936471	-12.26515251
872.7491098	-11.55192047
879.4668393	-10.49731158
884.9501883	-10.52169614
891.0614432	-9.534144209
897.7639922	-7.452360233
903.8417607	-6.385560233
909.986502	-4.700016023
915.4362902	-2.639567953
929.5089568	0.774191988
937.3940941	2.468880116
944.111898	3.456432047
954.103251	3.383280116
964.0946039	3.608832047
969.0902432	4.480559942
974.0859568	6.199632047
	
