RS=1294514 	
0	14.59687181
19.94306409	10.25956795
24.92654363	9.75055193
44.86961005	8.625839767
64.81267181	8.07415193
74.78268186	7.650480116
89.73922009	9.201912163
104.695749	9.902952512
109.6822819	9.896856372
114.6688054	9.555480116
126.0195637	6.598919884
129.6253436	5.87044807
139.595349	4.410456081
146.6331799	1.773936052
152.1835946	1.667255936
156.3867892	0.908304006
178.844451	0.402336016
184.3613235	0.697991988
189.7989637	0.670560015
196.525902	0.213359996
207.4255529	0
212.7747892	0.195071996
240.9230618	-0.746760015
245.1780765	-1.048512017
264.1488255	-1.228344064
275.5879598	-1.027175965
287.3258108	-1.182624035
308.3539598	-1.6002
338.5870726	-1.530095994
344.201502	-1.816608012
367.1438039	-1.237487983
429.7314255	-0.865631974
435.5988255	-0.774191988
452.6066804	-0.204216005
464.0457961	-0.033528
475.494102	-0.316991988
501.1216726	0.4572
507.266451	0.140208003
513.3685529	0.344423999
527.6666941	0.027432001
545.4914294	0.170688001
551.5599706	0.021336
645.6303961	-0.176783995
650.7084117	-0.237743991
679.7314588	-1.405128041
692.0300941	-0.938783977
697.836549	-1.286255936
703.560702	-1.139952003
709.7390039	-1.356359942
727.9995451	-1.338071959
817.245	-2.962656081
828.9675961	-2.648711872
836.4107883	-2.688335907
848.3010393	-3.35584807
854.2873529	-3.090672105
867.610149	-3.2766
879.354102	-3.980688128
885.2732941	-3.947159942
891.6740941	-4.440935907
904.192251	-4.099559942
910.0961883	-4.392167953
915.930102	-5.129783977
922.6570588	-5.294376256
954.8286393	-6.528816023
960.6534	-7.065264093
973.0862039	-6.684264093
1002.682239	-8.400287837
1008.53751	-7.894319884
1014.798039	-7.84555193
1026.670059	-8.418576256
1092.363612	-12.95095251
1112.388957	-14.93824749
1118.369094	-15.66367181
1148.242545	-19.01342433
1178.012412	-21.85720772
1196.52291	-24.59126409
1245.007392	-13.84096795
1245.415851	-13.84096795
1294.580106	-4.7244
1301.459388	-2.919983977
1307.494518	-1.6002
1313.593494	0.320039985
1325.450184	2.767583977
1336.422984	5.34009614
1356.07038	8.506967953
1366.040377	9.948671814
1380.997008	10.7442
1390.967004	10.83259228
1405.926612	10.60703977
1425.866604	10.81735251
1430.85309	9.970007721
1435.839577	7.985760233
1440.823086	7.7724
1470.739177	7.787639767
1485.695808	9.028176256
1495.665804	9.268967953
1505.6358	10.15898456
1510.622286	12.13103977
1515.608921	13.69466409
1520.595408	14.66087953
	
