RS=187134.4	
0	0.9906
4.989576256	1.475232047
9.979152512	0.947927968
19.95525637	0.661416023
29.93440772	0.091440004
39.91355907	0.789431974
54.87924093	0.905256009
64.85838995	1.057656009
79.82407646	1.08813598
94.7928	1.036320029
104.7689073	1.234440058
119.7376309	1.225295994
139.6928873	1.426463948
147.0385691	1.307591988
166.0032255	1.469136052
172.9496108	0.862583977
178.0458765	-0.93573598
183.8492618	-5.059680116
184.2028402	-5.068823744
190.0123274	-8.269223744
196.0717529	-11.38732819
202.4512147	-15.07540772
214.652349	-19.22678456
220.5014618	-19.23287953
226.6096471	-21.71090502
232.720902	-21.73528726
239.0576873	-22.86914363
251.0424255	-26.02687181
263.2588147	-25.86532819
281.5833892	-25.77998456
306.016149	-25.99334363
324.4687529	-25.99639228
336.6729196	-25.61234363
342.665298	-25.31364093
354.9700726	-25.33802316
361.0752255	-25.57272047
373.2763784	-25.42032047
385.4805451	-25.02407953
391.5278039	-24.42057684
409.8493274	-23.78354363
422.068749	-23.44521544
440.3841706	-23.28976912
458.7117961	-23.19832819
464.7834255	-23.01849498
470.9251529	-23.13432047
483.1354216	-23.00630502
489.1765784	-22.37232047
501.3716294	-22.15286409
507.4706804	-22.37536912
513.5696941	-21.77186409
519.7724039	-21.52497684
531.9796216	-21.51887953
538.0908765	-21.72309498
550.1487451	-20.14423088
556.256949	-20.02231274
568.6227059	-20.02535907
580.650102	-20.40331274
592.842102	-20.33930502
598.9411529	-19.97659228
611.3678549	-19.68703088
623.3373196	-18.56841544
629.6832393	-18.43430386
641.6314588	-19.75408726
653.8295607	-18.30019228
659.9255607	-18.14169614
672.1206117	-18.07768842
678.5335412	-17.80641544
684.6386941	-17.77593591
709.0684588	-17.30959228
720.9098941	-16.22755251
727.0058941	-16.57197567
733.4920471	-16.15744749
745.3030471	-14.64563977
757.498098	-15.36496795
775.795251	-15.18208842
787.981149	-14.57858456
800.6578078	-14.29816795
818.9792941	-14.12443205
831.1896	-14.27378456
843.4029568	-13.69771158
855.0707098	-12.94485637
867.8265451	-12.60652819
879.4608117	-12.51508842
885.5597883	-11.66469614
903.8569412	-10.75639228
916.679898	-10.35710386
922.1479922	-10.27480772
928.8902039	-9.884664093
940.4420941	-9.6012
946.5411451	-8.948928186
947.2086393	-8.634983977
959.4219961	-5.690616023
970.934298	-1.740408012
977.033349	-0.356615987
982.4191412	0.56083201
984.0284941	0.911352003
992.815902	1.499616023
997.8023883	2.151887983
1007.781612	2.886456081
1017.760761	4.4196
	
