RS=1231023 	
0	13.35023977
19.9644	9.415271814
34.93617684	8.275319884
54.90057451	8.193023744
69.8754	6.656832047
84.84717451	6.4008
99.822	9.162287837
119.7864	8.9154
154.7225745	8.881871814
164.7047745	9.464039767
179.6796	9.180576256
195.4225274	7.269480116
204.6335745	6.266687837
214.6157745	3.782567953
219.6084	3.474719884
228.8926147	1.240536052
247.272051	-1.231391988
265.5356618	-2.615183977
284.0065529	-2.548127895
320.4057451	-2.90169614
332.609949	-2.264663948
351.1905451	-2.228087983
357.2530216	-2.499359942
381.454149	-1.078991988
442.4690294	-0.819912017
467.0420039	-1.118616023
479.2492216	-0.880872032
491.5387784	-1.139952003
497.4610216	-1.642871959
509.9029784	-1.560575965
527.9593274	-0.749808012
564.7608765	-1.033272032
583.0336216	-0.835152003
595.2591451	-1.133856009
601.2819961	-0.8382
638.0652393	-1.319783977
643.9906078	-1.792224035
662.2664039	-1.584959942
699.0710039	-2.484119884
735.7354078	-3.971543919
753.9654393	-4.852416023
766.0903922	-4.977383977
784.4912039	-5.678423744
790.4378549	-5.501639767
821.204349	-6.077712163
839.5137059	-5.922264093
845.4298471	-6.595871814
857.8290902	-6.806183977
863.6752078	-5.986271814
894.1978471	-7.348728186
900.2755412	-6.528816023
912.7571607	-6.230112163
931.0603412	-7.01344807
949.3635961	-6.7056
961.6013607	-8.357616023
973.5707883	-8.442960233
991.816149	-7.495032047
998.2016941	-7.827264093
1010.384541	-9.36650386
1016.230659	-10.53083977
1034.515608	-12.27124749
1053.123588	-12.83817567
1077.599043	-12.96619228
1095.646239	-11.77137567
1120.008957	-11.31417567
1144.3716	-12.67663205
1156.965957	-12.63700772
1169.093961	-12.99057567
1187.522157	-14.28902433
1199.66229	-14.31950386
1211.851239	-13.28318456
1224.140796	-14.13662433
1242.035592	-16.81581544
1248.259659	-17.02917567
1266.45918	-18.85797567
1272.655788	-19.91867953
1284.783792	-19.42490386
1297.393404	-19.93087181
1309.195177	-19.55596912
1321.390302	-20.06803088
1333.975506	-18.94027181
1346.1492	-15.09064749
1351.95558	-11.02461544
1358.011992	-9.177528186
1370.682623	-7.586471814
1376.726682	-6.315455791
1388.534706	-5.56564807
1395.10011	-4.148327895
1406.938494	-0.03048
1412.939988	1.188720029
1431.651702	3.310127895
1447.416023	3.849624035
1455.996114	6.120383977
1462.387686	7.635239767
1482.352086	8.412480116
1492.334286	6.507480116
1507.309223	6.25144807
1537.255823	6.544055791
1552.227486	9.686544209
1567.202423	10.78992047
	
