RS=225953  	
0	1.52704807
4.995671814	1.74955193
19.98573591	0.822960015
28.70301544	-0.48463201
34.74110502	-3.377183977
40.75785637	-4.660391988
46.20768186	-6.736080116
52.28234363	-10.59789614
58.37834363	-13.21612819
64.46824633	-16.87982433
70.6374	-18.08683205
77.39176912	-19.71446409
89.48928186	-23.29281544
94.96043628	-24.55164093
101.0747235	-25.28315907
113.9311946	-25.66720772
132.1734765	-26.98699228
137.7086363	-26.5176
149.9036873	-26.60599228
155.9539691	-27.07843088
162.147498	-28.33420772
168.2130255	-28.99257684
174.8363235	-28.48965637
186.5132108	-28.61157684
199.2904402	-28.05684093
205.4016765	-26.55722316
211.4732873	-25.86227953
229.6881382	-25.146
235.8176618	-25.27096912
247.4854147	-26.04820772
253.5417892	-25.74340772
265.7551274	-25.54833591
272.418051	-24.70404093
278.5323382	-24.9936
290.1513127	-24.95397684
296.8294726	-23.91155907
302.279298	-22.58263088
308.4118726	-23.04592819
315.0199529	-22.74722316
326.663298	-21.32380772
338.8522471	-20.50389498
351.6813059	-20.07717684
363.9037784	-20.02231274
369.3871274	-20.35759228
381.6004471	-19.67788726
400.357851	-19.56511274
412.5803235	-18.38553591
418.645851	-18.20265637
424.8454726	-17.64487181
436.927749	-17.50466409
448.7295961	-17.04136795
461.317851	-16.94383205
466.9170255	-17.27911158
479.1090255	-16.97736023
491.3467529	-17.00783977
497.8999529	-16.83105637
509.6469196	-16.08429614
516.1635451	-16.06296023
527.8861784	-15.49603205
533.9608216	-15.52956023
552.3433274	-14.94434363
564.9711706	-14.84071158
570.6434941	-14.56029614
577.1388	-14.75232047
588.8949196	-14.13357567
595.4542216	-14.05127953
601.1021745	-14.30426409
607.6858471	-13.98727181
631.6095961	-13.85620772
649.8122432	-13.26489614
656.3776471	-13.23441544
674.1931922	-12.74673591
699.0282902	-12.21028842
717.4138471	-12.56690386
735.6042902	-12.56385637
760.015749	-12.65529614
772.280898	-12.51508842
777.8983412	-12.25905637
790.4592117	-12.15542433
802.767	-12.37487953
827.0503922	-11.75003977
845.3505961	-11.18006409
863.7056432	-10.91183977
881.563902	-11.39037567
893.7954902	-11.29893591
905.8930588	-9.159239767
912.4736432	-6.803135907
918.1551568	-3.438143919
930.3349529	-0.701039985
936.3973922	-0.204216005
948.9673412	0.161543991
1003.797855	0.256031992
1008.46131	1.002791988
1015.627161	0.518160015
1034.210808	0.822960015
1039.209498	1.289304006
1044.205212	2.298191988
1054.19649	2.657856081
1059.192204	3.081527895
1064.187843	3.992880116
	
