RS=1289398 	
0	13.81658456
9.97610386	10.75639228
14.96567953	10.30833591
29.92831274	9.957815442
49.88356912	8.052816023
54.8700973	7.839455791
64.8462	9.153144209
74.8223027	11.22578456
79.81188186	11.83538456
94.77756372	10.96975251
119.7193436	11.72260772
134.6819745	11.89024749
144.6580819	11.67079228
159.6237637	10.14679228
179.5759598	10.33881544
184.5655529	9.308592279
190.4451382	7.287767953
199.5312255	4.437888128
216.6701235	0.911352003
233.1110363	0.743712017
243.6327382	0.874775965
311.4873127	0.164592007
325.8890941	0.310895994
387.711702	-0.237743991
418.4995529	-0.027432001
433.9254765	-0.33223201
452.317098	-0.957072032
471.9614804	-0.886968026
478.7402294	-1.310640058
511.1861745	-1.335024035
528.8737274	-1.158239985
564.6511529	-1.694687983
588.0231961	-1.459991988
593.6071529	-1.740408012
612.041451	-1.441704006
623.1849196	-1.941575965
628.8450393	-1.52704807
669.3408	-1.255775965
681.7157098	-0.941831974
687.4185059	-1.19786402
705.913749	-0.268223999
714.3597451	-0.670560015
720.1083059	0.124967999
726.637098	-0.01524
763.8683883	1.231391988
775.3014393	1.12166402
815.266851	2.084832047
828.4677568	1.722120029
834.3046471	2.273808012
840.4737961	1.865375965
854.3087098	1.764791988
867.2169451	2.002536052
872.9136393	1.335024035
879.1742432	1.743455936
902.890749	1.965959942
921.492702	1.362455936
949.6958549	1.04546402
969.4408078	0.393191988
975.0978393	-0.286511999
1011.192306	-2.846832047
1016.931639	-3.877056081
1036.454094	-4.200143919
1042.077639	-4.715256081
1053.583839	-5.059680116
1066.153788	-6.007607721
1085.158098	-8.019287837
1097.651847	-9.781032047
1109.831643	-10.56741544
1133.234196	-13.40510386
1145.450604	-15.37106409
1169.237208	-16.68475251
1188.68949	-18.68728842
1200.625506	-19.64740772
1218.020388	-21.717
1231.709004	-23.0124
1268.263721	-24.99664865
1274.12502	-26.51455135
1280.483106	-27.17292047
1292.059404	-24.19502316
1298.408412	-23.22271274
1346.414412	-7.946135907
1352.370216	-5.40715193
1360.35291	-2.727959942
1366.436706	-1.3716
1390.28418	3.297935907
1411.672121	6.659880116
1416.661584	7.6962
1436.61378	10.44549614
1441.603392	10.93317567
1456.569102	11.29588842
1466.5452	11.09167181
1486.497396	9.29030386
1501.463106	6.894576256
1506.449592	6.827519884
1596.2376	6.827519884
1601.227212	7.141464093
1611.20331	9.189719884
1626.16902	10.47292819
1636.145118	12.40840772
1646.121216	14.75232047
	
