RS=251910.9	
0	2.59689614
4.992623744	1.6764
9.9822	1.383791988
19.9644	1.466087983
59.89624633	1.2954
74.87107181	1.280159942
114.8029181	1.408175965
141.4180564	1.136904006
150.7175073	0.585215987
164.3725529	0.259080007
176.5828402	0.161543991
231.5382765	-1.01193598
237.6434108	-1.630679971
243.7455127	-1.655063948
254.6390618	-2.846832047
272.9819235	-3.910583977
279.0931598	-4.373880116
285.2044147	-4.376927895
304.8091529	-5.224271814
321.8901196	-5.6388
328.0013745	-6.01675193
353.6594549	-6.687312163
365.8697235	-7.174992279
378.0800294	-7.446264093
390.2750804	-8.211312163
396.398502	-9.07084807
407.4779745	-8.897112163
420.8190765	-9.235439767
457.4621235	-10.57046409
462.4974255	-10.92098456
480.8372549	-11.25321544
500.1981196	-12.24076795
505.285251	-12.82598456
512.4145274	-13.03324749
524.6278471	-13.78305637
530.733	-14.76146409
541.9679235	-14.71574363
555.1566255	-15.26133591
560.304702	-15.05712047
572.5302255	-15.43812047
584.755749	-16.65122433
590.8700549	-16.82496023
603.0955784	-16.76704749
604.0069274	-16.96821544
622.322349	-17.18462433
628.4305529	-17.70278456
634.5326549	-17.83384749
645.8834039	-18.80006409
658.9592941	-19.64435907
671.1696	-19.56815907
683.3829568	-20.10765637
688.6681412	-21.0312
694.7824471	-21.04034363
707.8065451	-21.83587181
713.911698	-22.38755907
719.2334941	-22.12238456
732.2302078	-22.48204865
744.4465412	-23.31110502
756.6568471	-23.47569498
762.0183059	-24.33218456
768.1326117	-24.36875907
774.9753568	-24.97226409
781.0805098	-25.94152819
787.1826117	-25.94152819
805.5010471	-26.84678456
811.6062	-27.32836912
817.0316549	-28.41345637
841.479651	-29.63570502
847.5909059	-29.60827181
865.9276471	-30.06547181
872.0419529	-30.58363088
884.8800902	-31.13836912
902.585949	-32.24174363
915.4119568	-32.766
939.2656078	-33.23234363
963.7197059	-34.10712047
970.3643607	-33.36035907
976.4724902	-32.34232819
982.5776432	-26.88640772
988.167702	-26.88640772
994.2759059	-24.63393591
1000.390212	-22.82952047
1006.501392	-23.05202316
1018.726953	-21.72919228
1031.424894	-19.79066409
1037.060643	-19.84552819
1043.168847	-19.41576023
1049.274	-17.48027953
1055.845506	-14.97482433
1061.505588	-11.75613591
1068.058788	-7.434071814
1074.166992	-5.291328186
1079.842404	-3.904488128
1088.870541	-2.109216023
1102.867008	0.868679971
1113.08391	1.67335193
1123.069161	1.539240058
1138.040898	1.795271959
1153.015761	3.057143919
1162.997961	4.632959942
	
