RS=1045156 	
0	11.64640772
9.966960233	8.802623744
14.95043977	8.001
29.90392819	7.077455791
54.82132819	6.01370386
64.78828726	6.01675193
74.75524633	6.40384807
84.72525637	7.894319884
89.70873823	8.15035193
104.6591745	8.257032047
119.6096201	7.379207721
134.5600564	7.952232047
157.206702	7.93089614
164.4060765	7.299960233
172.3003853	6.803135907
187.7446147	4.834127895
195.9467745	2.926080116
221.9706	-0.301752003
228.831651	-2.618232047
241.2705382	-3.087624035
247.4549235	-3.550919884
253.2766147	-3.026664093
265.6667235	-3.246119884
271.6133745	-2.840735907
284.1040726	-3.148583977
308.1680363	-3.05409614
326.7151274	-3.5814
332.6282549	-3.465575965
344.8537784	-4.014216023
363.3551235	-4.11784807
381.7924726	-4.614672105
405.8534039	-5.699760233
418.3867784	-5.605271814
430.5818294	-6.467855791
436.4461784	-7.202423744
442.5025529	-6.93724807
461.0343706	-6.995160233
466.9322804	-7.671816023
479.151702	-7.973567953
485.4945706	-8.555735907
497.6744039	-8.68375193
509.695698	-8.241792279
522.1315529	-8.927592279
534.3662294	-9.131807721
540.3006765	-9.781032047
552.7243274	-9.8298
558.8508	-10.16507953
564.6663706	-10.93622433
576.8858294	-11.81404749
595.2134549	-12.09141544
607.4572471	-12.46936795
613.559349	-12.13713591
632.0028	-12.80769614
638.2359451	-12.68577567
656.2831412	-14.02689614
674.7265922	-15.03578456
680.9506588	-15.18818456
705.2766902	-16.50492047
723.7019098	-17.09318456
729.608898	-17.72412047
735.7658432	-17.84908842
754.0081529	-18.91588842
778.4775059	-19.77542316
796.893498	-20.90623088
815.2515961	-21.12568726
827.4741059	-20.91842316
839.653902	-21.61032047
845.7804117	-22.70455135
864.0562078	-22.46071274
882.3014941	-21.63165637
888.4828471	-20.12899228
894.5392588	-19.64435907
900.6717961	-18.03806409
906.8074588	-17.62963205
925.0863059	-17.47723205
931.160949	-15.89836795
937.3270471	-13.52397567
949.522098	-13.09420772
955.5632549	-13.12468842
961.8147059	-12.17980772
973.9731451	-12.11884749
980.0234549	-11.78661544
992.2611451	-8.887967953
998.369349	-6.0198
1004.443992	-4.251959942
1010.591859	-2.9718
1022.866161	0.563880007
1046.588694	6.440423744
1056.555639	8.906255791
1061.539149	9.784079535
1066.522659	9.756647488
1091.44311	8.269223744
1106.39349	6.614160233
1111.377	5.608319884
1116.36051	5.425439767
1156.231341	5.440680116
1186.132251	6.77570386
1191.115761	7.77544807
1201.085757	10.78077567
1206.069192	11.70736795
	
