RS=151684.9	
0	1.493520029
14.94129614	1.615440058
19.92477684	1.773936052
39.8465027	1.74955193
49.80736912	1.923287983
74.71257451	1.874520029
79.6930054	1.588008012
84.67648726	0.9144
89.65691814	0.731520029
97.7646	-1.722120029
109.9291691	-1.834895994
122.2065127	-2.776727895
140.4274564	-4.660391988
146.529549	-5.516880116
152.6103127	-6.78789614
158.7459382	-7.406639767
164.7565853	-7.257287837
177.0705127	-7.47064807
201.3508726	-8.177783977
213.6038363	-7.784592279
225.7714471	-8.028432047
244.1569853	-8.543544209
274.5120255	-8.99769614
292.833549	-9.15009614
298.9813598	-9.509760233
304.9524	-9.119616023
317.0559961	-9.576816023
323.3684294	-9.543287837
341.5527706	-9.945624326
353.7081961	-10.07363977
359.734098	-10.29004749
396.3466726	-10.71372047
408.7124294	-11.49705637
414.5676255	-11.37818456
426.8205706	-11.56106409
433.1085961	-11.43914363
451.2686039	-12.01826409
457.2426765	-12.3444
469.547451	-12.51813591
475.4788471	-12.28343977
487.8415529	-12.71930386
493.8125745	-12.63091158
512.070102	-12.65224749
518.1935235	-12.50289614
524.5364294	-12.75283205
536.4296941	-13.79829614
554.6598	-14.42618456
573.2373451	-14.32864749
591.2693235	-15.56308842
603.4674255	-15.66062433
609.8408039	-15.96237567
621.9657196	-16.02943205
639.9520078	-16.82800772
652.2475922	-16.81276795
664.4213607	-17.05965637
670.4746471	-17.61134363
682.9227059	-18.27580772
695.1147059	-19.34565637
700.8967529	-19.57730502
719.5078588	-20.80564865
725.5458902	-20.88489498
731.3859059	-20.0406
737.8019607	-20.18690502
761.8140393	-22.22296912
767.9130902	-22.23820772
780.1356	-22.87219228
792.2666549	-23.66772047
804.4525529	-23.55189498
810.9356549	-24.03347953
816.6506549	-25.39288726
822.7588588	-25.55443088
834.9447568	-26.80106409
847.493349	-27.19120772
859.6792471	-26.95955907
865.3759412	-27.56611274
871.4810941	-27.40456912
878.0220902	-26.92907953
883.6547883	-26.90164865
890.1531451	-25.71902316
896.185149	-25.05455907
908.1302432	-22.32050502
914.2109883	-20.53132819
920.5599961	-18.24227953
932.758098	-14.19453591
938.482251	-9.893807721
944.578251	-7.24204807
951.0674549	-6.132576256
956.8951922	-4.788408012
968.9469961	-3.304032047
975.433149	-3.008375965
981.1878117	-3.322319884
987.2380471	-3.04495193
993.1268039	-1.728216023
998.823498	-0.185928004
1011.119157	1.4478
1016.102592	1.75564807
1026.06351	1.737359942
1045.985196	1.511808012
1060.929549	0.716279971
1080.85131	0.734568026
	
