RS=968410.8	
0	10.52169614
9.98829614	7.708392279
24.96921544	6.726935907
39.95013823	5.190744209
41.42536912	4.904232047
54.93105637	2.106167953
59.92672819	1.463040058
66.02882549	0.018288
78.26045098	-2.319528041
90.51950735	-4.056888128
96.51796912	-4.660391988
102.7328363	-6.25449614
114.8151127	-10.38758456
120.9050201	-11.91158456
127.0558819	-12.61262433
139.1899691	-13.46301544
145.2737745	-13.49349614
151.4581691	-13.95069614
157.5236873	-15.68196023
163.595298	-16.62683977
175.7690108	-15.67586409
181.9412108	-17.04746409
188.055498	-16.80667181
194.1758873	-15.80083205
200.3877127	-16.68475251
206.3617853	-16.87067953
212.4699892	-17.97710386
218.5934108	-20.93975907
224.7442726	-22.12847953
230.8006471	-24.31694363
236.9698147	-24.28951274
249.1831529	-23.14955907
255.2791529	-22.82952047
261.4757235	-23.0124
273.6890618	-22.21382316
279.8551598	-22.05837684
292.0105853	-22.44242316
298.1980402	-22.10104865
304.2086873	-21.16531274
316.5744255	-20.67763088
322.5149745	-20.94890502
334.8441196	-20.65629498
340.8578549	-20.05584093
347.1214726	-20.44903088
353.2113706	-20.00097684
371.5603529	-20.27834363
377.7081451	-19.69312819
383.8377059	-18.78787181
402.2110216	-18.35200772
408.3314294	-18.56232047
420.5721706	-18.12340772
426.4548255	-18.56841544
432.6331274	-18.09292819
451.030851	-17.51990386
457.2548804	-17.49552047
463.140549	-18.05635251
469.4590471	-18.33981544
481.7729745	-18.26666409
493.7607451	-19.01037567
499.8903059	-19.2024
505.9405784	-19.02561544
512.1066765	-18.42820772
518.2666726	-18.54098456
524.3322	-17.78812819
530.729949	-17.49552047
542.7086039	-17.96491158
548.9935784	-17.84603977
561.3105196	-18.45868842
573.2769706	-16.35556795
579.345549	-16.71827953
603.8758471	-17.40712819
609.974898	-17.15719228
616.4457961	-16.55978456
640.4732039	-16.86153591
646.9502039	-15.31010386
653.107149	-15.19427953
658.8068941	-15.38935251
664.9790941	-15.20342433
677.5520941	-13.19174363
689.3539412	-12.58519228
701.5978078	-10.80516023
707.3097568	-10.45463977
714.2134471	-8.586216023
719.9162432	-4.599432047
726.4541883	-3.971543919
732.1448549	-3.849624035
738.4755568	-3.002280116
744.5928393	-1.773936052
750.262149	-0.131064002
759.0526078	1.563624035
764.0451961	2.084832047
769.309098	3.063240058
774.033498	4.849367953
779.0292117	6.217919884
789.0143883	7.568183977
803.9953529	7.342632047
813.9836549	6.525767953
818.9792941	6.665976256
833.9602588	8.049767953
848.941149	11.5824
	
