RS=1016409 	
0	12.16152047
9.954767953	9.552432047
19.90953591	8.113776256
49.77078995	8.23264807
54.74817451	7.903464093
64.70294363	6.348983977
68.52818456	5.364480116
79.30591274	3.8862
104.0800564	1.935479971
134.3802255	1.463040058
146.8008255	0.195071996
171.0476618	-0.344423999
183.2975745	-1.267967953
189.2625127	-2.700527895
195.6175853	-5.772912163
207.6907274	-10.36929614
213.9025529	-12.17371158
232.1722471	-15.18208842
244.217949	-17.66011158
250.5699892	-18.11426409
262.7558873	-17.46503977
268.8092108	-18.03806409
274.7558618	-21.41829498
280.8518618	-22.98192047
286.9051853	-23.22575907
299.3044471	-22.04618456
311.2983382	-21.1074
335.6518471	-17.91309614
354.2019706	-16.74571158
360.3833235	-16.67865637
372.6088471	-17.19681544
384.5387235	-16.42262433
390.8511196	-16.45005637
402.8816039	-17.17852819
415.0065196	-16.70303977
421.1116726	-17.18157567
433.6725059	-17.36140772
439.4057745	-17.21510386
445.8248804	-17.60829614
463.7623529	-19.37003977
475.9329961	-19.51939228
482.3795235	-19.90648726
494.306349	-19.60168726
506.8305706	-20.54047181
512.8625745	-20.50389498
531.1902	-21.08606409
536.9448255	-21.74747953
543.3913529	-21.75662316
549.5178255	-21.21712819
561.3776039	-22.26564093
567.7753529	-21.87854363
573.8957235	-22.1742
579.6534	-22.89047953
592.1959274	-23.04287953
597.9078765	-23.70124865
610.5448726	-22.95144093
616.6378216	-22.96363088
634.904502	-22.29307181
647.245851	-21.67737684
658.971498	-21.92731274
671.5901883	-20.81784093
683.7334471	-21.15616912
695.547498	-20.20519228
714.3232078	-19.39442433
720.4100549	-18.8214
726.0762393	-18.70557567
738.676698	-17.94357567
750.4023451	-18.02892047
762.5700117	-17.86432819
775.2862588	-16.87067953
786.9661412	-13.21307953
799.2526471	-12.33525637
818.0344588	-10.45463977
824.1547922	-9.433560233
829.6869568	-7.93089614
848.5236117	-5.401055791
860.7185883	-4.572
866.3391568	-2.96875193
872.9655059	-2.36524807
878.4914941	-2.667
897.3556078	-2.612135907
908.9380078	0.103632001
921.8005529	2.203704006
927.2625451	3.297935907
929.6583059	3.1242
940.6706941	5.077967953
945.648102	5.72109614
955.6028432	7.278623744
960.580251	7.69924807
975.5124	8.238744209
1000.396239	6.839712163
1010.351055	6.894576256
1020.305796	6.364223744
1035.237945	7.5438
1040.212302	7.257287837
1055.144451	7.08355193
1065.099192	7.787639767
1070.0766	8.68375193
1080.031341	11.09472047
1085.008749	11.82623977
	
