RS=621488.8	
0	3.6576
9.98829614	4.212335907
14.98396795	4.392167953
24.97226409	4.922519884
34.96360772	4.88289614
39.95623088	4.773167953
49.94757451	3.563111872
97.83165637	-18.68728842
104.1775946	-19.96744865
116.3421637	-20.43074363
122.4137745	-20.93061544
128.546349	-20.71725637
134.6850255	-21.02815135
140.7810255	-21.81758456
146.8434927	-21.81758456
152.9273073	-22.03399228
159.0720765	-22.098
165.1132147	-21.9456
171.3646471	-22.31440772
177.390549	-23.07640772
183.486549	-23.20137684
189.6160726	-22.92705637
195.6937853	-23.62809498
201.7257892	-23.38730502
207.9284618	-23.41778456
214.0031235	-23.87498456
226.1951235	-25.61539228
232.3033274	-26.16403088
244.4861745	-26.68524093
250.6035127	-26.1366
256.7604765	-25.86227953
262.8747637	-26.34995907
268.8915127	-26.56636912
275.0545598	-25.92628726
281.2115235	-25.95676912
287.194749	-25.65501544
293.299902	-25.77693591
299.4050363	-25.77693591
305.5223745	-26.02077684
311.7006765	-26.78277684
317.6869529	-27.05709498
323.7890549	-26.44749498
329.8972216	-26.35605637
335.959698	-26.47797684
342.1593196	-26.44749498
348.304098	-26.26461544
354.3696255	-25.95981544
360.3375961	-25.83789498
366.5859961	-25.92933591
378.7017961	-26.26461544
384.8283059	-26.02382316
390.8175961	-26.17622316
396.928851	-26.17317684
409.1361059	-26.63342316
421.4286765	-26.99918456
433.4682765	-27.17901544
439.6556941	-27.54477684
445.7395274	-27.66669498
451.8507451	-27.94101544
457.8522765	-28.09341544
470.0534294	-28.60852819
476.1585451	-28.48660772
482.275902	-28.60852819
488.3200726	-28.51708726
494.4618	-28.66948726
506.7483059	-29.27604093
512.6979706	-29.97707953
518.848851	-29.91612047
524.9966804	-30.19348726
531.0164804	-30.23006409
537.130749	-29.718
543.2663745	-29.41929498
549.2922765	-29.86125637
555.3730216	-26.60294363
561.4507529	-26.57246409
567.6015961	-26.33472047
573.6458039	-25.79217684
579.7570216	-24.61869498
585.8895961	-21.45487181
591.918549	-20.36673591
598.099902	-20.00402316
604.1136	-18.83359228
610.1852294	-17.55343205
616.2446549	-15.96237567
622.3589235	-13.35023977
634.5752941	-7.00735193
640.6560393	-4.782311872
646.7764471	-1.475232047
652.8724471	0.070104001
658.9653961	0.448056009
665.067498	0.661416023
671.0538117	1.987295994
677.8538432	2.258567953
683.3280393	2.450591988
689.4209883	2.420112017
697.083702	2.81330386
707.587098	2.962656081
714.2317529	3.566159942
719.2273922	4.215383977
724.2231059	5.9436
	
