RS=659972  	
0	7.802880116
4.995671814	6.806183977
9.991343628	5.148071814
14.98701544	3.971543919
21.19579228	3.35889614
39.52036912	3.139440058
57.93333823	2.58470386
61.31966177	1.874520029
70.15886177	-0.207264002
76.46212819	-3.383280116
82.64956912	-5.138928186
88.75776372	-8.23264807
101.0625382	-12.26515251
107.1829181	-12.83512819
119.484651	-14.29207181
125.6903745	-14.88033591
131.7741799	-17.88566409
137.7939799	-21.43353591
143.9844765	-24.5364
150.2359181	-26.08478456
162.455349	-29.59303088
168.5117235	-30.48
432.7245451	-30.48
438.375549	-30.05023088
444.553851	-29.0322
456.815949	-27.49600772
469.5901274	-26.93212819
475.7318549	-27.03575907
481.9772039	-27.41371274
493.6571235	-29.19374363
518.233149	-28.20924093
524.9814255	-27.84957684
530.5135529	-26.15184093
537.2557274	-25.06675135
549.5147745	-21.5646
554.9646	-19.29688842
555.6808726	-19.28774363
561.0849706	-17.00174363
561.8042941	-17.00174363
567.2815784	-14.64259228
568.0313745	-14.66392819
573.3775784	-12.18285637
585.6457784	-7.38835193
590.9706255	-6.17524807
596.4174	-4.355591988
599.2184941	-1.959863948
604.5037529	-0.216407993
609.7707059	0.96926402
610.6972726	1.383791988
616.1166255	1.773936052
628.5524432	2.0574
633.7859098	1.990344064
641.2839451	2.161032047
651.665451	3.172967953
659.2214549	3.361943919
664.3603412	3.261359942
682.1819883	3.471672105
694.9226432	3.389375965
702.7316549	3.572256081
712.6772432	3.453383977
743.5840078	3.675888128
768.8946117	3.57530386
777.2705098	3.343656081
790.4317529	3.438143919
816.9279961	3.392424035
838.651098	3.50824807
847.2282117	3.42595193
855.7443059	3.599688128
864.254298	4.212335907
869.2500117	4.861559942
879.2412902	5.87044807
884.2370039	6.85495193
889.2326432	7.562087837
894.2283568	7.863839767
	
