RS=930465.6	
0	9.875520465
9.909047488	7.345680116
14.86509614	6.772655791
24.77414363	6.379464093
34.68624093	5.26084807
44.59528726	5.355335907
49.55133823	5.983223744
54.50433823	7.178039767
64.41643088	7.869935907
99.09962549	7.802880116
113.9647181	7.647432047
128.8298201	7.668767953
153.6039637	7.498080116
183.334149	7.022592279
203.155302	7.022592279
213.0643529	6.800087837
232.8854873	6.973823744
267.5717235	8.034528186
282.4368255	8.116823744
307.2109598	7.970519884
327.0320941	7.738871814
331.9850941	7.84555193
356.7592471	7.409687837
371.6274	7.333487837
381.536451	7.482839767
396.4015529	7.23290386
431.0847196	5.971032047
440.9968216	5.724144209
455.8619235	5.663183977
475.6800255	6.117335907
478.1245274	6.745223744
486.0158039	6.638544209
492.4531784	6.132576256
495.5011784	5.202935907
501.2984804	4.133088128
505.9588471	4.023359942
507.8455784	3.483864093
544.378902	0.381
546.9788549	0.3048
554.6171235	-1.085087983
568.0953706	-4.328159942
587.2490294	-7.324344209
605.564451	-9.933432047
623.9682765	-11.7348
636.733302	-14.03603977
648.7668	-14.44447181
672.1876588	-16.27327181
678.0062432	-16.82496023
689.7106078	-18.74215251
710.7630902	-20.89708726
717.3223922	-21.82977684
740.898702	-22.06752047
757.8668941	-24.83205637
764.4689098	-25.19781544
776.246349	-26.86507181
785.3385568	-27.42895135
802.8523529	-30.1752
809.012349	-30.48
947.8304432	-30.48
958.2455098	-29.16935907
961.8848039	-28.66948726
971.857851	-26.39567953
977.1278549	-23.622
988.5609059	-20.00402316
998.7717059	-17.36750386
1008.897153	-17.20900772
1014.2982	-14.78889614
1019.412753	-13.91107181
1049.469039	-3.992880116
1056.2844	-2.267712017
1078.205592	4.221480116
1083.204357	5.291328186
1093.198761	7.248144209
1098.1944	7.92175193
1108.188804	8.238744209
1128.180588	7.757160233
1133.176302	7.363967953
1143.170706	6.041135907
1148.169396	5.629655791
1173.153843	6.105144209
1193.145702	7.059167953
1203.140106	6.93115193
1218.130149	4.837175965
1228.124553	4.084319884
1233.123243	3.941064093
1248.116412	4.94690386
1258.110816	5.78510386
1273.100784	6.184392279
1283.095188	6.208776256
1288.093879	6.964680116
1298.088282	9.692639767
	
