RS=372029  	
0	4.907280116
9.960864093	2.06044807
14.94434363	1.737359942
22.61615907	1.551432047
26.45664093	1.682495994
35.30498456	1.533144064
39.57828186	1.819655936
47.32934363	0.381
59.6585027	-0.524256009
71.80478456	-3.182111872
77.8824973	-4.404359942
84.03336372	-8.869680116
89.78188726	-11.77442433
96.27717451	-14.63649614
102.409749	-18.87626409
108.0912255	-21.29637684
114.068349	-24.76195135
120.2375073	-26.8986
126.3213127	-27.82824093
138.4706363	-28.88284865
145.0360309	-29.71190502
151.1472765	-30.22701544
157.2158363	-31.18104093
163.2478402	-31.53155907
169.3926	-31.46145637
175.5434618	-31.77235135
181.2279892	-32.82391274
187.7202255	-32.77514363
193.4382765	-32.00704865
199.5281745	-31.57118456
205.5114	-31.44316912
218.2093598	-31.45840772
229.901502	-31.86684093
236.1255127	-31.89427181
242.5781235	-31.44621544
248.634498	-31.31210502
254.6939235	-30.57144093
260.8661235	-30.50133591
266.477502	-30.70250502
273.0581235	-29.91612047
279.1754618	-28.77007181
284.8599892	-28.56890502
290.925498	-27.05404865
297.3811598	-26.80715907
303.0565529	-26.89250502
309.6676471	-26.33776912
321.4481745	-25.99944093
327.8459235	-25.46604093
333.6249196	-24.6126
340.1232765	-24.28646409
345.7377059	-24.65527181
352.2390765	-24.01824093
358.0485451	-23.76220772
376.6992765	-21.81453591
388.8394471	-21.29332819
401.0101274	-20.13204093
413.1960255	-19.39137567
419.020749	-19.39137567
424.9948216	-18.85187953
437.6257529	-18.33372047
443.3011274	-17.82165637
455.8710765	-17.13585637
461.5952294	-16.93468842
474.2962216	-16.09953591
479.9441745	-15.95627953
492.483651	-15.30400772
504.6512804	-14.77975251
516.5110216	-13.76476795
528.6633961	-13.16431158
535.1373451	-12.99667181
541.242498	-12.57604749
546.9483451	-12.57604749
559.2195961	-12.15237567
565.3125451	-12.31392047
571.3049235	-11.78661544
583.923651	-11.29588842
602.3000549	-10.97889614
608.3624941	-10.98194363
626.6871059	-10.65885637
632.691651	-10.64971158
638.4614941	-11.13434363
650.6351883	-11.00937567
657.1061607	-10.77163205
663.3026941	-10.78992047
669.2523961	-10.47292819
677.421051	-10.7442
780.1812902	-10.31443205
789.282651	-8.674607721
798.3809607	-7.952232047
807.4822471	-7.46455193
825.6818432	-6.729983977
852.9828	-5.10235193
871.1823961	-2.496311872
880.2807059	-1.29235193
889.3819922	-0.374904006
907.5815883	1.030224035
916.682949	1.161287983
934.8825451	1.100327968
943.9808549	1.761744064
953.0821412	3.404616023
	
