RS=989711.7	
0	10.60703977
14.94434363	7.190232047
24.90520772	6.839712163
34.86912047	6.153912163
39.84955367	6.150864093
47.98161544	5.370576256
59.98158995	3.986783977
71.8505027	2.795016023
84.53628186	1.694687983
90.32443088	-0.512063984
96.15830735	-2.194559942
101.952549	-4.376927895
108.4935637	-5.446776256
127.1016	-10.50036023
132.969	-10.80211158
139.3057946	-11.71041544
145.1427127	-12.12189614
151.3027181	-13.69771158
157.6578	-14.10004749
163.6776	-13.71295251
169.7857853	-14.66697567
175.8939892	-15.01444749
181.8741637	-14.69136023
194.1819892	-14.77060772
206.2337745	-15.03578456
212.594949	-14.94434363
218.5751235	-15.18818456
240.7401892	-15.61795251
242.8250108	-15.98371158
249.0703598	-16.20012047
261.2684618	-15.99895251
279.5656147	-16.39214363
285.5701598	-15.63623977
291.6753127	-15.24609614
304.0044765	-15.15465637
310.0760873	-15.39849614
322.2772216	-14.97482433
334.4722726	-15.43202433
340.5621706	-15.40459228
352.8517274	-15.86179228
358.9142039	-16.25803205
365.080302	-16.25803205
371.100102	-17.62963205
383.2524765	-18.48612047
389.3972549	-18.58060772
395.4383745	-17.60829614
401.5191196	-17.00479228
413.6136	-17.34921544
419.7553274	-17.16633591
425.8239059	-17.29130386
456.2764471	-18.52879228
462.226149	-18.97989614
468.3617745	-18.669
480.6177706	-19.23287953
498.8630941	-20.70506409
504.8524216	-20.83307953
510.8752726	-20.50389498
516.858498	-20.52523088
529.1144941	-21.54631274
553.3735529	-22.97887181
565.4802	-23.20137684
583.7285745	-24.21940772
589.9526039	-24.13711274
596.0882294	-24.33827953
601.9160039	-22.36622316
608.225349	-21.09520772
614.1445784	-18.5166
620.3350471	-16.76095251
632.2953961	-15.59356795
638.4249568	-13.23441544
644.648949	-12.43888842
650.7388471	-10.55522433
662.6596078	-10.38453591
668.7678117	-7.498080116
674.8394039	-5.154167953
681.1518	-4.88289614
687.025302	-5.0292
693.3315961	-4.65124807
705.1700549	-4.696967953
711.6195961	-3.471672105
717.349851	-3.179064093
723.6988588	-1.886712017
735.561651	1.618487983
741.7002902	3.072383977
747.906051	4.178808012
759.3878432	5.757671814
772.0919607	7.01649614
782.0558549	7.839455791
792.016698	8.193023744
796.9971568	8.043671814
806.961051	7.129271814
826.8857883	5.571744209
836.8467059	5.1816
886.660149	5.1816
891.6406078	5.49249614
896.6240432	6.184392279
906.5849607	6.409944209
911.5653451	6.870192279
921.5292393	9.653016023
926.509698	10.668
	
