RS=823404.9	
0	8.473439767
9.9822	5.096255791
14.97177567	4.364735907
29.9466	4.11175193
39.9288	4.440935907
49.911	4.443983977
59.8932	5.586983977
64.88277451	5.672328186
84.84717451	5.40715193
89.8398	5.602223744
104.8115745	5.419344209
109.8042	5.11149614
144.7403745	4.989576256
184.6691745	4.453127895
209.623149	4.34644807
224.5979745	4.026408012
244.5623745	4.191
259.534149	4.459224035
284.4911745	5.224271814
289.480749	5.205983977
307.8876255	3.910583977
314.4377745	3.486911872
328.034898	1.75564807
352.3640549	0.944879971
358.6856039	0.594360015
370.6245961	-0.716279971
382.9202549	-1.130808012
395.0604255	-2.203704006
401.3911274	-2.58470386
413.5709235	-4.322064093
425.6013706	-6.812280116
431.6425274	-7.754112163
437.9884471	-8.391144209
456.2398726	-8.866632047
468.2977784	-8.878823744
486.5948941	-9.878567953
498.954549	-10.28395251
507.9918765	-11.17092047
510.9575745	-10.40587181
529.4162804	-10.54607953
541.3156471	-11.57935251
553.675302	-11.75003977
559.9785451	-12.06093591
578.123298	-12.26210386
590.3701784	-12.54556795
608.767902	-13.38986409
620.8653961	-14.7066
633.1274941	-15.73682433
639.3057961	-16.73656795
651.3667529	-17.01393591
663.6410549	-17.62963205
675.8330549	-18.44954363
688.0281059	-18.94332047
694.1241059	-18.85187953
700.2413883	-19.43404749
706.3100039	-19.51329498
712.4273607	-19.97659228
718.6055883	-20.09546409
724.6102078	-21.00376912
730.7335922	-21.42439228
749.0582039	-22.27478456
755.0902078	-22.27478456
767.2761059	-23.22271274
773.3843098	-23.19223088
779.443698	-24.59431274
791.7057961	-25.11552047
803.9556902	-26.2128
810.0455883	-26.18536912
822.277251	-27.15463088
828.3457922	-27.88310502
834.6338549	-28.12084865
840.7420588	-28.76702316
852.912702	-29.21812819
865.0894471	-28.99562316
871.1854471	-29.23641544
877.4277451	-28.31592047
883.459749	-28.37687953
889.5343922	-27.40761544
895.6670039	-26.89250502
907.9138471	-25.06370502
913.9336471	-24.87167953
926.1987961	-22.65273591
932.4441451	-21.89378456
938.4975059	-18.80006409
944.5935059	-14.73707953
950.7687568	-14.07871158
956.9440078	-13.96288842
962.8265883	-11.63421544
969.0902432	-10.23823205
975.2076	-8.250935907
981.3219059	-5.087112163
987.317298	-1.554479971
993.5870549	0.234695994
1011.195357	4.10870386
1018.175247	5.544312163
1023.16791	5.836919884
1033.147059	5.760719884
1038.139647	6.123432047
1048.121847	8.488680116
1053.111459	9.387839767
	
