RS=914789.7	
0	10.38758456
14.98092047	5.577839767
24.96921544	5.071871814
34.95446409	4.937760233
79.89722549	4.937760233
89.88551814	5.303519884
99.87076912	6.858
104.8664363	6.464807721
114.8516873	5.093207721
129.8326054	4.474464093
139.8209073	6.379464093
147.1300054	6.373367953
153.9483799	5.526023744
161.9646255	4.581143919
169.0116	2.828543919
181.1609235	0.521208012
187.762902	-1.487424035
193.929	-2.944367953
206.0448	-3.867911872
212.2535745	-5.212080116
223.8603637	-6.376416023
230.508051	-9.793224326
236.6497598	-11.95730386
242.6817637	-13.22527181
248.3540873	-13.30147181
254.3952255	-14.65783205
261.0063382	-15.25219228
273.1312726	-17.65096795
278.812749	-21.60422316
285.372051	-22.59787181
291.090102	-25.54224093
297.0824618	-27.61792819
303.6112726	-27.28874363
321.493902	-25.49652047
334.1796765	-24.74061544
364.6474726	-22.10714363
376.4645745	-20.89708726
389.001	-20.10765637
400.8485745	-19.89429498
425.2203706	-18.76348842
431.7735706	-18.62023205
443.8772039	-17.61134363
449.964051	-17.80336795
461.8482	-16.49577567
474.0676216	-16.08734363
486.6375706	-16.6116
498.4607745	-16.37385637
510.6558255	-15.48383977
541.2363961	-14.61211158
553.4131784	-14.65173591
559.463451	-14.04823205
602.3793059	-13.19479228
608.4265274	-12.72235251
620.6977784	-12.25600772
626.7663568	-12.29867953
632.9019451	-11.53972819
639.0558393	-11.35684749
651.2052	-11.84147953
657.1031098	-11.48486409
663.391098	-11.69822433
675.5708941	-11.18616023
681.5419529	-11.66469614
693.883302	-11.29893591
712.247502	-11.14653591
742.727502	-10.41501544
785.2866902	-10.20775251
803.6630941	-10.05230386
834.1004549	-9.195816023
840.260451	-8.708135907
858.5576039	-8.589264093
864.6018117	-8.22350386
876.836451	-8.345423744
882.932451	-7.982712163
895.1731922	-8.07415193
907.4322393	-8.436864093
938.0615883	-8.45515193
968.431902	-7.46150386
980.7915568	-7.604760233
992.8433607	-6.0198
1005.126741	-5.26389614
1023.527553	-4.553711872
1041.864294	-2.389632047
1063.636212	1.310640058
1068.631851	1.475232047
1073.624439	2.846832047
1078.617102	3.468624035
1088.605404	5.437632047
1103.586294	6.385560233
1118.567259	6.041135907
1123.559847	4.200143919
1128.55251	3.017519884
1238.411553	3.017519884
1248.399855	5.315712163
1258.388082	5.364480116
1273.369121	5.830823744
1278.36171	5.79424807
1288.350012	4.154424035
1303.330902	4.26110386
1318.311792	6.522719884
1333.292682	10.40892047
	
