        0.00     1     -999.000     -999.000     -999.000     -999.000
        0.00     2     -999.000     -999.000     -999.000     -999.000
        0.00     3     -999.000     -999.000     -999.000     -999.000
      300.00     1        0.408        0.412        0.288     -999.000
      300.00     2        0.367        0.445        0.344     -999.000
      300.00     3        0.547        0.574        0.217        0.136
      600.00     1        0.408        0.415        0.301     -999.000
      600.00     2        0.367        0.445        0.337     -999.000
      600.00     3        0.549        0.576        0.219        0.141
      900.00     1        0.408        0.419        0.318     -999.000
      900.00     2        0.367        0.445        0.329     -999.000
      900.00     3        0.551        0.579        0.220        0.146
     1200.00     1        0.408        0.423        0.332     -999.000
     1200.00     2        0.367        0.445        0.321     -999.000
     1200.00     3        0.554        0.582        0.222        0.151
     1500.00     1        0.408        0.425        0.343     -999.000
     1500.00     2        0.367        0.445        0.314     -999.000
     1500.00     3        0.557        0.585        0.223        0.158
     1800.00     1        0.409        0.427        0.350     -999.000
     1800.00     2        0.367        0.445        0.310     -999.000
     1800.00     3        0.559        0.587        0.224        0.164
     2100.00     1        0.409        0.427        0.355     -999.000
     2100.00     2        0.367        0.445        0.307     -999.000
     2100.00     3        0.561        0.589        0.225        0.170
     2400.00     1        0.409        0.428        0.358     -999.000
     2400.00     2        0.367        0.445        0.305     -999.000
     2400.00     3        0.562        0.590        0.225        0.174
     2700.00     1        0.409        0.428        0.359     -999.000
     2700.00     2        0.367        0.445        0.304     -999.000
     2700.00     3        0.563        0.590        0.226        0.177
     3000.00     1        0.409        0.428        0.360     -999.000
     3000.00     2        0.367        0.445        0.304     -999.000
     3000.00     3        0.563        0.591        0.226        0.179
     3300.00     1        0.409        0.428        0.361     -999.000
     3300.00     2        0.367        0.445        0.303     -999.000
     3300.00     3        0.563        0.591        0.226        0.180
     3600.00     1        0.409        0.429        0.361     -999.000
     3600.00     2        0.367        0.445        0.303     -999.000
     3600.00     3        0.563        0.591        0.226        0.181
     3900.00     1        0.409        0.429        0.361     -999.000
     3900.00     2        0.367        0.445        0.303     -999.000
     3900.00     3        0.563        0.591        0.226        0.181
     4200.00     1        0.409        0.429        0.361     -999.000
     4200.00     2        0.367        0.445        0.303     -999.000
     4200.00     3        0.563        0.591        0.226        0.181
     4500.00     1        0.409        0.429        0.361     -999.000
     4500.00     2        0.367        0.445        0.303     -999.000
     4500.00     3        0.563        0.591        0.226        0.181
     4800.00     1        0.409        0.429        0.361     -999.000
     4800.00     2        0.367        0.445        0.303     -999.000
     4800.00     3        0.563        0.591        0.226        0.181
     5100.00     1        0.409        0.429        0.361     -999.000
     5100.00     2        0.367        0.445        0.303     -999.000
     5100.00     3        0.563        0.591        0.226        0.181
     5400.00     1        0.409        0.429        0.361     -999.000
     5400.00     2        0.367        0.445        0.303     -999.000
     5400.00     3        0.563        0.591        0.226        0.181
     5700.00     1        0.409        0.429        0.361     -999.000
