        0.00     1        2.000        2.000        2.000        2.000     -999.000
        0.00     2        4.000        4.000        4.000        4.000     -999.000
        0.00     3        6.000        6.000        6.000        6.000        6.000
      300.00     1        2.000        2.593        2.050        3.014     -999.000
      300.00     2        4.000        4.000        4.000        4.000     -999.000
      300.00     3        7.014        6.743        6.095        6.032        6.006
      600.00     1        2.000        2.611        2.397        3.353     -999.000
      600.00     2        4.000        4.000        4.000        4.000     -999.000
      600.00     3        7.353        6.983        6.628        6.452        6.395
      900.00     1        2.000        2.629        2.919        3.853     -999.000
      900.00     2        4.000        4.000        4.000        4.000     -999.000
      900.00     3        7.853        7.419        7.013        6.866        6.812
     1200.00     1        2.000        2.652        3.436        4.364     -999.000
     1200.00     2        4.000        4.000        4.000        4.000     -999.000
     1200.00     3        8.364        7.946        7.466        7.290        7.212
     1500.00     1        2.000        2.671        3.863        4.797     -999.000
     1500.00     2        4.000        4.000        4.000        4.000     -999.000
     1500.00     3        8.797        8.456        7.987        7.800        7.698
     1800.00     1        2.000        2.686        4.175        5.123     -999.000
     1800.00     2        4.000        4.000        4.000        4.000     -999.000
     1800.00     3        9.123        8.878        8.489        8.325        8.217
     2100.00     1        2.000        2.697        4.382        5.345     -999.000
     2100.00     2        4.000        4.000        4.000        4.000     -999.000
     2100.00     3        9.345        9.185        8.904        8.778        8.683
     2400.00     1        2.000        2.704        4.509        5.486     -999.000
     2400.00     2        4.000        4.000        4.000        4.000     -999.000
     2400.00     3        9.486        9.387        9.204        9.118        9.047
     2700.00     1        2.000        2.708        4.582        5.569     -999.000
     2700.00     2        4.000        4.000        4.000        4.000     -999.000
     2700.00     3        9.569        9.512        9.401        9.347        9.300
     3000.00     1        2.000        2.711        4.621        5.621     -999.000
     3000.00     2        4.000        4.000        4.000        4.000     -999.000
     3000.00     3        9.621        9.583        9.520        9.488        9.488
     3300.00     1        2.000        2.710        4.641        5.641     -999.000
     3300.00     2        4.000        4.000        4.000        4.000     -999.000
     3300.00     3        9.641        9.621        9.589        9.571        9.571
     3600.00     1        2.000        2.710        4.649        5.649     -999.000
     3600.00     2        4.000        4.000        4.000        4.000     -999.000
     3600.00     3        9.649        9.640        9.624        9.615        9.615
     3900.00     1        2.000        2.710        4.652        5.652     -999.000
     3900.00     2        4.000        4.000        4.000        4.000     -999.000
     3900.00     3        9.652        9.649        9.641        9.637        9.637
     4200.00     1        2.000        2.710        4.652        5.652     -999.000
     4200.00     2        4.000        4.000        4.000        4.000     -999.000
     4200.00     3        9.652        9.651        9.649        9.647        9.647
     4500.00     1        2.000        2.710        4.651        5.651     -999.000
     4500.00     2        4.000        4.000        4.000        4.000     -999.000
     4500.00     3        9.651        9.652        9.651        9.651        9.651
     4800.00     1        2.000        2.710        4.650        5.650     -999.000
     4800.00     2        4.000        4.000        4.000        4.000     -999.000
