85.99	RS=85.99   
0	4.587240058
9.128760233	2.788919884
18.25752047	2.51764807
27.38932819	2.612135907
33.909	2.535935907
36.51808726	2.502408012
45.64684633	2.325624035
54.77561005	1.816608012
63.90741544	-3.04190386
73.03617451	-18.93417567
82.16493823	-21.36647953
91.29369265	-23.1648
100.4255073	-26.01467953
109.5542618	-28.84932047
118.6830255	-31.13227181
127.8117799	-32.82695907
136.9405436	-34.09492819
146.072349	-34.78377684
155.2011127	-34.83864093
164.3298765	-34.54907953
173.4586402	-33.93947953
182.5904363	-32.85744093
191.7192	-32.11372819
200.8479637	-31.50717684
209.9767274	-31.15970502
219.1085235	-31.02559228
228.2372873	-30.82442316
237.366051	-30.49524093
246.4948147	-30.17824865
255.6235598	-29.95269498
264.7553745	-29.49854363
273.8841382	-29.01086409
283.012902	-28.42869498
292.1416471	-27.88615135
301.2734618	-27.48381544
310.4022255	-27.34665637
319.5309706	-27.16987181
328.6597529	-26.78887181
337.791549	-26.39567953
346.9202941	-25.98724865
356.0490765	-25.55443088
365.1778216	-25.03932047
374.3066039	-24.43886409
383.4384	-23.79878456
392.5671451	-23.47264865
401.6959274	-23.18308726
410.8246726	-22.99715907
419.9565059	-22.72284093
429.085251	-22.56434363
438.2139961	-22.54605637
447.3427784	-22.57958456
456.4745745	-22.60396912
465.6033196	-22.59787181
474.732102	-22.58872819
483.8608471	-22.59482316
492.9896294	-22.61311274
502.1214255	-22.50033591
511.2501706	-22.26868726
520.3789529	-21.99132047
529.507698	-21.89073591
538.6394941	-21.30552047
547.7682765	-20.78735907
556.8970216	-20.04669498
566.0258039	-19.51024865
575.1576	-19.07438456
584.2863451	-18.65376023
593.4151274	-18.29104749
602.5438726	-18.25752047
611.6726549	-18.17827181
620.804451	-18.21789614
629.9331961	-18.39163205
639.0619412	-18.66290386
648.1907607	-10.22299228
657.3225568	1.267967953
666.451302	1.383791988
675.5800471	1.624583977
684.7087922	1.75564807
693.8376117	1.664208012
702.9694078	1.496567953
712.0981529	1.414271959
716.350098	1.399032047
721.226898	1.380744064
730.3556432	1.420367953
739.4874393	1.703832047
748.6162588	2.459735907
757.7450039	2.447543919
766.873749	2.3622
776.0024941	2.261616023
785.1342902	2.569464093
794.2631098	2.913888128
803.3918549	3.645408012
812.5206	5.462016023
	
