60.31	RS=60.31   
0	1.999487983
9.095232047	4.139183977
18.19046409	2.292095994
27.28569498	1.819655936
36.38092819	1.959863948
45.47615907	0.121920002
50.53888726	-0.777239985
54.57138995	-1.490471959
63.66662549	-3.916680116
72.76185637	-6.806183977
81.85708726	-9.659112163
90.95231814	-13.10030386
100.047549	-16.06600772
109.1427799	-18.59889614
118.2380201	-21.58898456
127.333251	-23.75306409
136.4284819	-25.03017684
145.5237127	-26.58465637
154.6189436	-28.09036912
163.7141745	-29.35224093
172.8094147	-29.64789498
181.9046363	-29.65399228
191.0029274	-29.77895907
200.098149	-29.82772819
209.1933892	-29.72714363
218.2886108	-29.55340772
227.383851	-29.59303088
236.4790726	-29.78505637
245.5743127	-30.24225637
254.6695529	-30.44952047
263.7647745	-30.31540772
272.8600147	-29.96184093
281.9552363	-29.49244865
291.0504765	-29.18155135
300.145698	-28.94685637
309.2409382	-28.67558456
318.3361784	-28.35554363
327.4314	-28.08732047
336.5266216	-27.93492047
345.6218804	-27.75204093
354.717102	-27.51124865
363.8123235	-27.29484093
372.9075451	-27.07843088
382.0028039	-26.81020772
391.0980255	-26.46883088
400.1932471	-26.06649498
409.2885059	-25.77693591
418.3837274	-25.49652047
427.478949	-25.21305637
436.5741706	-24.90825637
445.6694294	-24.53944865
454.764651	-24.21331274
463.8598726	-23.94204093
472.9550941	-23.76525637
482.0503529	-23.72563088
491.1455745	-23.75611274
500.2407961	-23.71648726
509.3360549	-23.60371274
518.4312765	-23.48484093
527.526498	-23.55494363
536.6217196	-23.64028726
545.7169784	-23.75306409
554.8122	-23.98471274
563.9074216	-24.2316
573.0026804	-24.49067953
582.097902	-24.10967953
591.1931235	-22.45766409
600.2883451	-20.31187181
609.3836039	-17.51685637
618.4788255	-14.51457567
627.5740471	-12.67967953
636.6693059	-7.406639767
645.7644902	-3.50824807
654.859749	-1.057656009
663.9550078	0.033528
673.0501922	0.323087983
682.145451	0.402336016
691.2407098	0.451104006
700.3358941	0.515112017
709.4311529	0.563880007
718.5264117	0.573023999
727.6215961	0.557784013
736.7168549	0.554736016
745.8120393	0.591312017
754.907298	0.652272032
764.0025568	0.701039985
773.0977412	0.768095994
782.193	0.844295994
791.2882588	0.96926402
800.3834432	1.240536052
809.478702	1.341120029
817.3120471	1.408175965
818.5739607	1.420367953
827.6691451	1.481328041
836.7644039	1.581912017
845.8626393	1.612391988
854.957898	1.648967953
864.0501059	1.780032047
873.1483412	1.892808012
882.2436	1.923287983
891.3388588	2.2098
900.4340432	3.374135907
	
