	RS=228.70* 
0	14.68831158
8.506967953	13.04848842
8.982455791	12.96009614
17.01698456	10.25956795
17.96491158	9.970007721
25.52395135	9.000744209
26.94736912	8.84529614
34.03396912	8.586216023
35.92982316	8.53744807
42.53788726	8.491728186
44.91228186	8.473439767
51.99888186	8.653271814
53.89778456	8.741664093
61.45377451	8.930639767
62.88024093	8.973312163
70.91171814	9.06475193
71.8626973	9.07084807
80.36662009	9.031223744
80.84514902	9.025128186
89.8276054	8.790432047
92.47631814	8.37895193
98.47783088	7.449312163
100.1146054	7.110983977
102.4432819	6.135623744
107.1280564	4.169664093
110.3985637	2.569464093
114.4981181	1.584959942
120.6855637	-0.033528
121.8681799	-0.316991988
129.238251	-2.188463948
130.9695127	-2.5908
136.6083127	-3.867911872
141.2595637	-4.937760233
144.3502309	-5.672328186
151.5465637	-7.284719884
152.092149	-7.39749614
159.8371274	-9.107423744
161.8305127	-9.497567953
167.5790363	-10.60703977
172.1175127	-11.35684749
175.3179127	-11.89329614
182.4014618	-13.04848842
183.0598402	-13.15821544
190.0610873	-14.16405637
192.6915127	-14.45971158
197.059302	-14.96872819
202.9785127	-15.52651158
204.057498	-15.62709614
211.0557127	-16.47443977
213.2624618	-16.77923977
218.0539274	-17.38579228
223.5494618	-17.80032047
225.9451853	-17.94662433
233.8334108	-18.08683205
242.2398	-17.80641544
242.8189274	-17.77898456
250.6431382	-17.50161544
251.8074765	-17.48332819
259.0434255	-17.35531158
260.7899235	-17.31873591
267.4467637	-17.14804749
269.7754402	-17.0688
275.8531529	-16.82800772
278.7578873	-16.69694363
284.2534402	-16.46224749
287.7433853	-16.29460772
292.6567598	-16.08429614
296.728902	-15.91665637
301.060098	-15.7734
305.7144	-15.70329614
309.4603853	-15.65147953
314.699898	-15.67586409
318.4520039	-15.68196023
323.6823451	-15.70634363
327.4436039	-15.68196023
332.6678804	-15.60880772
336.4352039	-15.52346409
339.8642039	-15.37106409
345.4268039	-15.13332047
347.0574765	-15.03883205
354.2538	-14.65478456
354.4184039	-14.64868842
361.4470726	-14.24330386
363.4100039	-14.13052819
368.6433961	-13.88059228
372.4016039	-13.69161544
377.6014726	-13.4874
381.3901529	-13.31671158
386.559549	-13.07896795
390.3817529	-12.88999228
395.5206765	-12.61567181
399.3733529	-12.41145637
404.4787529	-12.08836795
408.3649529	-11.86281544
413.4368294	-11.53667953
417.3565529	-11.28979228
422.3979196	-11.049
426.3481529	-10.86307181
431.3559961	-10.68628842
435.5714039	-10.54912819
440.3140726	-10.46073591
444.8007196	-10.38758456
449.272149	-10.25347181
454.0239706	-10.11021544
458.2363274	-10.07059228
463.2533235	-10.00963205
467.1944039	-9.979152512
472.4796255	-9.91209614
476.1524804	-9.82370386
481.7059274	-9.668255791
485.1135706	-9.525
490.9322294	-9.29335193
494.0716471	-9.165335907
500.1615451	-8.942832047
503.0297235	-8.784335907
509.3847961	-8.449055791
511.990851	-8.354567953
518.614149	-8.138160233
520.9489274	-8.086344209
527.8374	-7.93089614
529.9070039	-7.93089614
537.0667529	-7.949183977
538.8680941	-7.982712163
546.2930549	-8.049767953
547.8261706	-8.028432047
555.5193196	-7.894319884
555.796698	-7.888223744
563.7672255	-7.77544807
564.7456216	-7.76935193
571.734702	-7.671816023
573.9719235	-7.638287837
579.7052294	-7.577328186
583.1982255	-7.522464093
587.6757196	-7.504176256
592.4275784	-7.409687837
595.6462471	-7.357871814
601.2393196	-7.24204807
603.6137235	-7.15975193
610.054149	-6.979919884
612.187749	-6.915912163
618.8659274	-6.7818
620.7556726	-6.742176256
627.6777059	-6.62330386
629.3266471	-6.522719884
636.4894471	-6.074664093
637.8946078	-5.998464093
645.3011883	-5.574792279
646.4655451	-5.538216023
654.1160549	-5.202935907
655.0335059	-5.17855193
663.3423568	-4.928616023
663.6074941	-4.922519884
672.1785059	-4.700016023
672.5717098	-4.693919884
680.7463922	-4.559808012
681.7949607	-4.544567953
689.3174039	-4.4958
691.0242393	-4.486656081
697.8852902	-4.41350386
700.2505412	-4.395216023
706.456302	-4.352543919
709.4768432	-4.3434
715.0272393	-4.34949614
718.7061961	-4.355591988
723.598251	-4.373880116
727.932498	-4.389119884
732.1662117	-4.41655193
737.1588	-4.437888128
740.737149	-4.465319884
746.3881529	-4.483608012
749.3081607	-4.4958
755.6114039	-4.49275193
757.879098	-4.468367953
764.8407568	-4.33730386
766.4012941	-4.276343919
774.0701098	-4.023359942
774.9265412	-3.989832047
783.2933607	-3.611880116
783.4517883	-3.602735907
791.9710078	-3.112008012
792.5226393	-3.081527895
800.4962549	-2.807208012
801.7458902	-2.770632047
809.021502	-2.66090386
810.9752432	-2.630424035
817.546749	-2.417063948
820.2045961	-2.337816023
826.0689451	-2.13055193
829.4278471	-1.999487983
834.5941922	-1.83184807
838.6572	-1.700783977
843.1163883	-1.581912017
847.8865529	-1.475232047
851.4954117	-1.383791988
857.1098039	-1.240536052
859.8743607	-1.185672032
866.3391568	-1.106424035
868.2502588	-1.085087983
875.5624078	-1.014983977
876.6292078	-1.008887983
884.7917607	-0.966216023
885.0081568	-0.96926402
893.3840549	-1.103375965
894.0210393	-1.112520029
901.7630039	-1.313687983
903.2442902	-1.344167953
910.1419529	-1.4478
912.4736432	-1.487424035
918.520902	-1.478279971
921.328098	-1.484375965
926.899851	-1.517904006
930.1856039	-1.563624035
935.2543922	-1.67335193
939.0400588	-1.737359942
943.6120588	-1.783079971
947.8974902	-1.816608012
951.9666	-1.780032047
956.7549961	-1.725167953
960.3241922	-1.706879971
965.609451	-1.639824035
968.6818588	-1.639824035
974.4700078	-1.609344064
977.039451	-1.594104006
982.4649059	-1.490471959
985.3970432	-1.426463948
990.4598039	-1.267967953
993.7516588	-1.124712017
998.454702	-0.862583977
1001.310639	-0.710183977
1006.452651	-0.402336016
1008.866643	-0.265176001
1014.447549	0.3048
1016.428749	0.502919993
1022.442447	0.947927968
1023.984753	1.091183977
1030.437345	1.380744064
1032.839208	1.539240058
1038.371298	1.728216023
1041.696639	1.944624035
1046.305251	2.21284807
1050.551094	2.569464093
1054.239204	2.907791988
1059.405549	3.404616023
1062.173157	3.73075193
1068.263055	5.047487837
1070.10711	5.437632047
1077.114459	6.156960233
1078.038012	6.306312163
1085.97189	7.293864093
1094.213694	8.510016023
1097.5086	8.641080116
1102.455498	8.698992279
1109.048361	8.38809614
1110.697302	8.31189614
1118.939106	8.110728186
1120.584996	8.08329614
1127.18091	7.964423744
1127.315004	7.967471814
1132.124757	7.976616023
1135.422639	7.967471814
1143.661392	8.278367953
1151.903196	8.653271814
1155.198102	8.53135193
1160.145	8.351519884
1166.737788	8.561832047
1168.386804	8.6106
1176.628608	8.897112163
1178.274498	8.930639767
1184.870412	9.098280116
1189.814259	8.787383977
1193.10909	8.561832047
1201.350894	8.397239767
1209.592698	8.592312163
1212.890655	8.589264093
1217.834502	8.567928186
1224.42729	8.31189614
1226.076306	8.244839767
1234.31811	8.040623744
1235.964	8.061960233
1242.559839	8.132064093
1247.503761	8.327135907
1250.798592	8.500871814
1259.040396	8.814816023
1267.2822	8.866632047
1270.580082	8.848344209
1275.524004	8.805671814
1282.116792	8.698992279
1283.765808	8.677655791
1292.007612	8.595360233
1293.656479	8.625839767
1300.249416	8.796528186
1305.193188	8.799576256
1308.49122	8.805671814
1316.729898	8.561832047
1324.971702	8.260080116
1328.269584	8.29970386
1333.213506	8.415528186
1339.806294	8.823960233
1341.45531	8.924544209
1349.693988	9.284207721
1351.34598	9.363455791
1357.935792	9.567671814
1362.88269	9.162287837
1366.177596	8.83615193
1374.4194	8.287512163
1382.661204	7.99795193
1385.959086	7.7724
1390.903008	7.516367953
1397.498921	7.299960233
1399.144812	7.24509614
1407.386616	7.1628
1409.035482	7.239
1415.62842	7.552944209
1420.572192	7.827264093
1423.870223	7.946135907
1432.111879	8.662416023
1440.350706	7.726680116
1443.648588	7.178039767
1448.59251	6.495287837
1455.188423	6.224016023
1456.831188	6.187439767
1466.724984	6.294119884
1473.314796	6.48004807
1478.26482	6.751319884
1481.5566	6.833616023
1489.798404	7.107935907
1498.040208	7.909560233
1501.33809	8.065007721
1506.282012	8.415528186
1512.877777	8.634983977
1514.523816	8.778239767
1522.76562	9.838943628
1524.414486	10.16507953
1531.007423	11.55801544
1535.954321	13.07896795
1539.249079	13.90192819
1547.490882	14.84985637
	
