	RS=96251.52
0	0.691895994
4.977383977	0.670560015
9.957815442	0.655320029
14.9352	0.856487983
19.91563088	0.9906
24.89301544	0.917447997
29.8704	0.932687983
34.85083088	1.054608012
39.82821544	1.216152003
44.80864633	1.08813598
49.78603088	0.789431974
54.76341544	0.542543991
59.74384633	0.518160015
74.63332819	0.518160015
95.96932354	-3.304032047
120.9294	-3.441191988
147.4744309	-6.477
171.7304108	-6.729983977
195.904098	-11.02461544
219.8644402	-16.59026409
244.2453892	-18.20570386
269.1566873	-19.28164749
296.795949	-19.25116795
320.338698	-19.74494363
344.3661059	-19.16582433
368.9420941	-18.78482433
396.5112765	-17.87042433
417.6278294	-16.91030386
439.4331961	-16.59940772
462.0128039	-16.16354363
485.4183706	-14.29816795
509.6012294	-14.04518456
534.5613059	-13.54531158
562.4230471	-12.96619228
587.114898	-11.53058456
613.2667529	-10.68019228
641.7808078	-9.250680116
671.014149	-4.334256081
672.4985607	-4.1148
702.2408941	-3.419856081
703.2223412	-3.3528
704.1855568	-3.343656081
705.1212393	-3.3528
721.8943922	0.518160015
726.8718	1.054608012
728.0148	1.252728041
731.8492078	1.914144064
736.8295922	1.310640058
741.807	0.886968026
746.7874588	0.792479971
751.7647922	0.774191988
756.7422	0.765047997
761.7226588	0.780287983
766.6999922	0.789431974
771.6774	0.752856009
776.6578588	0.743712017
781.6351922	0.792479971
786.615651	0.832104006
791.5930588	0.862583977
796.5703922	0.89306402
801.550851	0.947927968
806.5282588	0.9906
811.5086432	0.941831974
816.486051	0.975360015
821.4634588	0.978408012
826.4438432	0.932687983
831.421251	0.993647997
836.4017098	0.957072032
841.3790432	0.929639985
	
