193.19	RS=193.19  
0	12.30172819
9.07389614	11.82014363
18.14474363	9.2202
27.21864093	8.266176256
31.55899228	7.976616023
36.29253591	7.662671814
45.36338456	7.056119884
54.43728186	6.141719884
63.51117451	4.72744807
72.58202549	3.819143919
81.65591814	4.370832047
90.72982009	4.33730386
99.80066177	3.648456081
108.8745637	2.706624035
117.9484564	2.20675193
127.0193073	1.054608012
136.0932	-0.283464002
145.1670927	-1.313687983
154.2379436	-2.831591988
163.3118363	-3.80390386
172.3857382	-4.279391988
181.4565892	-4.80364807
190.5304726	-5.18464807
199.6043745	-5.538216023
208.6782765	-6.199632047
217.7491274	-6.754367953
226.8230108	-7.208519884
235.8969127	-7.735823744
244.9677637	-8.321039767
254.0416471	-8.638032047
263.115549	-9.046464093
272.1864	-9.421367953
281.260302	-9.53109614
290.3341853	-9.52804807
299.4050363	-9.735312163
308.4789382	-10.10107181
317.5528216	-10.35100772
326.6236726	-10.52474363
335.6975745	-10.65580772
344.7714765	-10.7442
353.8423274	-10.84478456
362.9162294	-11.00023205
371.9900941	-11.12824749
381.0609451	-11.18616023
390.1348471	-11.25321544
399.208749	-11.45743205
408.2796	-12.13713591
417.353502	-12.80769614
426.4274039	-13.13992819
435.4982549	-13.10030386
444.5721196	-13.28927953
453.6460216	-13.54226409
462.7168726	-13.86230386
471.7907745	-14.22806409
480.8646765	-14.54810386
489.9385784	-14.66087953
499.0094294	-14.81937567
508.0832941	-15.07540772
517.1571961	-15.20342433
526.2280471	-15.27657567
535.301949	-15.34972819
544.375851	-15.49603205
553.446702	-15.70634363
562.5206039	-16.09648842
571.5945059	-16.50492047
580.6653196	-17.10537567
589.7392216	-17.74850386
598.8131235	-18.04111158
607.8839745	-18.51050386
616.9578765	-18.76958456
626.0317412	-18.91588842
635.1025922	-19.02256795
644.1764941	-19.31517567
653.2503961	-19.6596
662.3212471	-20.13204093
671.395149	-20.72335135
680.469051	-21.12568726
689.539902	-21.27199228
698.6138039	-21.36647953
707.6877059	-21.27199228
716.7585568	-20.955
725.8324588	-20.08022316
734.9063607	-17.99234363
743.9772117	-16.66951158
753.0510393	-15.70939228
762.1249412	-15.06931158
771.1957922	-14.33474363
780.2696941	-13.13383205
789.3435961	-11.60983205
798.4144471	-10.63142433
807.488349	-9.022080116
816.562251	-7.275576256
825.633102	-5.63270386
834.7070039	-3.35889614
843.7809059	-1.139952003
852.8517568	1.7526
861.9256588	3.005327895
870.9995607	3.8862
880.0704117	4.230624035
889.1442393	4.42264807
898.2181412	4.49884807
907.2889922	4.486656081
916.3628941	4.517135907
925.4367961	4.507991988
934.5076471	4.468367953
943.581549	4.49275193
952.655451	6.495287837
959.211702	7.555992279
961.726302	7.964423744
970.8002039	8.403335907
979.8741059	8.479535907
988.9449568	8.37590386
998.0188588	8.506967953
1007.092761	8.427719884
1016.163612	7.120128186
1025.237439	6.672071814
1034.311341	6.858
1043.382192	6.903719884
1052.456094	6.867144209
1061.529996	6.873239767
1070.600847	6.964680116
1079.674749	7.254239767
1088.748651	7.181087837
1097.819502	7.071360233
1106.893404	7.427976256
1115.967306	9.329928186
1125.038157	11.22883205
	
