	RS=35524.4*
0	0.786383977
7.824216023	0.755904006
14.96872819	0.725424035
15.64843205	0.722375965
23.47264865	0.691895994
29.93135907	0.66446402
31.29686409	0.658368026
39.12412819	0.585215987
44.90008726	0.50596799
46.94834363	0.478536016
54.77561005	0.362712017
59.86271814	0.289559996
62.59982549	0.249935998
70.42404093	0.192023999
74.8284	0.161543991
78.24825637	0.140208003
86.07247646	0.070104001
89.79408186	0.039623999
93.89668726	0.003048
101.723949	-0.094488001
104.7597637	-0.137159996
109.5481691	-0.222504006
112.2608873	-0.274319993
119.7284873	-0.195071996
120.5575436	-0.192023999
129.6802054	-0.432815987
139.3362765	-0.74066402
148.9923382	-1.018031974
152.8632927	-1.139952003
153.1315181	-1.146047997
153.4027946	-1.155191988
156.1673235	-1.243583977
157.1030618	-1.283208012
184.8490147	-1.770887983
185.6994	-1.780032047
185.7603637	-1.783079971
213.5032471	-2.423159942
214.4176471	-2.432304006
217.7948363	-2.581656081
218.2703235	-2.602991988
218.7519127	-2.645664093
219.2456873	-2.679191988
242.5049745	-5.166360233
243.1145745	-5.224271814
252.075702	-6.281928186
271.5402255	-7.330439767
271.8145529	-7.354823744
283.3664618	-7.668767953
284.686251	-7.729728186
300.2188471	-8.488680116
300.4718363	-8.497823744
315.9343529	-9.351264093
328.9462471	-9.991343628
329.1382726	-10.00048842
329.330298	-10.00963205
346.944702	-11.09776795
348.5022255	-11.18616023
357.7406941	-11.80795251
379.8112726	-13.22527181
381.0945059	-13.31671158
386.1054	-13.72819228
386.4345706	-13.75867181
412.238949	-15.91665637
413.6623784	-16.02028842
414.7992765	-16.06296023
415.0949235	-16.06905637
443.6516549	-15.68196023
445.9528726	-15.64538456
446.4710549	-15.64233591
471.7968765	-15.35277567
473.5433745	-15.33753591
475.3020765	-15.34058456
477.2771745	-15.32839228
477.8776216	-15.32229614
503.4411961	-15.34667953
508.3880941	-15.34972819
531.4553745	-15.41983205
533.329902	-15.39849614
535.2135451	-15.40154363
539.273502	-15.41678456
539.5447784	-15.41983205
539.8099529	-15.41678456
563.2216216	-15.58137567
565.1906549	-15.57832819
570.658749	-15.62709614
570.9117196	-15.621
593.1103274	-14.56029614
595.2286726	-14.34998456
601.7605529	-13.81353591
623.0020471	-12.30477567
625.214898	-12.11884749
632.6124	-11.44219228
632.8745607	-11.41476023
633.1366471	-11.39342433
652.887702	-9.689592279
663.9823922	-8.561832047
664.2810902	-8.506967953
680.3898	-5.733287837
695.0018941	-3.102864093
708.815451	-1.914144064
710.799702	-1.67944807
712.7108039	-1.627632047
725.201502	-1.4478
726.112851	-1.435608012
727.170498	-1.429512017
740.6365412	-1.255775965
742.6056117	-1.234440058
744.5837607	-1.216152003
744.7635451	-1.213104006
755.2456588	-0.762
755.3188078	-0.758952003
765.3923883	-0.106679998
765.730749	-0.085344
767.861298	0.024383999
775.3928941	0.40843201
776.3561098	0.438912017
784.8508471	0.585215987
787.606251	0.621791988
794.3088	0.643127968
803.763702	0.667512017
810.1066078	0.682752003
813.2186039	0.691895994
821.362851	0.713231974
822.6735059	0.716279971
832.1314588	0.74066402
832.6129922	0.74066402
841.5863607	0.762
843.8632078	0.768095994
851.0411883	0.786383977
855.113349	0.798575965
860.4991412	0.810768026
866.3634902	0.822960015
869.9540432	0.829056009
877.6137059	0.844295994
879.4119961	0.847343991
888.866898	0.868679971
	
