	RS=34249.4*
0	0.804672032
6.598919884	0.774191988
12.62176795	0.749808012
13.19479228	0.746760015
19.79371274	0.719327968
25.23744093	0.694943991
26.39263088	0.688847997
32.99155135	0.643127968
37.85920772	0.594360015
39.59047181	0.579119993
46.18634363	0.512063984
50.47792819	0.469391988
52.78526177	0.448056009
59.38418456	0.414528004
63.0996973	0.396239985
65.98005637	0.384047997
72.57897451	0.344423999
75.71536912	0.323087983
79.17789265	0.301752003
85.77682009	0.246888001
88.33713823	0.222504006
92.37573823	0.155447997
94.66173823	0.118871996
100.9589073	0.121920002
101.6599436	0.109728004
111.0691181	-0.188976001
121.0360819	-0.588263984
130.9999946	-0.947927968
134.9928765	-1.103375965
135.2732873	-1.112520029
135.5506564	-1.124712017
138.4035799	-1.234440058
139.3698	-1.29235193
167.9996618	-1.83184807
168.8774873	-1.840991988
168.941502	-1.840991988
197.5683127	-2.575559942
198.5131853	-2.581656081
201.9970471	-2.776727895
202.4877892	-2.804159942
202.9846147	-2.840735907
203.4936255	-2.877311872
227.4966255	-4.95604807
228.1245127	-4.998719884
237.3721529	-5.94664807
257.4584618	-7.382255791
257.7388726	-7.415783977
269.6626471	-7.805928186
271.0220618	-7.863839767
287.051502	-8.555735907
287.3105745	-8.558783977
303.2668471	-9.396983977
316.693302	-10.06144749
316.8914294	-10.07059228
317.0895196	-10.08278456
335.2677961	-11.31417567
336.874098	-11.42085637
346.408251	-12.09446409
369.182898	-13.59103205
370.5087706	-13.68247181
375.6782039	-14.06652047
376.0195784	-14.097
402.646902	-16.14525637
404.1160216	-16.24888842
405.2894941	-16.31289614
405.5942941	-16.32508842
433.8644941	-15.82521544
436.1413784	-15.78254363
436.6564726	-15.78254363
461.7262726	-15.46250386
463.4575529	-15.44116795
465.194898	-15.43202433
467.1517274	-15.41068842
467.7460726	-15.40459228
493.0536255	-15.45336023
497.9486941	-15.46250386
520.7873745	-15.58442433
522.6435961	-15.58137567
524.5059196	-15.59052047
528.526251	-15.61185637
528.7944765	-15.61490386
529.0566	-15.61185637
552.2366549	-15.8496
554.1842941	-15.86179228
559.5944941	-15.92275251
559.847502	-15.91360772
581.8235745	-14.27378456
583.9206	-14.06042433
590.3884471	-13.46606409
611.4165961	-11.88415251
613.6050765	-11.70432047
620.9294294	-11.07947953
621.188502	-11.05204749
621.4475745	-11.03376023
641.0035529	-9.51890386
651.9824549	-8.580119884
652.278102	-8.516112163
668.2252588	-5.455919884
682.6910549	-2.621280116
696.3704432	-1.895855936
698.3334117	-1.75564807
700.2231568	-1.712975965
712.5918902	-1.499616023
713.4941607	-1.487424035
714.5396039	-1.481328041
727.8715529	-1.289304006
729.8191922	-1.261871959
731.7791098	-1.237487983
731.9558432	-1.234440058
742.334298	-0.725424035
742.4043961	-0.719327968
752.3774432	-0.054864002
752.7127529	-0.03048
754.8219451	0.073151998
762.679698	0.451104006
763.682502	0.475487983
772.5461098	0.6096
775.4203529	0.633983977
782.4124471	0.658368026
792.2758078	0.6858
798.8960549	0.704087983
802.1421451	0.713231974
810.6339059	0.734568026
812.0055059	0.737616023
821.8687922	0.762
822.3717568	0.762
831.7321529	0.786383977
834.1096078	0.789431974
841.5984902	0.807720029
845.8474588	0.81686402
851.464902	0.829056009
857.5822588	0.841247997
861.3281883	0.847343991
869.3201098	0.862583977
871.1946	0.865631974
881.0579607	0.883920029
	
