	RS=148.08* 
0	9.689592279
8.91235193	8.875776256
17.82165637	7.205471814
24.31694363	6.541007721
26.73400772	6.291071814
35.64635907	6.126480116
38.70350502	6.123432047
44.55566177	6.114287837
53.46801544	5.827776256
62.38036912	5.510783977
71.14946177	4.910328186
71.58228186	4.824983977
79.91551274	1.615440058
80.78723628	1.258824035
88.68156372	-1.213104006
89.9922	-1.627632047
97.4476054	-3.233927895
99.19716372	-3.486911872
106.2136564	-4.315967953
108.4021181	-4.669535907
114.982749	-5.699760233
117.6040309	-6.224016023
123.751851	-7.482839767
126.8089946	-7.863839767
132.5178927	-8.671560233
136.017	-8.933687837
141.2839436	-9.387839767
145.2189127	-9.628632047
150.0499946	-9.942575674
154.4238765	-10.37234363
158.8160363	-10.76248842
163.6288402	-11.27455251
167.5851382	-11.60068842
172.8337853	-12.42669614
176.3511892	-12.97838456
182.038749	-13.74038456
185.1172402	-14.15491158
191.2437127	-14.74317567
193.7095529	-14.98092047
200.4456255	-15.38020772
202.2957637	-15.48993591
209.6505892	-15.59966409
210.8880765	-15.61185637
218.8585853	-15.621
219.4742873	-15.621
228.060498	-15.56613591
228.0666	-15.56613591
236.6528108	-15.52956023
237.2654618	-15.52956023
245.2420726	-15.55089614
246.4704255	-15.55699228
253.8313529	-15.59661544
255.6753892	-15.60880772
262.4206147	-15.65147953
264.8803529	-15.67586409
271.0098765	-15.72158456
274.085298	-15.74292047
279.5991382	-15.77644749
283.2872108	-15.80387953
288.185349	-15.82826409
292.4952255	-15.83740772
296.7776618	-15.84350386
301.7001892	-15.82826409
305.0560402	-15.80997567
310.902102	-15.74596795
313.3344	-15.73072819
320.1070471	-15.70329614
321.6158294	-15.70329614
329.3150804	-15.73377567
330.5769196	-15.74596795
338.5169745	-15.78559228
339.5349961	-15.78559228
347.7219196	-15.87398456
348.4961235	-15.88007953
356.926902	-15.95323205
357.460302	-15.95932819
366.1318471	-16.02028842
366.4214294	-16.02333591
375.3368294	-16.06600772
375.3825196	-16.06905637
384.3405961	-16.20316795
384.5387235	-16.20926409
393.3047745	-16.37385637
393.7437059	-16.383
402.265902	-16.52320772
402.951702	-16.5354
411.2270294	-16.60550386
412.1535961	-16.59940772
420.1851059	-16.53235251
421.3585784	-16.51101544
429.1461961	-16.42567181
430.5635235	-16.41043205
438.1103745	-16.34032819
439.7654549	-16.33118456
447.071502	-16.22145637
448.973451	-16.19707181
456.0326294	-16.1544
458.1783961	-16.13611158
464.9907059	-16.13001544
467.3803274	-16.14525637
473.9548471	-16.17878456
476.5852726	-16.18487953
482.9159745	-16.13001544
485.7933059	-16.11172819
491.877102	-16.13306409
494.9952	-16.14220772
500.8382294	-16.16354363
504.2001451	-16.19707181
509.7993196	-16.23974363
513.4051274	-16.30070386
518.7604471	-16.39823977
522.6100726	-16.47748842
527.7215745	-16.57807181
531.8150549	-16.59940772
536.682702	-16.62988842
541.02	-16.64512819
545.6438294	-16.67865637
550.2218941	-16.76704749
554.6049196	-16.85848842
559.4299274	-17.03832047
563.5660471	-17.20596023
568.6348726	-17.40103205
572.5271745	-17.53819228
577.8368039	-17.68754363
581.488302	-17.79422433
587.041749	-17.89785637
590.4524804	-17.97710386
596.2497451	-18.12645637
599.4105196	-18.17827181
605.4516765	-18.23008842
608.3716471	-18.26056795
614.6566216	-18.30323977
617.3327745	-18.32457567
623.8616039	-18.38248842
626.2969529	-18.40077567
633.066549	-18.47392819
635.2580432	-18.49526409
642.2714941	-18.58060772
644.2161568	-18.60803977
651.4764393	-18.68728842
653.1772471	-18.70557567
660.6784078	-18.76043977
662.1413883	-18.76958456
669.8833529	-18.84578456
671.1025529	-18.86102433
679.091349	-18.94941544
680.0605922	-18.96160772
688.2932432	-19.09572047
689.0217568	-19.11096023
697.4981883	-19.23287953
697.9828471	-19.24202433
706.7032078	-19.44928842
706.9469883	-19.45233591
715.9081529	-19.66569498
724.8327059	-19.63216912
725.0094393	-19.62912047
733.7572588	-19.27250386
734.1108	-19.25421544
742.6787607	-18.72691158
743.2152117	-18.69947953
751.0820432	-18.21789614
751.6032393	-18.17217567
758.948949	-17.32483205
760.5247412	-17.18157567
766.8158549	-16.47139228
769.4492941	-16.05991158
774.6827607	-15.28572047
778.3738471	-14.90167181
782.5313607	-14.45056795
787.295349	-13.40510386
790.3799607	-12.49070386
796.216851	-10.61618456
798.2285607	-10.07668842
805.1414039	-8.415528186
806.0771607	-8.22655193
813.6026549	-6.675119884
814.0629059	-6.525767953
821.125098	-4.379975965
822.9874588	-3.81
828.6475412	-1.798320029
831.9120117	-1.039368026
832.631298	-0.880872032
836.1731098	-0.082296003
840.8334393	1.072895994
843.6986039	1.703832047
849.7579922	2.913888128
851.6660432	3.249167953
858.6825451	3.627119884
859.6366078	3.752088128
867.6040471	5.742432047
875.3611922	6.361176256
877.0345412	6.379464093
883.1153607	6.2484
886.4651098	6.272783977
890.8694549	6.300216023
895.8925529	6.574535907
898.6266	6.888480116
905.3230471	8.37895193
907.3712941	8.823960233
914.7535412	9.000744209
916.1159883	8.92149614
924.1810588	7.580376256
924.8668588	7.449312163
933.6115529	5.663183977
	
