	RS=83.070* 
0	4.33730386
4.1148	3.874008012
8.22655193	3.550919884
12.34135251	3.258311872
16.45615251	2.938272105
20.56790502	2.685288128
23.45131274	2.572511872
24.68270502	2.563367953
28.79750502	2.554224035
32.90925637	2.721864093
37.02405637	2.89255193
41.13581005	2.694432047
45.25061005	2.51764807
46.89652819	2.51764807
49.36541005	2.554224035
53.48021005	2.572511872
57.59195907	2.575559942
61.70675907	2.575559942
65.82155907	2.566416023
69.93331274	2.58470386
70.34784093	2.58470386
74.04811274	2.602991988
78.15986177	2.642616023
82.27466177	2.691383977
86.38946177	2.7432
90.50426177	2.776727895
93.79305637	2.81635193
94.61602009	2.82549614
98.73082009	2.944367953
102.8456201	2.947416023
106.9573691	3.014472105
111.0721691	3.11810386
115.1839181	3.148583977
117.2474201	3.142488128
119.2987181	3.12115193
123.4135181	3.099816023
124.3096309	3.096767953
127.5252765	3.090672105
131.6400765	3.032759942
135.7548765	2.97789614
139.8696765	2.926080116
140.6895799	2.907791988
143.9814255	2.852927895
148.0962255	2.82244807
152.2079745	2.810256081
156.3227745	2.74624807
160.4375745	2.798064093
164.1439529	2.630424035
164.5493235	2.612135907
167.033451	2.532888128
168.6641235	2.481072105
172.7758726	2.493264093
176.8937235	2.624327895
181.0054726	2.855975965
185.1202726	2.859024035
187.5891637	2.849880116
189.2320402	2.840735907
193.3468402	2.776727895
197.4616402	2.779775965
201.5733892	2.755391988
205.6881892	2.724911872
209.7999382	2.66090386
211.0404765	2.651759942
213.9147382	2.621280116
218.0295382	2.58470386
222.1443382	2.51155193
226.2560873	2.465832047
230.3708873	2.395728041
234.4856873	1.90804807
242.169702	-1.179575965
244.5745598	-1.834895994
249.856749	-3.770375965
254.6604	-5.202935907
257.5407637	-6.193535907
264.7492726	-8.601455791
265.2278108	-8.775192279
272.9148765	-11.80795251
274.8351127	-12.54252047
280.5988726	-14.65783205
284.9239853	-16.05686409
288.2859382	-17.01088842
295.0098255	-18.73300772
295.9699529	-18.93112819
303.660051	-20.31492047
305.098698	-20.57095135
311.3440471	-21.40000772
315.1845196	-21.96998456
319.0310941	-22.33269498
325.2734294	-23.04897684
326.7151274	-23.18308726
334.4021745	-23.95118456
335.359251	-24.03043088
342.0892216	-24.66441544
345.4511745	-24.92959228
349.7732549	-25.23439228
355.5369961	-25.70683088
357.460302	-25.83789498
365.144298	-26.32557684
365.6259059	-26.34995907
372.8343961	-26.66390502
375.7117274	-26.77363088
380.5184294	-26.93822316
385.8006	-27.09367181
388.2054765	-27.1272
395.8894726	-27.22168726
404.2532039	-27.08147953
407.0908726	-27.03880772
412.619949	-26.86812047
418.2983745	-26.76144093
420.9806294	-26.69133591
429.3473745	-26.53893591
429.4997745	-26.53284093
437.7111059	-26.45054363
440.7011745	-26.34995907
446.077851	-26.18841544
451.9025745	-25.95372047
454.4415451	-25.85008726
462.8052765	-25.52090502
463.1070255	-25.50871274
471.1689706	-25.20695907
474.3084255	-25.09113591
479.5357529	-24.90520772
485.5128765	-24.76195135
487.8994471	-24.70099228
496.2662294	-24.56078456
496.7142765	-24.55468726
504.6299235	-24.46324865
507.9156765	-24.42972047
512.9936549	-24.37790502
519.1201274	-24.30475135
521.357349	-24.27732047
529.7240941	-24.14625637
530.3215274	-24.13406409
538.0878255	-24.00909498
541.5259784	-23.95118456
546.4545706	-23.87193591
552.7273784	-23.75915907
554.815251	-23.72258456
563.1819961	-23.57932819
563.9318294	-23.57018456
571.5457274	-23.50312819
575.1332294	-23.49703088
579.9124726	-23.50312819
586.3346294	-23.48788726
588.2792549	-23.49093591
596.639898	-23.47874363
597.5390804	-23.48179228
605.0066804	-23.50312819
608.7434941	-23.53055907
613.3703745	-23.53665637
619.9448941	-23.57627953
621.7371196	-23.57932819
630.100851	-23.51227181
631.1462941	-23.50007953
638.4645451	-23.38730502
642.3476941	-23.29586409
646.8282393	-23.18004093
653.5521451	-22.98801544
655.1950588	-22.94229498
663.5587529	-22.68931274
664.7565961	-22.64968726
671.925498	-22.41804093
675.9579961	-22.27783088
680.2861412	-22.12238456
687.1593961	-21.87549498
688.6529607	-21.81758456
697.0166549	-21.50364093
698.3607961	-21.45182316
705.3834	-21.19579228
709.568298	-21.05253591
713.7470941	-20.90013591
720.769698	-20.62886409
722.1107883	-20.58314363
730.4745568	-20.31492047
731.971098	-20.27529498
738.841302	-20.08632047
743.172498	-19.99487953
747.2049961	-19.90039228
754.38	-19.79066409
755.5717412	-19.78761544
763.9355098	-19.67788726
765.5814	-19.64740772
772.2992039	-19.47976795
776.7828	-19.32127181
780.665949	-19.16582433
787.9842	-18.86407181
789.0296432	-18.82444749
797.3963883	-18.56232047
799.188651	-18.50745637
805.7571059	-18.27885637
810.393102	-18.0594
814.123851	-17.87347181
821.594502	-17.50161544
822.4875451	-17.45589614
830.8542902	-17.15414363
832.795902	-17.09318456
839.2180588	-16.89506409
843.997302	-16.71523205
847.5817529	-16.60550386
855.2017529	-16.43786409
855.9454471	-16.41957567
864.3121922	-16.17573591
866.4062039	-16.11782433
872.6759607	-15.95018456
877.6076039	-15.82521544
881.0427059	-15.75511158
888.8090039	-15.58137567
889.4064	-15.56918456
897.7700941	-15.34667953
900.0134549	-15.27657567
906.1337883	-15.09369614
911.2148549	-14.92605637
914.5006078	-14.7828
922.4193059	-14.42923205
922.864302	-14.4018
931.2310471	-13.88668842
933.6207059	-13.68552047
939.5916902	-13.1064
944.8251568	-12.61872047
947.9585098	-12.30172819
956.0265568	-11.51229614
956.3222039	-11.48486409
964.688949	-10.64056795
967.2279568	-10.32357567
973.0526432	-9.6012
978.4293568	-8.823960233
981.4164117	-8.366760233
989.6368588	-7.028687837
989.7831568	-7.00735193
998.146851	-5.590032047
1000.838259	-5.03224807
1006.513596	-3.910583977
1012.039659	-2.490216023
1014.87729	-1.761744064
1019.095749	-0.222504006
1023.241059	1.29235193
1029.788157	1.8288
1034.366259	1.959863948
1036.335255	2.042159942
1042.879302	2.112263948
1045.497561	2.161032047
1049.423349	2.124455936
1055.970447	2.106167953
1056.622761	2.118359942
1062.517545	2.304287983
1067.751012	2.545080116
1069.061592	2.59689614
1075.60869	2.718816023
1077.05649	2.74015193
1078.879188	2.764535907
1082.152812	2.752343919
1088.69991	2.755391988
1090.007439	2.770632047
1095.243957	3.038856081
1101.13569	3.398519884
1101.791055	3.468624035
1108.335102	3.779519884
1112.26089	4.130040058
1114.879149	4.288535907
1121.426247	4.79450386
1123.392192	5.050535907
1127.973345	4.821935907
1134.517392	4.087367953
	
