105.53	RS=105.53  
0	6.812280116
9.098280116	6.352032047
18.19351158	4.373880116
27.29179228	3.758183977
36.39007181	3.645408012
37.63365637	3.633216023
45.4853027	3.557016023
54.58358456	3.398519884
63.68186177	3.026664093
72.7770973	2.298191988
81.87537451	0.947927968
90.97365637	-1.170431974
100.0719382	-2.996183977
109.1671691	-5.687567953
118.265451	-9.744455791
127.3637235	-12.78636023
136.4589637	-16.06296023
145.5572363	-19.39137567
154.6555181	-21.44267953
163.750749	-23.46045637
172.8490402	-25.32278456
181.9473127	-26.68828726
191.0425529	-26.91079228
200.1408255	-26.74924865
209.239098	-26.44444865
218.3373892	-26.05735135
227.4326108	-25.86532819
236.530902	-25.96895907
245.6291745	-26.18232047
254.7244147	-26.10002316
263.8226873	-25.27401544
272.9209598	-24.60955135
282.0162	-24.39314363
291.1144726	-24.47239228
300.2127637	-24.56383088
309.3110363	-24.79852819
318.4062765	-24.42362316
327.504549	-24.48763088
336.6028216	-24.86253591
345.6980804	-24.67965637
354.7963529	-24.35047181
363.8946255	-24.35047181
372.9898471	-24.27427181
382.0881196	-23.93594363
391.1864294	-23.52141544
400.284702	-23.16175135
409.3799235	-22.82647181
418.4781961	-22.76551274
427.5765059	-22.75941544
436.6717274	-22.87828726
445.77	-23.16784865
454.8682726	-23.57323088
463.9665451	-23.76525637
473.0618039	-23.90546409
482.1600765	-23.98471274
491.258349	-23.96337684
500.3535706	-23.59456912
509.4518804	-23.13432047
518.5501529	-22.68016912
527.6453745	-22.43327953
536.7436471	-22.22296912
545.8419196	-22.05532819
554.9402294	-21.84806409
564.035451	-21.67432819
573.1337235	-21.42439228
582.2319961	-21.19579228
591.3272549	-20.94585637
600.4255274	-20.69287181
609.5238	-20.47951274
618.6220726	-20.22347953
627.7172941	-20.03755135
636.8156039	-19.69007953
645.9138393	-19.25116795
655.012149	-18.77872819
664.1074078	-18.44344749
673.2056432	-17.88566409
682.3039529	-17.07794363
691.3992117	-16.22145637
700.4974471	-15.50517567
709.5957568	-14.80413591
718.6939922	-13.99641544
727.789251	-12.97533591
736.8875607	-11.19225637
745.9857961	-9.634728186
755.0841059	-8.061960233
764.1792902	-6.123432047
765.0906393	-5.163312163
773.2776	3.471672105
782.3759098	6.059423744
791.4710941	6.071616023
800.5694039	5.958839767
809.6676393	5.599176256
818.765949	5.288280116
827.8612078	5.190744209
836.9594432	5.135880116
846.0577529	5.126735907
855.1559883	5.129783977
864.2512471	5.166360233
873.3495568	5.519928186
880.5123568	6.065519884
887.6782078	6.656832047
894.8410078	7.071360233
902.0038078	5.544312163
	
