	RS=11.947* 
0	1.438655936
8.75995193	1.240536052
9.896856372	1.213104006
17.52295251	1.018031974
19.79371274	1.027175965
26.28290502	1.085087983
29.69056912	1.100327968
35.04285637	1.139952003
39.58742549	1.179575965
43.8089027	1.228344064
49.48428186	1.246632047
52.56885637	1.240536052
59.37808726	1.19786402
61.32881005	1.19786402
69.27494363	1.237487983
70.09181005	1.243583977
78.85176372	1.136904006
79.13217451	1.127760015
87.61171274	0.950975965
88.98636372	0.960120029
98.84054363	0.972312017
108.6947235	0.911352003
114.449349	0.387095994
116.7993637	-0.012192
124.1389436	-0.877824035
124.9070363	-1.027175965
133.0116765	-2.310383977
133.8285382	-2.432304006
141.1163073	-2.346959942
142.7134564	-2.380487983
143.5181235	-2.395728041
149.2239799	-2.682240058
153.2077181	-2.865119884
157.3286108	-3.27355193
162.9003637	-4.008119884
165.433251	-4.599432047
172.589949	-6.1722
173.5409235	-6.348983977
181.6486147	-9.009887837
182.2795529	-9.165335907
189.7532363	-10.76248842
191.9691382	-11.15263205
197.8609274	-11.84147953
201.6617745	-12.19504749
205.965549	-12.67053591
211.3513598	-13.36547953
214.0701892	-13.86230386
221.0409637	-15.02663977
222.1778618	-15.27352819
230.282502	-16.94078456
230.730549	-17.02612819
238.3871235	-18.04111158
240.4201529	-18.288
246.4948147	-18.66290386
250.1097382	-18.88236023
254.5994363	-18.96160772
259.7993235	-19.05304749
262.7040765	-19.06523977
269.4889274	-19.09572047
270.8148	-19.10181544
278.9194402	-19.12924749
279.1815637	-19.13229614
287.0240618	-19.10791158
288.871149	-19.10181544
295.1317529	-19.09876795
298.5607529	-19.08657567
303.2363745	-19.06523977
308.2503382	-19.03171158
311.3410147	-19.00732819
317.9399235	-18.94332047
319.4487059	-18.93112819
327.5533274	-18.87321544
327.6325784	-18.87321544
335.657949	-18.81530386
337.3221451	-18.80920772
343.7656216	-18.73605637
347.011749	-18.70862433
351.8702804	-18.67509614
356.7044039	-18.62327953
359.974902	-18.62327953
366.3939706	-18.61108842
368.0856255	-18.61413591
376.0835745	-18.61718456
376.1902471	-18.62023205
384.2949059	-18.66595251
385.7731784	-18.68119228
392.4025784	-18.73300772
395.4627451	-18.76348842
400.5072	-18.80311158
405.152349	-18.81530386
408.6118216	-18.81530386
414.8419529	-18.77872819
416.7194941	-18.76653591
424.5315196	-18.66290386
424.8241529	-18.66290386
432.9287745	-18.65376023
434.2211235	-18.65985637
441.0364471	-18.67204749
443.9137784	-18.69033591
449.1411059	-18.65680772
453.6033451	-18.62632819
457.2487784	-18.60194363
463.292949	-18.55012819
465.356451	-18.54098456
472.9825529	-18.50136023
473.4610726	-18.50136023
481.5656941	-18.53183977
482.6751706	-18.54403205
489.6734039	-18.62327953
492.3647745	-18.69338456
497.7780255	-18.84578456
502.0543784	-18.93112819
505.8826471	-19.01037567
511.7439451	-19.00732819
513.9903196	-18.99818456
521.4366	-19.04085637
522.0949784	-19.04085637
530.1996	-19.01952047
531.1262039	-19.01342433
538.3072726	-18.94332047
540.8157706	-18.92198456
546.4149451	-18.92198456
550.5053745	-18.87931158
554.5196039	-18.89150386
560.1949784	-19.00427953
562.6272765	-19.01952047
569.8845451	-19.09876795
570.731898	-19.10486409
578.8365196	-19.16887181
579.574149	-19.17496795
586.9442294	-19.18106409
589.2637529	-19.18716023
595.048851	-19.17192047
598.9533196	-19.16887181
603.1534726	-19.17192047
608.6459745	-19.18411158
611.2611451	-19.18411158
618.3355784	-19.19325637
619.3658039	-19.19630386
627.4703883	-19.21459228
628.0251451	-19.21154363
635.581149	-19.22373591
637.714749	-19.22373591
643.6858078	-19.23287953
647.4074039	-19.23287953
651.7903922	-19.25116795
657.0970078	-19.27555251
659.898102	-19.28774363
666.7866117	-19.34870386
668.0027607	-19.35784749
676.1073451	-19.41880772
676.4761412	-19.42185637
684.2150549	-19.5072
686.1687961	-19.51024865
692.3196393	-19.55292047
695.8584	-19.57425637
700.424298	-19.59559228
705.5480039	-19.64740772
708.5320078	-19.66264865
715.2376078	-19.72665637
716.6396432	-19.73275135
724.744302	-19.81504865
724.9272117	-19.81504865
732.8520117	-19.86076912
734.6167412	-19.87295907
740.9565961	-19.93696912
744.3063451	-19.97049498
749.0612549	-20.01621544
753.995949	-20.04974363
757.1688902	-20.08632047
763.6855529	-20.16556912
765.273549	-20.18080772
773.3782078	-20.24481544
780.9615961	-20.15337684
788.5420078	-19.94001544
796.1223451	-19.70227181
803.7058078	-19.66874363
811.2861451	-19.67484093
818.8665568	-19.69922316
818.8726588	-19.69922316
826.4499451	-19.63826409
834.0334078	-19.63216912
841.6137451	-19.52548726
849.1972078	-19.47976795
856.7775451	-19.37003977
864.3579568	-19.26336023
871.9413451	-19.12315251
879.5217568	-18.92503205
887.1020941	-18.54098456
894.6855568	-18.07463977
902.2689451	-17.6022
909.8493568	-16.82191158
917.4296941	-15.66062433
925.0101059	-14.39570386
932.5934941	-12.74673591
940.1739059	-11.31417567
947.7572941	-10.14069614
954.6641098	-8.065007721
955.3346549	-7.863839767
962.9210941	-4.65429614
970.5045568	-2.837688128
978.0848941	-1.773936052
985.6653059	-0.850391988
989.4203883	-0.198119993
993.2486941	0.469391988
1000.829106	0.923543991
1008.409443	0.807720029
1015.992906	0.957072032
1025.08809	1.947671959
1025.091141	1.947671959
1034.1864	2.703575965
1043.28471	3.742943919
1052.379894	4.050791988
1061.478204	1.956816023
1070.576439	0.716279971
1079.674749	0.240792007
1088.773059	-0.243840004
1097.871294	-0.923543991
1106.969604	-1.0668
1116.064788	-1.124712017
1125.163098	-1.149095994
1134.261408	-1.118616023
1143.356592	-1.194816023
1152.454902	-1.2192
1161.553212	-1.362455936
1170.651447	-1.389887983
1179.749757	-1.392936052
1188.847992	-1.255775965
1197.943251	-1.225295994
1207.041561	-1.353312017
1216.139796	-1.37464807
1225.238106	-1.386840058
1234.33329	-1.395983977
1243.4316	-1.420367953
1252.52991	-1.508759942
1261.62822	-1.52704807
1270.72638	-1.52095193
1279.82469	-1.505712017
1288.920023	-1.356359942
1298.018184	-1.389887983
1307.116494	-1.453895994
1316.211679	-1.353312017
1325.309988	-0.9144
1334.408298	-0.829056009
1343.506608	-0.944879971
1352.601792	-1.112520029
1361.700102	-1.484375965
1370.798412	-1.533144064
1379.896721	-1.37464807
1388.991906	-1.386840058
1398.090216	-1.441704006
1407.188377	-1.481328041
1416.28371	-1.554479971
1425.384996	-1.847087983
1434.48018	-1.914144064
1443.57849	-1.816608012
1452.6768	-1.709928041
1461.771984	-1.542287983
1470.870294	-1.82575193
1479.968604	-1.895855936
1489.066914	-1.90804807
1498.162098	-1.844040058
1507.263384	-1.584959942
1516.361694	-1.319783977
1525.456879	-2.200655936
1534.555188	-2.462783977
1543.653498	-2.602991988
1552.748682	-2.5908
1561.846992	-1.950720029
1570.945302	-1.301495994
1580.040486	-0.722375965
1589.138796	-0.167640004
1589.141921	-0.167640004
1598.240082	0.356615987
1607.335416	0.804672032
1616.433577	0.950975965
1625.531886	1.463040058
1634.62722	2.676143919
1643.72538	2.724911872
1652.820714	2.44144807
1661.919023	1.965959942
1671.017184	1.6002
1680.115494	1.362455936
1689.213804	1.322832047
1698.312114	1.45084807
1707.407298	1.243583977
1716.505608	1.024127968
1725.603918	0.960120029
1734.699102	0.771143991
1743.797412	0.701039985
1752.895721	0.658368026
1761.993882	0.670560015
1771.092192	0.734568026
1780.190502	0.676656009
	
