	RS=57.403* 
0	3.916680116
5.135880116	3.477767953
10.27480772	2.478024035
12.84427181	2.240279971
15.41068842	2.075687983
20.54961544	1.862328041
25.68854363	1.627632047
30.82747181	1.694687983
35.96335135	1.840991988
38.52976912	1.90195193
41.09923088	1.944624035
41.74845637	1.938528041
46.23815907	1.889759942
51.37404093	1.798320029
58.49111814	-0.286511999
63.04483088	-1.170431974
66.71462549	-1.837944064
74.71257451	-2.852927895
74.93812819	-2.874264093
80.91525637	-3.599688128
83.15857991	-3.870959942
86.38336912	-4.26415193
91.38208726	-5.34009614
98.04806177	-6.690360233
99.6055946	-7.053071814
107.8290927	-8.973312163
109.7188564	-9.525
116.0526	-11.32941544
121.383549	-12.67967953
124.2761073	-13.30147181
132.4996054	-15.14856023
133.0512927	-15.30705637
140.7231127	-17.80336795
144.7220873	-18.97684749
148.9466201	-19.84247953
156.3867892	-20.76602316
157.1670765	-20.86051274
165.3905745	-21.70785637
168.0575745	-21.97303088
173.6140726	-22.61006409
179.7253274	-23.42387953
181.8375892	-23.76220772
190.0580363	-25.02407953
191.3961127	-25.19172047
198.2815529	-25.85923088
203.0608147	-26.37739228
206.505051	-26.64866409
214.728549	-26.99918456
223.2019853	-26.56332047
224.2017382	-26.51455135
231.6723892	-26.31947953
233.6779598	-26.25852047
240.1488765	-26.19451274
243.157251	-26.16707953
248.6192618	-26.08783088
252.6334726	-26.01772819
257.095749	-25.93847953
262.1097127	-25.81960772
265.5661529	-25.74340772
271.582902	-25.57576912
274.0395892	-25.49347181
281.0621745	-25.35935907
282.5130255	-25.32887953
290.5384147	-25.13685637
290.9834108	-25.12771274
299.459898	-24.90520772
300.0146363	-24.89606409
307.930302	-24.75890502
309.4908765	-24.74366409
316.4067706	-24.6888
318.967098	-24.67051274
324.8771745	-24.60040772
328.4433196	-24.54859228
333.3506294	-24.43581544
337.9195784	-24.32913591
341.8240471	-24.24988726
347.398851	-24.10358456
350.294451	-23.98775907
356.8720216	-23.67686409
358.7709196	-23.59761544
366.3482804	-23.37511274
367.2413235	-23.35377684
375.7147784	-23.20747181
375.8275529	-23.20747181
384.1881961	-23.06116912
385.3037745	-23.04287953
392.661651	-22.91181544
394.7769451	-22.83256912
401.1351059	-22.5552
404.2532039	-22.43327953
409.6085235	-22.22601544
413.7324765	-22.10409498
418.0819784	-22.07361544
423.208698	-22.03704093
426.5523451	-21.97912819
432.6819059	-21.89073591
435.0258	-21.85720772
442.1611784	-21.77795907
443.4992549	-21.77186409
451.6374	-21.78710502
451.9726726	-21.79015135
460.4461274	-21.82977684
461.1136216	-21.82977684
468.9195451	-21.78405637
470.5898804	-21.76881544
477.389949	-21.70175907
480.066102	-21.67432819
485.8664549	-21.61641544
489.5423235	-21.57679228
494.3368216	-21.50668726
499.0185451	-21.44572819
502.8102765	-21.34209498
508.4978549	-21.1836
511.2836941	-21.11654363
517.9710255	-20.95195135
519.754098	-20.90623088
527.4472471	-20.65629498
528.2306039	-20.62886409
536.7009706	-20.28139228
536.9265196	-20.27224865
545.1774765	-19.94611274
546.4027784	-19.89734363
553.6478804	-19.7358
555.875949	-19.70532047
562.121298	-19.57730502
565.3521706	-19.52244093
570.5947529	-19.48586409
574.8314804	-19.46757567
579.0651196	-19.45843205
584.307702	-19.45843205
587.5416255	-19.47062433
593.7839235	-19.50110386
596.0120294	-19.51939228
603.2601451	-19.55292047
604.488498	-19.55596912
612.7364039	-19.56511274
612.958902	-19.56206409
621.4323196	-19.52244093
622.2126255	-19.51634363
629.9058117	-19.42185637
631.6888471	-19.39747181
638.3761412	-19.31517567
641.1651059	-19.27250386
646.8526471	-19.26031158
650.6412902	-19.24507181
655.323051	-19.26031158
660.117549	-19.28774363
663.7965059	-19.28774363
669.5968588	-19.28164749
672.2699607	-19.25421544
679.0699922	-19.19325637
680.7433412	-19.15667953
688.546251	-19.01342433
689.2167961	-19.00732819
697.690251	-18.90369614
698.0225098	-18.90064749
706.1637059	-18.91893591
707.5017451	-18.91893591
714.6341098	-18.87626409
716.9749529	-18.86102433
723.1074902	-18.86102433
726.4512117	-18.88236023
731.5809451	-18.94636795
735.9304471	-18.99208842
740.0544	-19.00732819
745.4067059	-19.03171158
748.5278549	-19.02561544
754.8828902	-19.03171158
757.0013098	-19.01037567
764.356098	-18.95856023
765.4716393	-18.95856023
773.8354078	-18.93417567
773.9481451	-18.93417567
782.418549	-18.94332047
783.3115922	-18.90064749
790.8920039	-18.54403205
792.787851	-18.46783205
799.3654588	-18.20265637
802.2641098	-18.06549614
807.8388393	-17.8308
811.7402941	-17.69363977
816.3122941	-17.51685637
821.2165529	-17.34616795
824.782698	-17.17547953
830.6957883	-16.75180772
833.2592039	-16.45005637
840.1689961	-15.32839228
841.7296078	-15.04797567
849.6452549	-13.4112
850.2029883	-13.28318456
858.6764432	-11.55192047
859.1214393	-11.48486409
867.1468471	-10.30528842
868.600749	-10.14983977
875.6233529	-9.339071814
878.0739568	-9.0678
884.0937568	-8.165592279
887.5501412	-7.632192279
892.5701883	-6.86104807
897.029451	-6.132576256
901.0405922	-5.303519884
906.5057098	-4.084319884
909.5140471	-3.389375965
915.9818941	-1.871471959
917.987502	-1.502663948
924.0651961	-0.435863984
925.455102	-0.195071996
926.4609568	-0.0762
934.9344117	1.04546402
942.895749	1.304544064
943.0999412	1.313687983
946.8398432	1.29844807
951.2655451	1.274063948
958.751451	1.234440058
959.428098	1.231391988
967.593702	1.115568026
970.6600078	1.127760015
975.7562549	1.16433598
982.5715412	1.264920029
983.9218588	1.29235193
992.0873883	1.944624035
994.480098	2.43535193
999.2411098	3.566159942
1006.391706	3.624072105
	
