	RS=26.777* 
0	3.069335907
8.698992279	1.868424035
9.323832047	1.786128041
17.39493591	1.185672032
18.65071158	1.103375965
26.09392819	0.963168026
27.97454363	0.957072032
34.79292047	0.81686402
37.29837684	0.765047997
40.76395367	0.746760015
43.56201544	0.734568026
46.54601005	0.719327968
52.49265637	0.70713598
55.73877451	0.704087983
61.4172	0.70713598
64.93764093	0.704087983
70.34478995	0.70713598
74.1365027	0.704087983
79.27543088	0.697991988
83.33536912	0.688847997
88.19997451	0.667512017
92.53117991	0.643127968
97.12756912	0.603504006
101.730051	0.56083201
106.0551637	0.521208012
110.9289127	0.496823999
114.982749	0.490728004
120.1277745	0.481584013
123.9103436	0.487680007
129.3266363	0.499871996
132.8379382	0.50596799
138.5194054	0.509015987
141.7655235	0.490728004
147.7182765	0.42976799
150.6900765	0.377952003
156.9171382	0.201168008
159.6207127	0.109728004
166.116	-0.201168008
168.548298	-0.42976799
175.3118108	-1.072895994
177.472851	-1.365504006
184.5106726	-2.334767953
186.4004363	-2.575559942
193.7095529	-3.419856081
195.3310726	-3.517391988
202.9084147	-3.907535907
204.2556255	-3.931919884
212.1072765	-4.053840058
213.1832108	-4.081272105
221.3030873	-4.26415193
222.1108147	-4.291583977
230.498898	-4.550664093
231.0384	-4.56895193
239.6977598	-4.864608012
239.9659853	-4.87375193
248.8935892	-5.138928186
257.8211745	-5.346192279
258.092451	-5.352287837
266.7487598	-5.626607721
267.2913127	-5.64489614
275.6763637	-5.855207721
276.4901745	-5.87349614
284.603949	-6.105144209
285.6890363	-6.144767953
293.528502	-6.513576256
294.887898	-6.583680116
302.4591382	-7.117080116
304.0837274	-7.229855791
311.3867235	-7.8486
313.2825706	-8.031480116
320.3112765	-8.775192279
322.4784	-8.982455791
329.2418941	-9.589007721
331.6772804	-9.805415442
338.169498	-10.22299228
340.8730726	-10.39367953
347.094051	-10.668
350.0719529	-10.78992047
356.0247059	-11.07947953
359.2707961	-11.23797567
364.9492216	-11.51839228
368.4696765	-11.67993591
373.8768255	-11.89329614
377.6655059	-12.04264749
382.8074804	-12.25296023
386.864349	-12.4206
391.7319961	-12.61262433
396.0632294	-12.78636023
400.6596	-12.95704749
405.2620726	-13.13383205
409.5872039	-13.31366409
414.457902	-13.50873591
418.5147706	-13.65503977
423.6536941	-13.85011158
427.4423745	-14.00860772
432.8525745	-14.24025637
436.3699784	-14.44752047
442.0514549	-14.82547181
445.2975451	-15.04187953
451.250298	-15.40459228
454.225149	-15.55699228
460.4461274	-15.90751158
463.149702	-16.05381544
469.6449706	-16.37995251
472.0803196	-16.46834363
478.843851	-16.65122433
481.0048726	-16.62379228
488.0426941	-16.53235251
489.9324765	-16.49272819
497.2415745	-16.32203977
498.8630941	-16.36471158
506.4343529	-16.56587953
507.7876471	-16.61464749
515.6331961	-16.91335251
516.715251	-16.94687953
524.8320765	-17.21815251
525.6459059	-17.25472819
534.0309196	-17.66925637
534.5704216	-17.69973591
543.226749	-18.21484749
543.4980255	-18.22703977
552.4256294	-18.67204749
561.3531961	-19.04085637
561.6244726	-19.05
570.2808	-19.38223205
570.8233529	-19.40356795
579.2084039	-19.79675907
580.0191451	-19.83638456
588.1359706	-20.22957684
589.2180255	-20.27529498
597.0635745	-20.52218456
598.4138549	-20.56790502
605.9911784	-20.89708726
607.612698	-20.98852819
614.9187451	-21.34819228
616.8115784	-21.43353591
623.843298	-21.70785637
626.0074078	-21.78100772
632.7739529	-22.06142316
635.206251	-22.15591274
641.7015568	-22.50033591
644.4050941	-22.65883088
650.6261098	-23.09469498
653.6040117	-23.31415135
659.5566902	-23.72867953
662.7998039	-23.95118456
668.4812432	-24.15235135
671.9986471	-24.23464865
677.4088471	-24.20112047
681.1944393	-24.1554
686.339502	-24.11882316
690.3933568	-24.0792
695.2640549	-24.19502316
699.5922	-24.34742316
704.1916588	-24.62174363
708.7879922	-24.89911274
713.1191883	-25.17343088
717.9869098	-25.48127953
722.0467922	-25.74035907
727.1857529	-26.08783088
730.9743961	-26.40482316
736.3845961	-26.88640772
739.898949	-27.22168726
745.5803883	-27.78861544
748.8296039	-28.04464865
754.7793059	-28.55366409
757.7572078	-28.73959228
763.978149	-29.15107181
766.6817607	-29.31566409
773.1769922	-29.70885637
775.6123412	-29.86430502
782.3698078	-30.22701544
784.5399451	-30.34588726
791.568651	-30.71469498
793.464498	-30.81527953
800.7674941	-31.26943088
802.3951529	-31.36087181
809.9664117	-31.72358456
811.3197059	-31.78759228
819.1652549	-32.12287181
820.2473098	-32.16859228
828.3610471	-32.42462316
829.1778902	-32.45510502
837.5598902	-32.80257684
838.1024432	-32.83000772
846.7588078	-33.30854363
847.0300471	-33.32073591
855.957651	-33.62248726
864.799902	-33.35121544
865.632	-33.28415907
873.6452039	-32.43986409
875.3094	-32.19602316
882.4905059	-31.01644865
884.980698	-30.59582316
891.3358078	-29.46196912
894.658098	-28.90418456
900.1811098	-28.02940772
904.3324471	-27.32227181
909.0264117	-26.50235907
914.0037451	-25.58186409
917.8746902	-24.83510502
923.6811451	-23.60066409
926.7199922	-23.05507181
933.3524432	-21.64994363
935.5652941	-21.07387181
941.6278078	-19.13534363
943.0298432	-18.69033591
944.4105961	-18.23008842
945.6694588	-17.51380772
952.7041922	-13.51178456
953.2528471	-13.19479228
962.098149	-9.348216023
962.3785412	-9.177528186
970.943451	-3.773424035
972.0528902	-3.602735907
979.7918039	-0.9144
981.7302902	-0.326136016
988.6371059	0.603504006
990.8286	1.261871959
998.5034432	2.246375965
998.683302	2.267712017
1006.172259	2.804159942
1008.729498	3.026664093
1013.844051	3.550919884
1018.775694	4.123943919
1021.518894	4.066032047
1028.82189	3.35584807
1029.18771	3.313175965
1036.859502	2.410967953
1038.868161	2.194559942
1044.531294	1.773936052
1048.911306	1.453895994
1052.203161	1.304544064
1058.960553	1.01193598
1059.874953	0.96926402
1067.546745	0.58216799
1069.006749	0.512063984
1075.218612	0.243840004
1079.052945	0.070104001
1082.890404	-0.024383999
1089.099141	-0.307847997
1090.562196	-0.365760015
1098.233988	-0.496823999
1099.145412	-0.499871996
1105.902804	-0.576071996
1109.191608	-0.6096
1113.577647	-0.649224035
1119.237804	-0.643127968
1121.249439	-0.591312017
1128.918255	-0.359663984
1129.287051	-0.347471996
1136.593098	0.188976001
1139.333247	0.359663984
1144.26489	0.225552003
1149.376392	-0.079247997
1151.933706	-0.216407993
1159.422588	-0.402336016
1159.608549	-0.402336016
1167.27729	-0.344423999
1169.468859	-0.329184013
1174.949157	-0.335280007
1179.515055	-0.362712017
1182.624	-0.359663984
1189.561251	-0.350519993
1190.292741	-0.374904006
1197.964608	-0.603504006
1199.610498	-0.643127968
1205.639451	-0.646175965
1209.656694	-0.655320029
1213.308192	-0.655320029
1219.70289	-0.676656009
1220.980059	-0.676656009
1228.651851	-0.691895994
1229.749161	-0.691895994
1236.323643	-0.74066402
1239.795357	-0.758952003
1243.99551	-0.786383977
1249.838502	-0.826008012
1251.667302	-0.841247997
1259.339094	-0.896112017
1259.884698	-0.896112017
1267.010886	-0.868679971
1269.930894	-0.874775965
1274.682679	-0.917447997
1279.980216	-0.960120029
1282.35462	-0.984504006
1290.026412	-1.042416023
1297.698204	-0.9906
1300.072608	-1.002791988
1305.369996	-1.039368026
1310.118804	-1.024127968
1313.041788	-1.030224035
1320.165	-1.094231974
1320.71358	-1.094231974
1328.382396	-1.04546402
1330.211196	-1.030224035
1336.057314	-1.054608012
1340.254416	-1.097279971
1343.729106	-1.115568026
1350.300612	-1.124712017
1351.397921	-1.127760015
1359.07269	-1.176527968
1360.349784	-1.185672032
1366.741506	-1.179575965
1370.39598	-1.152143991
1374.413298	-1.133856009
1380.442177	-1.143
1382.088216	-1.152143991
1389.756882	-1.173479971
1390.488521	-1.173479971
1397.428823	-1.173479971
1400.534718	-1.176527968
1405.103592	-1.143
1410.580914	-1.112520029
1412.772408	-1.097279971
1420.4442	-1.027175965
1420.62711	-1.027175965
1428.115992	-1.185672032
1430.673306	-1.246632047
1435.787784	-1.344167953
1440.719502	-1.459991988
1443.459577	-1.59715193
1450.765698	-1.926336052
1451.131518	-1.920240058
1458.80331	-1.810512017
1460.811894	-1.780032047
1466.475102	-1.456944064
1470.85809	-1.188720029
1474.146894	-0.9906
1480.904286	-0.621791988
1481.818686	-0.594360015
1489.487502	-0.393191988
1490.950482	-0.341376001
1497.16242	-0.344423999
1500.999804	-0.40843201
1504.834212	-0.521208012
1511.046	-0.752856009
1512.502879	-0.777239985
1520.177796	-0.862583977
1521.08922	-0.853439985
1527.849588	-0.752856009
1531.135416	-0.649224035
1535.518404	-0.502919993
1541.181612	-0.243840004
1543.193321	-0.036575999
1550.861988	0.573023999
1551.227808	0.594360015
1558.53378	1.572767953
1561.274004	2.002536052
1566.208698	2.264663948
1571.3202	2.493264093
1573.877514	2.264663948
1581.369521	1.606295994
1581.549306	1.594104006
1589.221098	1.155191988
1591.415718	1.109472032
1596.89289	1.075943991
1601.461914	1.350263948
1604.564682	1.642871959
1611.504984	1.426463948
1612.236623	1.417320029
1619.908416	1.075943991
1621.55118	1.021079971
1627.580208	0.798575965
1631.597377	0.697991988
1635.252	0.600456009
1641.643721	0.554736016
1642.923792	0.530352003
1650.595584	0.402336016
1651.692894	0.381
1658.267377	0.335280007
1661.73909	0.33223201
1665.939318	0.396239985
1671.785286	0.478536016
1673.61111	0.448056009
1681.282902	0.295656009
1681.831482	0.289559996
1688.954694	0.3048
1691.877679	0.295656009
1696.626486	0.368808012
1701.920898	0.463295994
1704.298279	0.481584013
1711.967094	0.496823999
	
