	RS=195.48* 
0	11.74089614
4.95909614	11.18006409
9.921239767	10.46378456
14.88033591	10.41196795
15.64233591	10.40892047
19.84247953	9.951720465
24.80157684	9.259823744
29.76067181	8.631935907
31.29076912	8.482583977
34.72281544	8.238744209
39.68191274	8.717280116
44.64101005	8.506967953
46.9331027	8.281416023
49.60315367	8.135112163
54.5652973	7.882128186
59.52438995	7.912607721
62.57848726	7.99795193
64.48348726	8.013192279
69.44563088	7.784592279
74.40472819	7.61390386
78.22082549	7.571232047
79.36687646	7.555992279
84.32596912	7.528560233
89.28506177	7.525512163
93.86316372	7.488935907
94.2472054	7.501128186
99.20630735	7.488935907
104.168451	7.379207721
109.1275436	7.327392279
109.5115946	7.32129614
114.0866363	7.763255791
119.0487799	8.22350386
124.0078819	8.894064093
125.1539235	9.0678
128.9669745	9.348216023
133.9291181	9.6774
138.8882201	9.814560233
140.7993127	9.817607721
143.8503637	9.726167953
143.9753235	9.720071814
148.8094564	9.51890386
152.8632927	9.351264093
153.768549	9.314687837
156.441651	9.278112163
158.730702	9.247632047
163.6928363	9.125712163
168.6519382	9.119616023
172.0839892	9.125712163
173.6110402	9.116567953
178.5731745	9.107423744
183.5322765	9.211055791
187.7324108	9.332976256
188.4944108	9.354312163
193.4535127	9.482328186
198.4126147	9.619487837
203.374749	8.942832047
212.1987127	8.092439767
213.0917745	7.964423744
221.0226765	7.150607721
222.811851	7.019544209
229.8466402	6.48004807
232.5288765	6.236207721
238.6675529	5.675376256
242.2489529	5.434583977
247.491498	5.10844807
251.9659598	4.87070386
256.3154618	4.620767953
261.6860363	4.34949614
265.1394255	4.154424035
271.4030618	3.907535907
273.9633892	3.828288128
281.1231382	3.944111872
282.7873529	3.977640058
290.8401637	3.9624
291.6082471	3.95935193
300.4322108	3.474719884
300.5602402	3.468624035
309.2561745	2.987040058
310.2772471	2.938272105
318.0801196	2.59384807
319.9973235	2.50850386
326.904102	2.179320029
329.714349	2.048255936
335.7249961	1.850136052
339.4374765	1.7526
344.5520294	1.612391988
349.154502	1.44475193
353.3729235	1.243583977
358.8745784	0.929639985
362.1969059	0.716279971
368.5916039	0.271271996
371.020851	0.0762
378.3116804	-0.633983977
379.8447961	-0.765047997
388.0287059	-1.344167953
388.6687784	-1.383791988
397.4896726	-1.844040058
397.7487451	-1.856232047
406.3167059	-2.270759942
407.4657706	-2.328671959
415.1376	-2.715767953
417.1858471	-2.828543919
423.9645961	-3.20649614
426.9028726	-3.383280116
432.7855274	-3.767327895
436.622949	-4.017264093
441.6094726	-4.303775965
446.3399745	-4.562856081
450.4334549	-4.785359942
456.060051	-5.056632047
459.254349	-5.209032047
465.7770765	-5.4864
468.0813451	-5.599176256
475.4971529	-5.967983977
476.9022765	-6.02589614
485.2141784	-6.40384807
485.7292726	-6.428232047
494.5502039	-7.00430386
494.9342549	-7.025639767
503.371098	-7.446264093
504.6512804	-7.498080116
512.1980941	-7.802880116
514.3713196	-7.888223744
521.0190255	-8.15035193
524.0883451	-8.263128186
529.8460216	-8.467344209
533.8084216	-8.622792279
538.6669529	-8.808719884
543.5254471	-8.99464807
547.493949	-9.131807721
553.2455235	-9.317735907
556.3148804	-9.412223744
562.9656	-9.567671814
565.1357745	-9.631680116
572.6856765	-9.805415442
573.9627706	-9.848088419
582.402702	-10.11631158
582.783702	-10.12850386
591.610698	-10.4394
592.1227784	-10.44854363
600.4316294	-10.64666409
601.8398039	-10.66190386
609.2586255	-10.70152819
611.5598804	-10.74115251
618.0795196	-10.86612047
621.2769059	-11.01852047
626.903502	-11.25931158
630.9969451	-11.49705637
635.7274471	-11.81404749
640.7140078	-12.16152047
644.5483412	-12.43583977
650.4340471	-12.88389614
653.3754117	-13.15212047
660.1541607	-13.71904749
662.1963059	-13.85925637
669.871149	-14.55724749
671.023302	-14.6304
679.5882117	-15.52956023
679.8441961	-15.55699228
688.6711922	-16.22145637
689.308251	-16.22755251
697.4921607	-16.45310386
699.0282902	-16.47139228
706.3130549	-16.58112047
708.7453529	-16.70303977
715.140051	-17.03832047
718.4653922	-17.27911158
723.9609451	-17.62658456
728.1824549	-17.94662433
732.7879412	-18.28190386
737.9024941	-18.55927181
741.6089098	-18.76958456
747.6195568	-19.02561544
750.4359059	-19.15667953
757.3395961	-19.59254363
759.2568	-19.71751274
767.0566588	-20.2692
768.0776941	-20.33930502
776.776698	-20.86355907
776.9046902	-20.86965637
785.7256588	-21.51583088
786.4937607	-21.58288726
794.5526549	-22.35707953
796.216851	-22.48814363
803.373549	-23.05507181
805.9338393	-23.22880772
812.2005451	-23.64333591
815.6539529	-23.89632047
821.0214393	-24.31084865
825.3709412	-24.61564865
829.8454588	-24.93873591
835.0910549	-25.28620772
838.6694039	-25.50566409
844.8080432	-25.97200772
847.490298	-26.18841544
854.5281568	-26.81935135
856.3172941	-26.98394363
864.2451451	-27.71851274
865.1381883	-27.78556912
873.9652588	-27.92577684
881.6492549	-27.48991274
888.3762117	-26.77363088
889.333251	-26.65171274
897.020298	-24.29865637
902.7870902	-22.43937684
904.7073451	-21.7932
912.3943922	-19.20849614
917.1980432	-17.47418456
920.0783883	-16.34032819
927.7655098	-13.42948842
931.6089961	-12.39316795
935.4525568	-11.34770386
943.1396039	-9.211055791
946.019949	-8.183880116
950.8236	-6.24535193
958.5075961	-3.12724807
960.430902	-2.392679971
966.1976941	1.072895994
973.8816902	5.507735907
974.8418549	5.952744209
981.0201568	6.900671814
981.5688117	6.982967953
989.2528078	7.940039767
997.1623529	8.75690386
997.8907922	8.83310386
999.4605568	8.906255791
1006.5258	9.104376256
1009.665255	9.06170386
1015.163859	8.903207721
1019.873004	8.574023744
1023.798792	8.296655791
1030.077702	7.723632047
1032.4338	7.519416023
1040.285451	7.379207721
1041.071859	7.363967953
1049.706792	7.406639767
1050.490149	7.38835193
1058.344851	7.257287837
1060.694847	7.251192279
1066.979859	7.220712163
1070.905647	7.181087837
1075.617843	7.15670386
1081.110345	7.412735907
1084.2498	7.69924807
1091.318094	9.153144209
1092.887859	9.52804807
1101.522792	11.83538456
	
