	RS=148.98* 
0	9.576816023
9.092183977	8.321039767
18.18436795	6.504432047
24.80767181	6.065519884
27.27655135	5.900928186
36.24681544	5.769864093
36.36873591	5.769864093
45.45787181	5.702807721
54.5531027	5.437632047
63.64528726	4.937760233
72.43267181	4.126991988
73.41717451	4.005072105
81.2170054	1.624583977
83.19211274	1.024127968
90.00134363	-0.426719993
92.97009265	-0.81686402
98.78568186	-1.021079971
102.7419799	-1.310640058
107.5700201	-1.545336052
112.5169181	-2.121408012
116.3574	-2.548127895
122.2888054	-3.05409614
125.1386873	-3.307080116
132.0667946	-3.758183977
133.9230255	-3.910583977
141.8417235	-4.465319884
142.7073637	-4.535424035
151.4916927	-4.80669614
151.6136201	-4.818888128
160.2790726	-5.620512163
161.388549	-5.71804807
169.0634108	-6.315455791
171.1665382	-6.477
177.847749	-6.848855791
180.9384255	-7.01649614
186.6320873	-7.32129614
190.7133637	-7.443216023
195.4164255	-7.583423744
200.488302	-7.860792279
204.2038147	-8.065007721
210.2632402	-8.278367953
212.9881529	-8.369807721
220.0381598	-8.677655791
221.7724726	-8.744712163
229.813098	-8.903207721
230.5568108	-8.91844807
239.341149	-9.0678
239.5849853	-9.07389614
248.1254873	-9.345167953
249.3629745	-9.36955193
256.9098255	-9.525
259.1379127	-9.59510386
268.9098	-9.906
274.478502	-10.08278456
278.6847382	-10.22299228
283.2628402	-10.36624749
288.4627274	-10.47597567
292.0502108	-10.55217567
298.2346147	-10.64971158
300.834549	-10.68628842
308.0095529	-10.82954363
309.6188873	-10.86002433
317.7844726	-11.03985637
318.4032255	-11.05204749
327.1875451	-11.33246409
327.5594294	-11.34160772
335.9749529	-11.53972819
337.334349	-11.56716023
344.7592726	-11.7348
347.1093059	-11.811
353.5436294	-12.06093591
356.8811745	-12.15237567
362.327949	-12.27124749
366.6591451	-12.39621544
371.1123059	-12.49375251
376.434102	-12.55166409
379.8966255	-12.59738456
386.2059706	-12.68882433
388.6809451	-12.73454363
395.9809274	-12.91437567
397.465302	-12.96009614
405.7527961	-13.27708842
406.2496216	-13.29537567
415.0339784	-13.64894363
415.5308039	-13.66723205
423.821349	-13.92021544
425.3057235	-13.97203205
432.6057059	-14.18539228
435.0776294	-14.23416023
441.3900255	-14.34693591
444.8556	-14.41703977
450.1743451	-14.55724749
454.6305196	-14.69136023
458.958702	-14.82852047
464.4024255	-14.92910386
467.7460726	-14.96263205
474.1773451	-15.02359228
476.5304294	-15.06016795
483.9553529	-15.18208842
485.314749	-15.21256795
493.7272216	-15.36801544
494.0991059	-15.37411158
502.8803745	-15.70634363
503.5021784	-15.72767953
511.6677451	-15.92275251
513.277098	-15.96237567
520.452102	-16.21536023
523.0490039	-16.33423205
529.2364216	-16.62683977
532.8269745	-16.74876023
538.0207784	-16.91944749
542.6018941	-17.02917567
546.808149	-17.13585637
552.3738	-17.33702433
555.5925059	-17.44675251
562.1487196	-17.66316023
564.3768255	-17.73936023
571.9267274	-17.95881544
573.1611451	-17.99843977
581.6985961	-18.42211158
581.945502	-18.43430386
590.7328726	-18.91588842
591.4735529	-18.94636795
599.5172294	-19.2786
601.2484726	-19.36699228
608.301549	-19.70227181
611.0234294	-19.81809498
617.0828549	-20.07717684
620.798349	-20.22957684
625.8672117	-20.45512819
630.5733059	-20.66848726
634.6545451	-20.81174363
640.3452117	-21.04034363
643.438902	-21.16835907
650.1231451	-21.49449498
652.2232588	-21.59812819
659.898102	-21.91816912
661.0075412	-21.96388726
669.6700078	-22.25344865
669.791898	-22.25649498
678.5793059	-22.70455135
679.4448902	-22.75332047
687.3635883	-23.20442316
689.222898	-23.30195907
696.1479451	-23.64333591
698.9948039	-23.78354363
704.932302	-24.06395907
708.7697607	-24.2316
713.7197098	-24.45410502
718.5446432	-24.58516912
722.5039922	-24.69489498
728.3196	-24.88996912
731.288349	-24.99055135
738.0945568	-25.24658456
740.0696549	-25.33192819
747.8694393	-25.58186409
748.8540117	-25.60624865
757.6413451	-25.908
766.565898	-25.82570502
767.0931961	-25.79217684
775.4874	-25.04236912
776.5419961	-24.95092819
784.4119529	-24.1554
785.9877451	-23.87803088
793.3334549	-22.64968726
795.4365451	-22.18944093
802.2610588	-20.51913591
804.8853451	-19.92782316
811.1825607	-18.37334363
814.3341451	-17.526
820.1070393	-16.02333591
823.7829451	-14.64259228
829.0285412	-12.65529614
833.2286941	-11.82623977
837.9561451	-10.55522433
842.6805451	-8.848344209
846.8776471	-7.5438
852.1293451	-6.284976256
855.799149	-5.532119884
861.5750941	-4.456175965
864.723702	-3.910583977
866.5677568	-3.672840058
871.0238941	-3.096767953
873.6452039	-2.636519884
880.4757451	-1.402079971
881.2346941	-1.271016023
882.5728078	-1.039368026
889.9214941	0.667512017
891.4943098	0.993647997
899.3702941	2.624327895
900.4187883	2.81635193
908.8190941	3.608832047
909.3402902	3.694175965
918.2678941	5.084064093
927.360102	6.949439767
936.4492588	6.690360233
945.5413922	6.486144209
954.6336	8.031480116
963.7288588	9.122664093
972.8179412	7.650480116
981.9132	5.78815193
	
