	RS=191.61* 
0	12.12799228
8.805671814	11.75918456
9.68349614	11.59154363
17.60829614	9.573767953
19.37003977	9.192767953
26.41701544	7.970519884
29.05658456	7.76935193
35.21964093	7.4676
38.74312819	7.348728186
44.02531274	7.199376256
48.42662549	7.00735193
52.82793823	6.821423744
58.11316912	6.647687837
61.63665637	6.565392279
67.79666177	6.918960233
70.44232819	7.110983977
77.48321005	7.882128186
79.24494902	8.034528186
84.43569265	7.988807721
86.9563946	7.967471814
87.16974902	7.964423744
88.05062549	7.952232047
96.85629265	7.659623744
104.9274	6.925055791
108.9599073	6.059423744
112.9985073	5.126735907
121.0665637	3.73989614
129.1407127	2.264663948
133.1732201	1.405128041
137.2118201	0.527304006
145.2798765	-1.051560015
145.2829181	-1.051560015
153.3509745	-2.581656081
157.3895745	-3.28269614
161.4251235	-3.971543919
169.4962402	-5.202935907
177.5673382	-6.376416023
181.5998363	-6.867144209
185.6384363	-7.293864093
193.706502	-7.882128186
201.780651	-8.409432047
205.813149	-8.592312163
209.851749	-8.802623744
217.9198147	-9.272016023
225.9939637	-9.625583977
230.0295127	-9.765792279
234.0620108	-9.957815442
242.1361598	-10.24432819
250.2042255	-10.75943977
254.2428255	-11.01852047
258.2753235	-11.11300772
266.3464402	-11.31112819
274.4175382	-11.78052047
278.4530873	-12.01216795
282.4916873	-12.21333591
290.5597529	-12.51203977
298.630851	-12.81683977
302.669451	-13.04848842
306.705	-13.26184749
314.7730471	-13.61846409
322.8471961	-13.55750386
326.8827451	-13.68247181
330.9152804	-13.76781544
338.9863784	-13.8684
346.179651	-13.80134363
349.4379451	-13.72514363
353.3729235	-13.59712819
359.8926	-13.32280772
360.5631451	-13.29232819
367.7564549	-12.96314363
370.3503059	-12.86865637
374.9466765	-12.73454363
380.8018726	-12.56690386
382.136898	-12.53947181
389.3301706	-12.36878456
391.2565274	-12.32306409
396.5234804	-12.24076795
401.7080941	-12.21333591
403.713702	-12.20419228
410.9069745	-12.17371158
412.162749	-12.17676023
418.0971961	-12.17676023
422.6174039	-12.12189614
425.2905059	-12.06398456
432.4837784	-11.89634363
433.0689706	-11.88110386
439.674	-11.57630386
443.5236255	-11.43609614
446.8672726	-11.25321544
453.9752294	-10.84478456
454.0574941	-10.84173591
461.2477529	-10.61923205
464.4298471	-10.52169614
468.4410255	-10.47292819
474.881451	-10.43635251
475.634298	-10.43330386
482.8245196	-10.45159228
485.3361059	-10.46073591
490.0178294	-10.50340772
495.7907235	-10.55522433
497.208051	-10.56132047
504.3982726	-10.58570386
506.2423274	-10.58265637
511.5915451	-10.57656023
516.6969451	-10.56741544
518.7848549	-10.55827181
525.9750765	-10.53998456
527.148549	-10.53998456
533.168349	-10.50036023
537.6062549	-10.46378456
540.3585706	-10.41501544
547.5518804	-10.26566409
548.0608726	-10.25347181
554.7451529	-10.0584
558.5124765	-9.945624326
561.9353745	-9.896856372
568.9670941	-9.820656372
569.1255961	-9.817607721
576.3189059	-9.74750386
579.418698	-9.720071814
583.5091274	-9.68349614
589.8733529	-9.631680116
590.7024	-9.625583977
597.8956726	-9.537192279
600.3249196	-9.512807721
605.0858941	-9.473183977
610.7795745	-9.436607721
612.2792039	-9.424416023
619.4694255	-9.3726
621.2342294	-9.360407721
626.6596471	-9.320783977
631.6857961	-9.284207721
633.8560078	-9.262871814
641.0461922	-9.21410386
642.140451	-9.211055791
648.236451	-9.083039767
652.5920549	-8.99464807
655.4297607	-8.942832047
662.6199451	-8.817864093
663.0467098	-8.811767953
669.8132549	-8.601455791
673.5043412	-8.479535907
677.0064902	-8.406383977
683.9528941	-8.278367953
684.196749	-8.272271814
691.3870078	-8.110728186
694.4106	-8.037576256
698.5802432	-7.985760233
704.8622039	-7.894319884
705.7735529	-7.882128186
712.9638117	-7.793735907
715.3168588	-7.763255791
720.1570471	-7.732776256
725.7714393	-7.6962
727.3473059	-7.69010386
734.5405412	-7.61390386
736.2230432	-7.601712163
741.7308	-7.522464093
746.677698	-7.495032047
748.9241098	-7.476744209
756.1173451	-7.406639767
757.129302	-7.400544209
763.3076039	-7.303007721
767.5839568	-7.239
770.4977883	-7.193280116
777.691098	-7.056119884
778.0355607	-7.050023744
784.8844078	-7.01649614
788.4901412	-6.995160233
792.0745922	-6.94029614
798.9447961	-6.824471814
799.267902	-6.821423744
806.4581607	-6.736080116
809.3964	-6.69950386
813.6483451	-6.662928186
819.8510549	-6.617207721
820.8447059	-6.611112163
828.0348902	-6.592823744
830.3026588	-6.589776256
835.225149	-6.580632047
840.7602902	-6.586728186
842.4184588	-6.580632047
849.6086432	-6.513576256
851.2149451	-6.495287837
856.8019529	-6.428232047
861.666549	-6.364223744
863.9951883	-6.339839767
871.1854471	-6.275832047
872.1212039	-6.269735907
878.3787568	-6.25144807
882.5728078	-6.239255791
885.5689412	-6.25144807
892.762251	-6.278880116
893.0273883	-6.281928186
899.9525098	-6.339839767
903.4789922	-6.376416023
907.1457451	-6.40689614
913.9336471	-6.47090386
914.3360039	-6.47395193
921.5292393	-6.467855791
924.388302	-6.452616023
928.722549	-6.40384807
934.8399059	-6.312407721
935.9128078	-6.303264093
943.1060432	-6.236207721
945.2945607	-6.227064093
950.296302	-6.233160233
955.7460902	-6.25144807
957.4865607	-6.25144807
964.6828471	-6.291071814
966.2007451	-6.303264093
971.8731059	-6.294119884
976.6554	-6.342887837
979.0632902	-6.40689614
986.2566	-6.586728186
987.1070039	-6.601967953
993.4468588	-6.742176256
997.5647098	-6.797039767
1000.640094	-6.836664093
1007.833404	-6.922007721
1008.016239	-6.925055791
1015.023588	-6.946392279
1018.470894	-6.970776256
1022.213847	-6.964680116
1028.922498	-6.922007721
1029.407157	-6.918960233
1036.600392	-6.918960233
1039.377153	-6.912864093
1043.790651	-6.9342
1049.831808	-6.943344209
1050.983961	-6.955535907
1058.174145	-6.998207721
1060.283412	-7.001255791
1065.367455	-7.043928186
1070.737992	-7.062216023
1072.56069	-7.031735907
1079.750949	-6.949439767
1081.189596	-6.885432047
1086.944259	-6.501383977
1091.644251	-6.10209614
1094.134443	-5.7912
1101.324702	-4.855464093
1102.098906	-4.751832047
1108.520988	-2.764535907
1112.55051	-1.231391988
1115.711247	1.60324807
1122.901506	7.885176256
1123.00509	7.964423744
1131.192051	8.449055791
1134.450345	8.427719884
1139.379012	8.339328186
1140.177549	8.314944209
1146.063255	8.135112163
1147.565898	8.092439767
1155.752859	8.0772
1157.679141	8.040623744
1163.942796	7.653528186
1169.289	7.281671814
1172.126706	7.193280116
1180.316643	6.94029614
1180.90191	6.912864093
1188.500553	6.659880116
1192.514745	6.562344209
1196.69049	6.461760233
1204.124604	6.455664093
1204.877451	6.452616023
1213.064412	6.605016023
1215.74049	6.723887837
1221.251298	6.952487837
1227.3534	7.290816023
1229.438259	7.412735907
1237.625145	7.6962
1238.96631	7.77849614
1245.812106	8.403335907
1250.576094	9.208007721
1254.002118	10.00048842
1262.189004	12.64005637
	
