	RS=188.64* 
0	11.64336023
8.677655791	10.86612047
10.12240772	10.60703977
17.35531158	8.964167953
20.24786409	8.397239767
26.03296912	7.418832047
30.37332047	7.050023744
34.71062316	6.766560233
40.49877451	6.48004807
43.39132819	6.345935907
50.62118456	5.885687837
52.06593823	5.7912
60.74358995	5.382767953
69.42124633	5.148071814
70.86904633	5.157216023
78.09890735	5.276087837
80.99145637	5.4102
86.77656372	5.751576256
91.11691274	6.041135907
95.45422009	6.339839767
101.2423691	6.809232047
104.1349181	7.043928186
111.3647745	7.367016023
112.8125745	7.434071814
121.4871799	7.485887837
130.1678873	7.54989614
131.6126363	7.583423744
138.8424927	7.985760233
139.1564363	7.99795193
141.7380927	8.107680116
147.520149	8.293607721
151.863549	8.46429614
153.082749	8.479535907
156.1978147	8.519160233
161.9859637	8.574023744
164.8754618	8.570976256
172.1083598	8.513064093
173.5561598	8.473439767
182.2338255	8.07110386
191.344302	3.81304807
200.4578108	-0.576071996
209.5713382	-2.8194
218.6848471	-6.217919884
227.7953235	-10.15593591
236.9058	-13.89887953
246.0193274	-17.0688
255.1328363	-18.16912819
264.2463637	-20.03145637
273.3568402	-22.15286409
282.470349	-24.02738456
291.5838765	-25.49042316
300.6973853	-26.27680772
309.8078618	-26.39263088
318.7903274	-26.09697684
318.9884549	-26.08783088
327.7697235	-25.55747953
328.1690294	-25.527
336.7521706	-24.77109498
337.3465529	-24.71013591
345.7316039	-23.81707181
346.5271274	-23.72867953
354.711	-22.90876912
355.707702	-22.81732819
363.6934471	-22.24125637
364.8882765	-22.1742
372.6728804	-21.8694
374.068851	-21.83282316
381.6553274	-21.58288726
383.2494255	-21.53107181
390.6347235	-21.15616912
392.43	-21.04644093
399.6141196	-20.47951274
401.6105745	-20.30577684
408.5935529	-19.66874363
410.791149	-19.47062433
417.576	-18.86407181
419.9717235	-18.66290386
426.5584471	-18.15998456
429.152298	-17.96186409
435.5378804	-17.47723205
438.3328726	-17.25777567
444.5172765	-16.67560772
447.5073451	-16.41347953
453.4966726	-15.97152047
456.6879196	-15.73377567
462.4791196	-15.34667953
465.8684941	-15.09979228
471.4616039	-14.66697567
475.0491059	-14.39570386
480.441	-13.95069614
484.2296804	-13.64284749
489.4203961	-13.36547953
493.4102549	-13.15516795
498.3998294	-12.93571158
502.5908294	-12.75283205
507.3853274	-12.50594363
511.7714039	-12.28953591
516.3647235	-12.0396
520.9519784	-11.79576023
525.3441196	-11.57325637
530.1325529	-11.33246409
534.3235529	-11.12824749
539.3131274	-10.89050386
543.302949	-10.72286409
548.493702	-10.50645637
552.2884471	-10.33272047
557.6742765	-10.08887953
561.2678804	-9.909047488
566.8518	-9.628632047
570.2472765	-9.44575193
576.0323745	-9.128760233
579.2266726	-8.979407721
585.212949	-8.698992279
588.2061059	-8.564880116
594.3935235	-8.290560233
597.1916039	-8.15949614
603.574098	-7.866887837
606.171	-7.757160233
612.7516216	-7.485887837
615.1503961	-7.39749614
621.9321961	-7.15670386
624.1298294	-7.08355193
631.1128078	-6.833616023
633.1091883	-6.757416023
640.2933451	-6.47090386
642.0947607	-6.4008
649.4739568	-6.147816023
651.0741568	-6.09904807
658.6544941	-5.882639767
660.0535529	-5.839967953
667.8351059	-5.605271814
669.032949	-5.583935907
677.0156432	-5.440680116
678.0153961	-5.428487837
686.1962549	-5.324855791
686.9978432	-5.315712163
695.3737412	-5.218176256
695.9772393	-5.212080116
704.5543529	-5.160264093
704.9567098	-5.157216023
713.7348902	-5.10844807
713.9361059	-5.1054
722.915502	-5.065776256
722.9185529	-5.065776256
731.897949	-5.038344209
732.0960393	-5.038344209
740.8803961	-5.02310386
741.276651	-5.02310386
749.8597922	-5.0292
750.4571883	-5.0292
758.8422393	-5.053583977
759.6378	-5.056632047
767.8217098	-5.090160233
768.8184117	-5.096255791
776.8011059	-5.163312163
777.998949	-5.172455791
785.7835529	-5.236464093
787.1765098	-5.245607721
794.762949	-5.25170386
796.3570471	-5.25170386
803.7453961	-5.202935907
805.5376588	-5.193792279
812.7247922	-5.154167953
814.7181961	-5.151119884
821.7041883	-5.129783977
823.8957568	-5.120639767
830.6867098	-5.068823744
833.0762941	-5.038344209
839.6691568	-4.931664093
842.2569059	-4.87984807
848.6485529	-4.757927895
851.4374432	-4.700016023
857.627949	-4.57809614
860.6180549	-4.517135907
866.6073451	-4.233672105
869.7985922	-4.081272105
875.5928432	-3.709416023
878.9792039	-3.486911872
884.5722393	-3.191256081
888.1597412	-2.999232047
893.5517098	-2.599943919
897.3403529	-2.319528041
902.5311059	-1.758695994
906.5208902	-1.301495994
911.510502	-0.789431974
915.701502	-0.310895994
920.496	0.121920002
924.8820393	0.557784013
929.4753961	0.920495994
934.062651	1.338071959
938.4547922	1.524
943.2402117	1.783079971
947.4341883	1.953767953
952.420749	2.225040058
956.4167098	2.471927895
961.6013607	2.788919884
965.3991568	3.032759942
970.7788471	3.20344807
974.3785529	3.319272105
979.9594588	3.377183977
983.357949	3.459480116
989.1399961	3.831335907
992.3403961	5.001767953
998.3206078	7.30910386
1001.319792	7.577328186
1007.906553	7.751064093
1009.339098	7.790687837
1017.358404	7.824216023
1017.687612	7.827264093
1025.380761	7.866887837
1027.468596	7.900416023
1033.399992	7.933944209
1037.249655	7.967471814
1041.419298	7.988807721
1047.030639	7.99795193
1049.435553	7.973567953
1056.811698	7.906512163
1057.45791	7.906512163
1065.477141	7.830312163
1066.592757	7.808976256
1073.496447	7.723632047
1076.373741	7.684007721
1081.515753	7.531607721
1086.1548	7.415783977
1089.53811	7.330439767
1095.935859	7.254239767
1097.557341	7.239
1105.573596	7.260335907
1105.719894	7.260335907
1113.592902	7.299960233
1115.500953	7.303007721
1121.615259	7.31215193
1125.282012	7.324344209
1129.63449	7.342632047
1135.062996	7.38530386
1137.653796	7.39749614
1144.841004	7.427976256
1145.673102	7.431023744
1153.692408	7.382255791
1154.621988	7.376160233
1161.711639	7.376160233
1164.403047	7.363967953
1169.730945	7.351776256
1174.184106	7.324344209
1177.750251	7.281671814
1183.96509	7.24509614
1185.772608	7.24204807
1193.746149	7.251192279
1193.791839	7.251192279
1201.811145	7.303007721
1203.527208	7.3152
1209.8274	7.38835193
1213.308192	7.412735907
1217.849757	7.46455193
1223.089251	7.53770386
1225.868988	7.53770386
1232.87031	7.54075193
1233.888294	7.534655791
1241.9076	7.498080116
1242.654345	7.495032047
1249.926906	7.565135907
1252.435404	7.580376256
1257.946212	7.54989614
1262.216388	7.513319884
1265.965518	7.501128186
1271.997521	7.47369614
1273.984823	7.482839767
1281.778506	7.54075193
1282.00398	7.5438
1289.499114	7.650480116
1290.026412	7.656576256
1291.55949	7.687055791
1298.045718	7.738871814
1301.340623	7.76935193
1306.065023	7.857744209
1311.121608	7.872983977
1314.081204	7.879080116
1320.902592	7.808976256
1322.103486	7.799832047
1330.122792	7.802880116
1330.6806	7.805928186
1338.142098	7.857744209
1340.461584	7.888223744
1346.161404	7.943087837
1350.242718	7.99795193
1354.183686	8.031480116
1360.023702	8.113776256
1362.202992	8.141207721
1369.804686	8.250935907
1370.219321	8.257032047
1378.238479	8.260080116
1379.58582	8.263128186
1386.26091	8.202167953
1389.36978	8.183880116
1394.280216	8.168639767
1399.150914	8.110728186
1402.299521	8.098535907
1408.931898	8.07110386
1410.318679	8.068055791
1418.337984	8.107680116
1418.712882	8.107680116
1426.35729	8.022335907
1428.494016	7.964423744
1434.376596	7.830312163
1438.275	7.744967953
1442.398879	7.659623744
1448.055984	7.604760233
1450.418184	7.586471814
1457.837118	7.491983977
1458.43749	7.482839767
1466.456796	7.39444807
1467.618102	7.38835193
1474.476102	7.367016023
1477.399086	7.382255791
1482.495408	7.39444807
1487.18022	7.3914
1490.514714	7.39749614
1496.961204	7.443216023
1498.53402	7.455407721
1506.556302	7.531607721
1506.742188	7.528560233
1514.575608	7.065264093
1516.526298	6.85495193
1522.591788	5.897880116
1526.307282	5.300471814
1530.611094	5.03529614
1536.088416	5.047487837
1538.633377	5.11149614
1545.8694	5.324855791
1546.652682	5.358383977
1554.671988	5.693664093
1555.650384	5.739383977
1562.691294	6.108192279
1565.428392	6.284976256
1570.7106	6.577583977
1575.209377	6.897623744
1578.729906	7.62
1584.99051	9.180576256
1586.749212	9.643871814
1594.771494	11.75918456
	
