	RS=62.960* 
0	3.590543919
8.586216023	3.42290386
17.17243205	2.883408012
25.75864865	2.084832047
29.00476912	2.069591988
34.34486409	2.042159942
42.93412819	1.563624035
49.06975367	-2.450591988
51.92268186	-4.315967953
52.22748186	-4.474464093
60.91123088	-10.25652047
61.52083088	-10.62227953
69.89978456	-12.93266409
70.81418456	-13.15516795
78.89137991	-15.27047953
80.11057991	-15.52346409
87.87993823	-16.70913591
89.40088726	-16.89506409
96.86543628	-17.7546
98.69423628	-17.99539228
105.8570363	-19.01952047
107.9906363	-19.37613591
114.8455946	-20.39112047
117.2839946	-20.73859228
123.8341436	-21.70175907
126.5773436	-22.00046409
132.8257436	-22.36012819
135.8737436	-22.41804093
141.8142927	-22.49424093
145.164051	-22.52167181
150.802851	-22.57348726
154.4574	-22.64054363
159.794451	-22.78075135
163.7538	-22.91486409
168.779949	-23.11603088
173.047149	-23.27147953
177.768498	-23.42692819
182.340498	-23.53360772
186.760098	-23.58542316
191.636898	-23.59152047
195.7486471	-23.57932819
200.9272147	-23.57018456
204.7372147	-23.56408726
210.2205637	-23.57323088
213.7288147	-23.60675907
219.5169637	-23.68600772
222.7173637	-23.75611274
228.8103127	-23.94813591
231.7059127	-24.03652819
238.1036618	-24.27732047
240.6944618	-24.35656912
247.4000618	-24.59431274
249.6830108	-24.65832047
256.6934108	-24.80157684
258.6715598	-24.84424865
265.9837274	-24.93873591
267.6631598	-24.96616912
275.2801274	-25.07894363
276.6517274	-25.10027953
284.5734765	-25.20086409
285.6402765	-25.21305637
293.8668255	-25.2984
294.6318765	-25.31059228
303.1632255	-25.48127953
303.6173745	-25.49042316
312.4565745	-25.71902316
312.6059235	-25.72207181
321.5975235	-25.76779228
321.7468726	-25.76779228
330.5860726	-25.74340772
331.0402216	-25.74340772
339.5746216	-25.75255135
340.3366216	-25.75255135
348.5662216	-25.70073591
349.6299706	-25.69159228
357.5547706	-25.60015135
358.9233196	-25.57576912
366.5433196	-25.44775135
368.2197196	-25.41727181
375.5319059	-25.28315907
377.5100549	-25.25572819
384.5204549	-25.15209498
386.8034039	-25.13685637
393.5090039	-25.09723088
396.0998039	-25.08504093
402.5006039	-25.11552047
405.3931529	-25.13990502
411.4891529	-25.21305637
414.686502	-25.25572819
420.477702	-25.33802316
423.982902	-25.38679228
429.469302	-25.47213591
433.2732	-25.50261544
438.4548	-25.53919228
442.566549	-25.60624865
447.443349	-25.67635135
451.862949	-25.74035907
456.434949	-25.80132047
461.156298	-25.86837684
465.423498	-25.93543088
470.4496471	-26.01772819
474.4120471	-26.09392819
479.7460471	-26.18536912
483.4036471	-26.24327953
489.0363451	-26.35300772
492.3921961	-26.41396912
498.3296941	-26.51150502
501.3807451	-26.57246409
507.6260941	-26.67609498
510.3692941	-26.70657684
516.9194804	-26.78277684
519.3578804	-26.81325637
526.2128294	-26.91688726
528.3464294	-26.97784865
535.5092294	-27.25826409
537.3380294	-27.34055907
544.7995274	-27.76727953
546.3265784	-27.86481544
554.0928765	-28.34030502
555.3151274	-28.41040772
563.3892765	-28.77616912
564.3067274	-28.81579228
572.6826255	-29.18155135
573.2922255	-29.20288726
581.9759745	-29.48025637
582.2807745	-29.48635135
591.2693235	-29.61436912
599.9683274	-29.52902316
600.8948941	-29.49244865
608.6703451	-28.95295135
610.520502	-28.78835907
617.3724	-27.76727953
620.1430216	-27.32836912
626.0714039	-26.29509498
629.7685922	-25.58795907
634.7734588	-24.57297684
639.388098	-23.42387953
643.4754393	-22.03399228
649.0137059	-20.08632047
652.1744432	-19.49500772
658.6361883	-17.99234363
660.876498	-17.16023977
668.2617961	-14.10309614
669.575502	-13.56055251
677.8874039	-10.35100772
678.2775568	-10.22299228
686.9796117	-7.62609614
687.5099607	-7.47369614
695.6815922	-5.446776256
697.1354941	-5.132832047
704.3775451	-3.27355193
706.755	-2.642616023
713.0796	-1.027175965
716.3806078	-0.252983995
721.7816549	0.807720029
726.0030902	1.395983977
730.4837098	1.789175965
735.1105529	1.938528041
735.1684471	1.938528041
740.0299922	1.962912017
743.934498	1.975104006
749.576349	1.920240058
752.700549	1.947671959
759.1196549	1.993391988
761.4666	1.999487983
768.6660117	1.911095994
770.226549	1.953767953
778.2122941	2.350008012
778.9926	2.401824035
787.758651	4.005072105
	
