	RS=72.237* 
0	4.428743919
4.608575965	3.544824035
9.22324807	3.19430386
13.83182433	3.179064093
20.57095135	3.236975965
27.31312819	3.102864093
29.75762316	3.035808012
30.50438456	3.017519884
34.05530502	2.904743919
40.79748186	2.67309614
47.53661005	2.279904006
54.27878456	1.999487983
61.02095907	1.972055936
69.94245637	-2.432304006
70.45451814	-2.74624807
78.85785637	-8.15035193
79.89112354	-8.45515193
82.71052354	-9.272016023
87.77630735	-10.74115251
89.38565098	-11.17701544
96.6978	-12.81683977
98.88626177	-13.18564749
105.616251	-14.19453591
108.3807799	-14.56639228
114.5377436	-15.16075251
117.878349	-15.50517567
123.4561946	-15.96847181
127.3759181	-16.2306
132.3776873	-16.50796795
136.8734873	-16.70913591
141.2961382	-16.90420772
146.3680054	-17.08708842
150.2176309	-17.24558456
155.8655745	-17.45894363
159.1360726	-17.57781544
165.3631529	-17.85518456
168.0545235	-17.96796023
174.8607127	-18.30323977
176.9729745	-18.40382433
184.3552402	-18.64156795
185.8914255	-18.70557567
193.855851	-19.21459228
194.8129274	-19.26945637
203.3503598	-19.65350502
203.7313598	-19.66874363
212.6528618	-20.12289498
212.8479382	-20.12594363
221.5713127	-20.29967953
222.3424471	-20.30577684
230.4928147	-20.38502316
231.8430765	-20.43074363
239.4112471	-20.74164093
241.3375853	-20.83003088
248.332749	-21.08911274
250.8351637	-21.14702316
257.248149	-21.26589498
260.3327235	-21.36343088
266.169651	-21.55240772
269.830302	-21.6408
275.088102	-21.75967181
279.3248108	-21.85111274
284.0065529	-21.93340772
288.8254402	-22.12238456
292.9280363	-22.27173591
298.319949	-22.39670502
301.8464873	-22.47595135
307.8175274	-22.61311274
310.7679892	-22.69540772
317.3120549	-22.77160772
319.6864216	-22.80513591
326.8126471	-22.86
328.6079235	-22.87828726
336.3071745	-22.90267181
337.5263745	-22.91181544
345.8047529	-22.98192047
346.4448255	-22.98496912
355.3022941	-23.08250502
355.3632765	-23.08250502
364.2847784	-23.16784865
364.7998726	-23.17394363
373.2032294	-23.22880772
374.2944	-23.24709498
382.1216804	-23.33853591
383.7950294	-23.35377684
391.0431451	-23.39644865
393.2895196	-23.39644865
399.9615961	-23.38730502
402.787098	-23.38730502
408.883098	-23.44216912
412.2816255	-23.48179228
417.801549	-23.56408726
421.7822549	-23.62809498
426.723051	-23.71344093
431.2767451	-23.77135135
435.638451	-23.81097684
440.7743235	-23.86279228
444.5599529	-23.87193591
450.271902	-23.90241544
453.4784039	-23.9268
459.7694804	-24.0792
462.3999059	-24.15235135
469.2639706	-24.28646409
471.3183196	-24.33218456
478.7646	-24.37790502
480.2367706	-24.384
488.2591274	-24.36875907
489.1582726	-24.36571274
497.7567059	-24.43276912
498.0767235	-24.43581544
506.9982255	-24.58821544
507.2511961	-24.59126409
515.9166765	-24.75280772
516.7518255	-24.77109498
524.8351274	-24.92349498
526.2463529	-24.95397684
533.7535784	-25.08199228
535.7438941	-25.13075907
542.6750804	-25.27401544
545.2414726	-25.36545637
551.5934941	-25.6032
554.739051	-25.70683088
560.5149961	-25.91409498
564.2335784	-26.01163088
569.4334471	-26.14574363
573.7341706	-26.19451274
578.351898	-26.24632819
583.228698	-26.26766409
587.2734	-26.30424093
592.7262765	-26.34386409
596.191851	-26.38348726
602.2269059	-26.47797684
605.1133529	-26.53284093
611.7213961	-26.67304865
614.0287529	-26.73095907
621.2159235	-26.93517684
622.9502549	-26.98699228
630.713502	-27.18206409
631.8687059	-27.20035135
640.2140941	-27.37713591
640.7902078	-27.38627953
649.7086588	-27.48076912
657.9443607	-27.20644865
659.3190117	-27.15463088
666.1799883	-26.62732819
668.9262393	-26.41396912
674.4156902	-25.85008726
678.5335412	-25.43251274
682.6513922	-25.03322316
688.1408432	-24.51811274
690.8870941	-24.20112047
697.7481451	-23.43912047
699.1227961	-23.25624093
707.3554471	-22.14981544
715.591149	-20.81784093
716.9658	-20.59533591
723.829902	-19.88210502
726.573102	-19.52548726
732.0625529	-18.43735251
736.1804039	-17.49856795
740.2982549	-15.49298456
745.7907568	-12.88084749
748.5370078	-12.21943205
755.3980588	-10.42416023
756.7696588	-9.915143628
765.0053607	-7.059167953
773.2409883	-6.236207721
774.6125883	-6.071616023
781.4766902	-5.166360233
784.2229412	-4.550664093
789.7123922	-3.66064807
793.8302432	-2.996183977
797.9450432	-2.322575965
803.4375451	-1.45084807
806.1837961	-0.993647997
813.047898	-0.448056009
814.419498	-0.274319993
814.7029412	-0.237743991
822.652149	0.749808012
826.6602393	1.112520029
829.9368393	1.408175965
833.0550117	1.661159942
837.215502	1.813559942
843.454749	2.167128041
844.4971412	2.182367953
851.7788549	2.316479971
853.8576117	2.343912017
859.0574432	2.331720029
864.257349	2.267712017
866.3391568	2.298191988
873.6177451	2.353055936
874.6602117	2.368295994
880.8994588	2.880359942
885.056898	3.468624035
888.181098	3.715511872
895.4597607	4.11175193
	
