	RS=44459.9*
0	0.826008012
11.70127181	0.798575965
19.76323088	0.780287983
23.39949498	0.774191988
29.64484865	0.758952003
35.10076912	0.743712017
39.52646177	0.731520029
46.80204093	0.713231974
49.40808186	0.70713598
58.49721544	0.682752003
59.2896973	0.682752003
69.17131274	0.655320029
70.19848726	0.652272032
79.05292354	0.615695994
81.89976372	0.606552003
88.93454363	0.542543991
93.60103088	0.493776001
98.81616372	0.42976799
99.92868186	0.377952003
105.2992564	0.112776001
108.6977745	-0.042672
114.7937745	-0.381
119.4054	-0.63093598
123.3830363	-0.701039985
128.6621745	-0.801624035
137.620251	-0.947927968
152.9181637	-1.097279971
154.1282201	-1.106424035
169.4322255	-1.22224807
169.6882471	-1.225295994
169.9412363	-1.225295994
178.4451637	-1.225295994
179.5515892	-1.225295994
201.7501598	-1.277112017
201.9665745	-1.280159942
203.9752147	-1.328928041
228.8377529	-2.307336052
229.520502	-2.325624035
233.8120726	-2.548127895
233.9949637	-2.569464093
254.6786873	-5.907023744
255.0596873	-5.967983977
265.8160726	-7.586471814
266.5963598	-7.647432047
280.2940726	-8.439912163
280.5866873	-8.4582
280.8732	-8.476487837
297.8810363	-9.430512163
298.6156147	-9.476232047
306.098451	-9.896856372
329.942949	-11.31722433
330.6501059	-11.3538
331.5462	-11.41171158
331.6407059	-11.41780772
350.446851	-12.2682
357.1310941	-12.573
357.1677059	-12.573
362.0048804	-12.76502433
364.7115059	-13.02105637
382.682502	-14.71269614
382.758702	-14.71879228
393.4114471	-15.72767953
394.0667745	-15.79168842
394.716	-15.79473591
402.4305059	-15.72767953
408.1820804	-15.67891158
408.2338726	-15.67891158
426.1591784	-15.56308842
426.4365196	-15.56003977
433.7304	-15.65757567
458.1906	-15.98676023
458.7697274	-15.99590386
459.5499961	-15.98980772
486.9606765	-15.7734
487.4330941	-15.77644749
499.2624	-15.74292047
500.1768	-15.74292047
501.097302	-15.73072819
515.6667196	-15.71243977
540.8005529	-15.67891158
541.8338294	-15.66672047
543.9734941	-15.63623977
544.375851	-15.62404749
544.7751196	-15.61185637
573.0849451	-14.69440772
581.4303706	-14.28292819
601.5563235	-13.44472819
601.7971274	-13.43558456
602.0409451	-13.42034363
620.5880549	-12.06398456
630.5001568	-11.00023205
630.780549	-10.97584749
659.209251	-6.961632047
660.8155529	-6.638544209
669.7644393	-5.190744209
687.927498	-2.261616023
688.3023961	-2.255520029
700.0067607	-2.029967953
703.094349	-1.926336052
716.6304902	-1.661159942
716.7859412	-1.655063948
717.877149	-1.594104006
729.0298078	-0.883920029
730.1697568	-0.795527968
731.3889568	-0.697991988
739.8714902	-0.045720002
744.1875059	0.207264002
749.576349	0.475487983
756.9921568	0.573023999
759.2781568	0.600456009
768.9829412	0.627887983
769.7968078	0.63093598
778.6878	0.658368026
782.5984078	0.676656009
788.3896078	0.704087983
795.4030588	0.74066402
798.0943922	0.752856009
807.799251	0.789431974
808.2046588	0.789431974
817.5010588	0.832104006
821.0093098	0.844295994
827.2058432	0.868679971
833.8139607	0.89306402
836.907651	0.902208012
846.6125098	0.938783977
	
