175.76	RS=175.76  
0	10.56132047
9.092183977	10.93317567
18.18741544	8.778239767
27.2796	7.876032047
36.37483088	8.138160233
45.46701544	8.647176256
46.97272819	8.69289614
54.5592	8.92149614
63.65443088	9.412223744
72.74661544	9.384792279
81.84185098	8.84529614
90.93403088	8.287512163
100.0262201	7.037832047
109.121451	6.16915193
118.2136309	6.757416023
127.3058201	6.583680116
136.401051	6.62330386
145.4932309	6.541007721
154.5884618	6.33069614
163.680651	6.638544209
172.7728402	6.720839767
181.8680618	6.205728186
190.960251	5.020055791
200.0554726	3.27050386
209.1476618	0.856487983
218.239851	-2.325624035
227.3350726	-5.09930386
236.4272618	-7.16584807
245.522502	-9.567671814
254.6146726	-11.12824749
263.7068618	-12.21028842
272.802102	-12.95095251
281.8942726	-13.56055251
290.9895127	-14.06956795
300.081702	-14.38351158
309.1738726	-14.50847953
318.2690941	-14.60906409
327.361302	-14.66392819
336.4565235	-14.69440772
345.5486941	-14.64563977
354.640902	-14.45971158
363.7361235	-14.16100772
372.8282941	-13.89887953
381.9235529	-13.82572819
391.0157235	-13.78610386
400.1078941	-13.82877567
409.2031529	-13.81963205
418.2953235	-13.79524749
427.3905451	-13.71904749
436.4827529	-13.65808842
445.5749235	-13.5636
454.6701451	-13.49959228
463.7623529	-13.38072047
472.8575745	-13.19783977
481.9497451	-13.05153591
491.0450039	-12.99667181
500.1371745	-12.98447953
509.2293451	-13.01191158
518.3246039	-13.03934363
527.4167745	-13.00276795
536.5119961	-12.86560772
545.6042039	-12.59738456
554.6963745	-12.35963977
563.7915961	-12.13713591
572.8838039	-12.09141544
581.9790255	-12.17676023
591.0711961	-12.30477567
600.1634039	-12.35049614
609.2586255	-12.47851158
618.3507961	-12.48765637
627.4460549	-12.35354363
636.5381883	-12.13713591
645.6334471	-11.87196023
654.7256549	-11.69212819
663.8177883	-11.57935251
672.9130471	-11.56106409
682.0052549	-11.48791158
691.1004393	-11.49096023
700.1926471	-11.50010386
709.2879059	-11.52143977
718.3800393	-11.52143977
727.4722471	-11.48486409
736.5675059	-11.53972819
745.6596393	-11.5824
754.754898	-11.61287953
763.8471059	-11.69212819
772.9392393	-11.89939228
782.034498	-12.17676023
791.1267059	-12.51203977
800.2218902	-12.85951158
809.314098	-13.20393591
818.4093568	-13.57274363
827.5014902	-13.94764749
836.593698	-14.37132047
845.6889568	-14.88643205
854.7810902	-15.63014363
863.876349	-16.11172819
872.9685568	-16.50492047
882.0637412	-16.81886409
891.155949	-16.99869614
900.2481568	-17.25167953
909.3433412	-17.53209614
918.435549	-17.81251158
927.5308078	-17.90395251
936.6229412	-18.08683205
945.7182	-17.23034363
954.8104078	-17.12671158
963.9025412	-16.75180772
972.9978	-16.13611158
982.0900078	-16.03857567
991.1851922	-14.9352
1000.2774	-14.38046409
1009.372659	-13.72819228
1018.464792	-13.64589614
1027.560051	-13.15821544
1036.652259	-12.46327181
1045.744392	-11.75003977
1054.839651	-10.81430386
1063.931859	-9.726167953
1073.027043	-8.119871814
1082.119251	-6.516623744
1091.21451	-4.934712163
1100.306643	-3.96849614
1109.398851	-2.554224035
1118.49411	-1.158239985
1127.586243	0.134111999
1136.681502	0.883920029
1145.77371	1.100327968
1154.868894	1.545336052
1163.961102	2.151887983
1173.056361	2.980943919
1182.148494	3.334511872
1191.243753	3.569208012
1200.335961	3.910583977
1209.428094	4.03250386
1218.523353	4.056888128
1227.615561	4.175759942
1236.710745	4.218432047
1245.802953	4.322064093
1254.898212	4.760975965
1263.99042	5.654039767
1264.039086	5.660135907
1273.085604	6.531864093
1282.177812	7.348728186
1291.27002	6.824471814
1300.365204	6.611112163
1309.457412	7.077455791
1318.552596	7.38835193
1327.644804	8.76604807
1336.739988	10.61618456
	
