75.71	RS=75.71   
0	4.428743919
9.119616023	2.679191988
18.23618456	2.316479971
27.3558	2.718816023
36.47236912	2.785872105
44.0375027	-10.64971158
45.59198456	-13.40815251
54.70855367	-20.24786409
63.82816912	-20.94585637
72.94473823	-21.46096912
82.06434902	-22.19248726
91.18396912	-23.03678456
100.3005382	-23.52751274
109.420149	-24.21331274
118.5367181	-24.25293591
127.6563382	-24.48763088
136.7729073	-24.79852819
145.8925181	-25.04846409
155.0090873	-25.10332819
164.128698	-24.85644093
173.2452765	-24.10053591
182.3648873	-23.55189498
191.484498	-22.88743088
200.6010765	-22.51252819
209.7206873	-22.27783088
218.8372471	-21.81758456
227.9568765	-21.41829498
237.0734363	-21.05253591
246.1930471	-20.52827953
255.3096255	-19.88515135
264.4292363	-19.44623977
273.5488471	-19.05304749
282.6654255	-18.76958456
291.7850363	-18.62327953
300.9016147	-18.53488842
310.0212255	-18.46783205
319.1378039	-18.44954363
328.2573961	-18.46783205
337.3739745	-18.57451158
346.4936039	-18.62937567
355.6131961	-18.53488842
364.7297745	-18.29104749
373.8494039	-18.03196795
382.9659451	-17.76983977
392.0855745	-17.58391158
401.2021529	-17.59610386
410.3217451	-17.74545637
419.4383235	-17.89785637
428.5579529	-18.01672819
437.6775451	-18.07159228
446.7941235	-18.05635251
455.9137529	-18.13864749
465.0302941	-18.12950386
474.1499235	-18.07768842
483.266502	-18.10816795
492.3860941	-18.16912819
501.5026726	-18.19656023
510.622302	-18.13255251
519.7418941	-18.13255251
528.8584726	-18.23313591
537.978102	-18.43735251
547.0946804	-18.58670386
556.2142726	-18.61413591
565.330851	-18.55012819
574.4504804	-18.37943977
583.5670216	-18.12036023
592.686651	-17.70887953
601.8062804	-17.09013591
610.9228216	-16.62683977
620.042451	-16.52625637
629.1589922	-16.51711158
638.2786588	-16.48967953
647.3952	-16.44091158
656.5147922	-16.39823977
665.6314078	-16.36471158
674.751	-16.11477567
683.8705922	-15.38630386
692.9872078	-14.65783205
702.1068	-13.68247181
711.2233412	-12.52423205
720.3430078	-11.96949614
729.459549	-10.92403205
738.5791412	-10.27176023
747.6957568	-2.093975965
756.815349	1.664208012
764.3988117	1.6764
765.9349412	1.67944807
775.0515568	1.648967953
784.171149	1.767840058
793.2876902	2.191512017
802.4073568	2.252471959
811.523898	2.575559942
820.6434902	4.3434
829.7631568	4.928616023
	
