	RS=13.090* 
0	1.740408012
4.047743919	1.59715193
8.092439767	1.359408012
12.14018456	1.261871959
16.18792819	1.277112017
20.23567181	1.331975965
24.28036912	1.310640058
32.54044865	0.243840004
35.71646409	0.176783995
40.34637451	-0.042672
40.80052819	-0.064007998
47.14951274	-0.435863984
49.05755907	-0.569976001
57.31458995	-0.865631974
58.58865637	-0.993647997
65.57467181	-1.969008012
70.0217027	-2.13055193
73.83475367	-2.13055193
81.4578	-3.038856081
82.09177991	-3.1242
90.35186177	-4.0386
92.89085098	-4.239767953
98.60889265	-4.529327895
104.3269436	-4.815840058
106.8689745	-4.898135907
115.1290564	-5.145023744
115.7599946	-5.166360233
123.3860873	-5.379719884
127.1960873	-5.538216023
131.6431181	-5.839967953
138.6321799	-6.412992279
139.9032	-6.495287837
142.2196819	-6.720839767
148.1632819	-7.290816023
150.0682819	-7.440167953
156.4203127	-7.879080116
161.5013235	-8.238744209
164.6773529	-8.403335907
172.9374255	-8.802623744
181.197498	-9.36650386
184.3704765	-10.52474363
189.4545382	-12.37183205
195.8096108	-14.63344749
197.7115598	-15.31010386
205.974702	-17.64792047
207.2426618	-17.85518456
214.2317235	-18.99818456
218.6787637	-19.33041544
222.4887637	-19.61387953
230.1118147	-19.82114363
230.7488363	-19.84247953
239.0089274	-19.95525637
241.547898	-19.97659228
247.265949	-20.03145637
252.980949	-20.00402316
255.5229892	-19.98573591
263.7830618	-19.91563088
264.420102	-19.91258456
272.0431529	-19.87295907
275.8531529	-19.86686409
280.3001745	-19.86076912
287.2892363	-19.84247953
288.5602471	-19.84247953
296.8172873	-19.83638456
298.7222873	-19.83943088
305.0773598	-19.84247953
310.1583892	-19.88210502
313.3344	-19.90344093
321.5914216	-19.99183088
329.8514941	-20.02231274
333.0305745	-20.03450502
338.1116039	-20.04669498
344.4636255	-20.08327181
346.3716765	-20.09546409
354.628698	-20.12899228
355.8997274	-20.12899228
362.8857196	-20.15032819
367.3327784	-20.15947181
371.1488804	-20.17471274
378.7688804	-20.20519228
379.405902	-20.20824093
387.6629235	-20.28444093
390.2018941	-20.29053591
395.9199451	-20.29053591
401.6410471	-20.28444093
404.1831059	-20.27529498
412.4401274	-20.31492047
413.074098	-20.32406409
420.697149	-20.47646409
424.5102	-20.53437684
428.9572216	-20.59838456
435.943251	-20.69592047
437.2172941	-20.71420772
445.4743529	-20.8026
447.3793529	-20.82088726
453.7313745	-20.90013591
458.8124039	-20.97024093
461.9914471	-21.00681544
470.2515196	-21.03424865
479.1943784	-20.89099228
479.685102	-20.88184865
488.140251	-20.71725637
489.1155961	-20.69287181
497.0830726	-20.50999228
498.5491784	-20.47341544
506.0319961	-20.29358456
514.9748549	-20.13508726
517.4132549	-20.10155907
523.9207274	-20.03450502
526.8468	-20.01012047
532.863549	-19.95525637
536.2803451	-19.92477684
541.8124726	-19.88515135
545.7139274	-19.8882
550.7552941	-19.91258456
555.1444216	-19.94915907
559.7012039	-20.01621544
564.5780039	-20.07412819
568.6440255	-20.12899228
574.011549	-20.14118456
577.589898	-20.1168
583.4420804	-20.04364865
586.5357706	-19.99183088
592.8786765	-19.89124865
595.4786294	-19.84552819
602.3091706	-19.72055907
604.424502	-19.68398456
611.7427529	-19.59559228
613.3703745	-19.5834
621.176298	-19.60473591
622.3162471	-19.61692819
630.6067922	-19.70227181
631.2591059	-19.70836912
640.0404117	-19.71446409
640.2049412	-19.71446409
649.150851	-19.61387953
649.4770078	-19.61387953
658.0967607	-19.5072
658.907502	-19.49805637
667.0395451	-19.47062433
668.3410471	-19.47062433
675.9824039	-19.47672047
677.7715412	-19.47976795
684.9312902	-19.48891158
687.2051607	-19.47367181
693.874149	-19.38832819
696.6387059	-19.31822433
702.8200588	-19.17801544
706.072251	-19.08352819
711.7628432	-18.87931158
715.5057961	-18.73605637
720.7118039	-18.53183977
724.9362902	-18.43125637
729.6545883	-18.30323977
734.3699098	-18.24837567
738.600498	-18.23008842
743.8034549	-18.19656023
747.5433568	-18.19046409
753.237	-18.15693591
756.4922432	-18.13864749
762.6705451	-18.07463977
765.435102	-18.03196795
772.1010393	-17.99234363
774.3779607	-17.96186409
781.5346588	-17.90395251
783.3237961	-17.89785637
790.9682039	-17.90395251
792.2697059	-17.907
800.398698	-17.90395251
801.2155412	-17.907
809.8352941	-17.94357567
810.1584	-17.94357567
819.1043098	-17.97100772
819.2657883	-17.97100772
828.0501451	-17.88566409
828.6994078	-17.87652047
836.9960549	-17.76374363
838.1329529	-17.74545637
845.9388393	-17.60829614
847.5634471	-17.59000772
854.884749	-17.47418456
856.9969922	-17.42236795
863.8306588	-17.24253591
866.4306117	-17.16328842
872.7734432	-16.97736023
875.8641568	-16.86153591
881.7193529	-16.66341544
885.297702	-16.39519228
890.6622117	-16.00809614
894.7281961	-15.71548842
899.611098	-15.30705637
904.1617412	-14.54505637
908.5539568	-13.77391158
913.5923098	-12.84732047
917.4997922	-12.06703205
923.0289059	-10.86916795
926.442651	-10.06754363
932.462451	-8.116823744
935.3916117	-7.15975193
941.8929451	-6.114287837
944.3343961	-5.733287837
951.3264902	-5.017007721
953.2803059	-4.657343919
956.6270039	-3.593591988
960.7570588	-2.28295193
962.2230902	-1.90804807
970.1936549	-0.58216799
971.169	-0.411480007
972.001098	-0.35356799
979.6272	0.170688001
980.1149098	0.216407993
989.0576941	1.569720029
998.0859059	2.496311872
998.1955922	2.50850386
1007.114043	3.361943919
1007.339592	3.377183977
1016.145306	4.008119884
1016.47749	3.989832047
1025.176494	3.374135907
1025.615388	3.374135907
1034.204706	1.19786402
1034.753361	1.078991988
1043.232843	0.192023999
1043.89431	0.121920002
1052.261055	-0.149352003
1053.032208	-0.170688001
1061.289192	-0.222504006
1062.170106	-0.2286
1070.317404	-0.298704006
1071.308004	-0.307847997
1079.348592	-0.33223201
1080.452004	-0.329184013
1088.376804	-0.320039985
1089.589902	-0.320039985
1097.404941	-0.368808012
1098.7278	-0.377952003
1106.433153	-0.405384013
1107.865698	-0.411480007
1115.46129	-0.502919993
1117.006647	-0.518160015
1124.489502	-0.576071996
1126.144545	-0.588263984
1133.523741	-0.612647997
1135.282443	-0.624839985
1142.551953	-0.704087983
1144.420341	-0.722375965
1151.58009	-0.774191988
1153.564341	-0.786383977
1160.608302	-0.710183977
1162.702239	-0.667512017
1169.636439	-0.579119993
1171.840212	-0.56083201
1178.664651	-0.469391988
1180.97811	-0.451104006
1187.695839	-0.478536016
1190.119059	-0.490728004
1196.724051	-0.524256009
1199.256957	-0.524256009
1205.752188	-0.551687983
1208.394855	-0.563880007
1214.7804	-0.633983977
1217.532753	-0.655320029
1223.808612	-0.646175965
1226.676753	-0.618743991
1232.8398	-0.509015987
1235.814651	-0.502919993
1241.868012	-0.530352003
1244.952549	-0.545591988
1250.896223	-0.569976001
1254.090521	-0.588263984
1259.927412	-0.646175965
1263.231396	-0.673608012
1268.955623	-0.509015987
1272.369294	-0.423671996
1277.983686	-0.371856009
1281.507192	-0.329184013
1287.015023	-0.377952003
1290.64509	-0.390143991
1296.043086	-0.512063984
1299.786114	-0.600456009
1305.071298	-0.737616023
1308.926988	-0.853439985
1314.09951	-0.929639985
1318.064886	-0.996695994
1323.127721	-1.0668
1327.202784	-1.124712017
1332.155784	-1.179575965
1336.343808	-1.228344064
1341.187121	-1.255775965
1345.481706	-1.261871959
1350.215184	-1.286255936
1354.619604	-1.310640058
1359.243396	-1.313687983
1363.757502	-1.319783977
1368.271608	-1.331975965
1372.8954	-1.316736052
1377.29982	-1.304544064
1382.0394	-1.271016023
1386.331008	-1.228344064
1391.177298	-1.213104006
1395.362196	-1.246632047
1400.315196	-1.225295994
1404.390408	-1.176527968
1409.453094	-1.185672032
1413.41862	-1.252728041
1418.594118	-1.36855193
1422.446682	-1.636775965
1427.732016	-2.234183977
1431.474894	-2.538983977
1436.869914	-2.837688128
1440.503106	-2.910840058
1446.007812	-2.910840058
1449.534294	-2.52069614
1455.151812	-1.798320029
1458.562506	-1.472183977
1464.28971	-0.652272032
1467.590718	-0.320039985
1473.427608	0.048767999
1476.61878	0.231647997
1482.565506	0.551687983
1485.646992	0.70713598
1491.70638	0.975360015
1494.675204	1.12166402
1500.844279	1.490471959
1503.706392	1.615440058
1509.982177	1.816608012
1512.73758	1.993391988
1519.120223	2.316479971
1521.765792	2.606040058
1528.261098	3.477767953
1530.794004	3.477767953
1537.402121	3.541775965
1539.822216	3.456432047
1546.54002	2.801111872
1548.850279	2.66395193
1555.677918	2.188463948
1557.87849	2.017775965
1564.815816	1.606295994
1566.909679	1.545336052
1573.95669	1.475232047
1575.93789	1.469136052
1583.094588	1.423416023
1584.966102	1.417320029
1592.232486	1.36855193
1593.994314	1.338071959
1601.37351	1.274063948
1603.022377	1.274063948
1610.514384	1.194816023
1612.050588	1.191768026
1619.652282	1.182624035
1621.081777	1.170431974
1628.79018	1.130808012
1630.109988	1.103375965
1637.928079	0.905256009
1639.141177	0.868679971
1647.069102	0.66446402
1648.169388	0.655320029
1656.207	0.6096
1657.1976	0.6096
1665.344898	0.670560015
1666.225812	0.673608012
1674.482796	0.682752003
1675.257	0.688847997
1683.626796	0.768095994
1684.285212	0.774191988
1692.764694	0.78333598
1693.313423	0.780287983
1701.902592	0.810768026
1702.341486	0.813816023
1711.04049	0.804672032
1711.369698	0.804672032
1720.181514	0.822960015
1720.39791	0.822960015
1729.319412	0.813816023
1729.429098	0.813816023
1738.45731	0.807720029
	
