	RS=206.40* 
0	12.96314363
6.647687837	12.78026409
11.2014	12.16152047
13.29537567	11.69822433
19.94306409	10.25652047
22.40584865	9.74750386
26.5938	8.98550386
33.24148726	8.15644807
33.61029498	8.122919884
39.88917451	7.815071814
44.81474363	7.534655791
46.53686177	7.507223744
53.18455367	7.400544209
56.01614363	7.38530386
59.83224093	7.38835193
66.47992819	7.400544209
67.21754363	7.412735907
73.12761544	7.47369614
78.4219946	7.936992279
79.77834902	8.040623744
86.42603628	8.07415193
89.62643628	8.22655193
90.21470735	8.269223744
93.07068186	8.473439767
99.72142009	8.333232047
100.8308873	8.327135907
106.3691073	8.327135907
112.0322873	8.348471814
113.0167946	8.321039767
119.6644819	8.22350386
123.2336873	8.144255791
126.3121691	8.065007721
132.9629073	7.91870386
134.4411799	7.882128186
139.6105946	7.857744209
145.6425799	7.903464093
146.2552309	7.933944209
152.9059691	8.14730386
156.8470402	8.275319884
159.5536471	8.363712163
162.8058765	8.46124807
166.2013529	8.567928186
168.0484402	8.6106
172.8490402	8.424671814
179.2498402	8.180832047
179.4967274	8.183880116
186.1474471	8.31189614
190.4573235	8.449055791
192.7951529	8.433816023
199.4428402	8.372855791
201.6587235	8.363712163
206.0905274	8.0772
212.7382147	7.62304807
212.8631745	7.610855791
219.385902	7.38530386
224.0645745	7.196328186
226.0335892	7.193280116
232.6843274	7.254239767
235.2720765	7.296912163
239.3320147	7.418832047
245.979702	7.571232047
246.4734765	7.571232047
252.6273892	7.47064807
257.6748765	7.39444807
259.2750765	7.348728186
265.9258147	7.208519884
268.8793274	7.171944209
272.570451	7.16584807
279.2181382	7.16889614
280.0807274	7.16889614
285.8688765	7.077455791
291.2882108	6.995160233
292.5165637	6.982967953
299.164251	6.906767953
302.4896108	6.858
305.8119382	6.842760233
312.4596255	6.912864093
319.1072941	7.0104
325.755	7.046976256
332.4057196	7.08355193
339.0534255	7.098792279
345.7010941	7.08964807
352.3488	7.074407721
358.5057451	6.982967953
358.9965059	6.992112163
365.6472255	7.147560233
369.7071451	7.376160233
372.2918804	7.482839767
378.939549	7.748016023
380.9115961	7.760207721
385.5903059	7.665719884
392.1160471	7.427976256
392.2379745	7.424928186
398.8856804	7.16889614
403.320498	7.104887837
405.533349	7.104887837
412.1810549	7.251192279
414.521898	7.306055791
418.8317745	7.409687837
425.4764294	7.552944209
425.723298	7.555992279
432.127149	7.568183977
436.9308	7.54684807
438.7748549	7.534655791
445.4225235	7.482839767
448.1322	7.476744209
452.0702294	7.47064807
458.717898	7.534655791
459.336651	7.5438
465.3686549	7.629144209
470.538051	7.680960233
472.0163235	7.69315193
478.6640294	7.726680116
481.739451	7.69315193
485.311698	7.668767953
491.9594039	7.53770386
492.9469529	7.510271814
498.6070726	7.38530386
504.1483529	7.272528186
505.2547784	7.254239767
511.905498	7.266432047
515.3528039	7.281671814
518.5532039	7.272528186
525.1978216	7.24509614
526.5542039	7.23290386
531.8485784	7.15670386
537.7617059	7.120128186
538.4962471	7.114032047
545.1439529	7.16889614
548.9631059	7.214616023
551.7916216	7.281671814
558.4423784	7.510271814
560.1645059	7.528560233
565.0900471	7.571232047
571.3689196	7.531607721
571.7377529	7.522464093
578.3854216	7.443216023
582.5733706	7.476744209
585.0331274	7.488935907
591.6838471	7.577328186
593.7778216	7.62
598.328502	7.720583977
604.9792216	7.382255791
613.7331059	6.608064093
614.9248471	6.434328186
622.4900039	5.32790386
624.8735607	4.965192279
631.243851	3.822191988
634.8222	3.236975965
639.997698	2.35915193
644.7708393	1.615440058
648.7515451	0.950975965
654.7195529	0.033528
657.5084432	-0.338328004
664.6681922	-1.2954
666.2622902	-1.505712017
674.6169059	-2.667
675.0162117	-2.718816023
683.7700588	-3.913632047
684.5655451	-4.03250386
692.5239059	-5.233416023
694.5112078	-5.526023744
701.2808039	-6.416039767
704.462898	-6.739128186
710.034651	-7.382255791
714.4085607	-7.677912163
718.788498	-7.961376256
724.360251	-8.162544209
727.5423451	-8.244839767
734.3058393	-8.397239767
736.2992432	-8.45515193
744.2576039	-8.674607721
745.0530902	-8.705087837
753.8070117	-8.884919884
754.2031922	-8.884919884
762.5608588	-8.817864093
764.1519059	-8.802623744
771.3177568	-8.631935907
774.1005451	-8.595360233
780.0716039	-8.52830386
784.0492588	-8.516112163
788.825451	-8.564880116
793.997898	-8.644128186
797.579298	-8.668512163
803.9466117	-8.775192279
806.3361961	-8.787383977
813.895251	-8.84529614
815.0900432	-8.863583977
823.8438902	-8.948928186
832.5978117	-9.238487837
833.7926039	-9.345167953
841.3516588	-10.14679228
843.7412432	-10.38758456
850.1085568	-11.28979228
853.6869059	-11.57325637
858.8624039	-11.83538456
863.6385961	-11.73784749
867.616251	-11.44828842
873.5842588	-10.96060772
876.370098	-10.71676795
883.535949	-10.25956795
885.1269961	-10.18032047
893.4816117	-9.924288419
893.8808432	-9.915143628
902.6346902	-9.933432047
903.433302	-9.939528186
911.3886117	-10.04316023
913.3788902	-10.05535251
920.1455098	-10.12850386
923.3245529	-10.18641544
928.8993568	-10.29614363
933.2762432	-10.49731158
937.6532039	-10.71067181
943.2219059	-11.03071158
946.407051	-11.24407181
953.1735961	-11.64031158
955.160898	-11.76527953
963.1192588	-12.25905637
963.9147451	-12.30782433
972.6685922	-12.86560772
973.070949	-12.88999228
981.4224393	-13.44472819
983.0166117	-13.56055251
990.1794117	-14.08176023
992.968302	-14.28902433
998.9332588	-14.72793591
1002.91389	-14.98092047
1007.687106	-15.24914363
1012.862604	-15.46250386
1016.440953	-15.59052047
1022.811243	-15.73682433
1025.197851	-15.78254363
1032.759957	-15.96237567
1033.951698	-15.99590386
1042.705545	-16.27632047
1042.708596	-16.27632047
1051.459392	-16.57807181
1052.65731	-16.6116
1060.21629	-16.80057567
1062.605949	-16.84324749
1068.970212	-16.95297567
1072.554588	-17.00783977
1077.724059	-17.06575251
1082.500251	-17.09927953
1086.480957	-17.09927953
1092.451941	-17.07794363
1095.234804	-17.05356023
1102.397604	-16.93163977
1103.988651	-16.89201544
1112.349294	-16.63598456
1112.742498	-16.62379228
1121.499396	-16.36166409
1122.294957	-16.34337567
1130.253243	-16.19707181
1132.246647	-16.16963977
1139.00709	-16.09953591
1142.19231	-16.06905637
1147.761012	-16.02943205
1152.140949	-16.01114363
1156.51791	-16.01723977
1162.089588	-16.0782
1165.271757	-16.13001544
1172.038302	-16.35861544
1174.025604	-16.44091158
1181.986941	-16.80057567
1182.779451	-16.83410386
1191.536349	-17.12976023
1191.935655	-17.13890386
1200.290196	-17.29435251
1201.884294	-17.31873591
1209.044043	-17.44065637
1211.833008	-17.52904749
1217.79789	-17.73326409
1221.781647	-17.87042433
1226.554788	-18.01367953
1231.730361	-18.08378456
1235.30871	-18.14169614
1241.675949	-18.23313591
1244.062557	-18.27276023
1251.627714	-18.39163205
1252.81938	-18.40687181
1261.573302	-18.49831158
1270.311894	-18.41906409
1271.561604	-18.37943977
1279.050486	-17.96796023
1281.549906	-17.76374363
1287.792204	-17.18157567
1291.538208	-16.55673591
1296.530796	-15.58442433
1301.52651	-14.42313591
1305.269388	-13.4112
1311.514812	-11.91767953
1314.011106	-11.42390386
1321.499988	-10.17117567
1322.749698	-9.991343628
1331.48829	-9.128760233
1340.226882	-8.424671814
1341.476592	-8.290560233
1348.9686	-7.306055791
1351.461918	-6.894576256
1357.707192	-5.33704807
1361.453196	-4.258056081
1366.445784	-3.04190386
1371.438521	-1.67335193
1375.184377	-0.594360015
1381.4298	1.405128041
1383.926094	2.197608012
1391.414977	4.843272105
1392.664686	5.25475193
1401.403279	7.607807721
1410.288318	8.567928186
1410.64491	8.577071814
1419.176184	8.257032047
1419.889518	8.238744209
1428.061223	7.964423744
1429.128023	7.91870386
1436.946114	8.116823744
1438.369506	8.174735907
1445.83398	8.659367953
1447.610988	8.811767953
1454.715894	8.92149614
1456.85262	8.91844807
1459.842577	8.881871814
1463.60391	8.8392
1465.639879	8.823960233
1466.094102	8.820912163
1472.4888	8.772144209
1475.332608	8.729471814
1481.376816	8.738616023
1484.577216	8.726423744
1490.261706	8.830055791
1493.818698	8.814816023
1499.149721	8.68070386
1503.057204	8.561832047
1508.031486	8.202167953
1512.298686	7.961376256
1516.919502	7.726680116
1521.543294	7.54684807
1525.804392	7.452360233
1530.7818	7.351776256
1534.689282	7.199376256
1540.023282	7.019544209
1543.577298	6.973823744
1549.264914	6.885432047
1552.462188	6.946392279
1558.506396	7.068312163
1561.350204	7.077455791
1567.747879	7.104887837
1570.232118	7.114032047
1576.986384	7.15975193
1579.119984	7.226807721
1586.228016	7.415783977
1588.005023	7.4676
1595.472623	7.76935193
1596.89289	7.815071814
1604.71098	8.360664093
1605.77778	8.53135193
1613.952612	10.04925637
1614.665796	10.22603977
1623.19722	12.4206
1623.54771	12.48156023
1632.435577	13.54226409
	
