54.96	RS=54.96   
0	3.675888128
9.098280116	1.75564807
18.19656023	1.706879971
27.29484093	1.469136052
36.39007181	1.481328041
40.86148726	1.310640058
45.48835367	1.133856009
54.58663088	0.920495994
63.68491274	1.149095994
72.78318995	1.146047997
81.88147646	1.08813598
90.97974902	0.902208012
100.0780309	0.743712017
109.1732618	0.088391997
118.2715436	-1.01193598
127.3698255	-2.243328041
136.4681073	-3.096767953
145.5663799	-3.874008012
154.6646618	-4.096511872
163.7629529	-4.258056081
172.8581745	-4.312919884
181.9564471	-4.26110386
191.0547382	-4.248911872
200.1530108	-4.678680116
209.251302	-6.044183977
218.3495745	-8.135112163
227.4478471	-10.76858456
236.5461382	-13.49349614
245.6413598	-15.61185637
254.739651	-16.89506409
263.8379235	-17.70887953
272.9362147	-18.29104749
282.0344873	-18.81530386
291.1327598	-19.29383977
300.231051	-19.76323088
309.3262726	-20.28748726
318.4245451	-20.78735907
327.5228549	-21.23236912
336.6211274	-21.64994363
345.7194	-22.12238456
354.8176726	-22.64359228
363.9159451	-23.10079228
373.0142549	-23.34463088
382.1094765	-23.47264865
391.207749	-23.58237684
400.3060216	-23.66162316
409.4042941	-23.82012047
418.5026039	-24.06091274
427.6008765	-24.31084865
436.699149	-24.48458456
445.7974216	-24.58821544
454.8926804	-24.65222316
463.9909529	-24.67965637
473.0892255	-24.73147181
482.187498	-24.85644093
491.2857706	-25.03627181
500.3840804	-25.19781544
509.4823529	-25.34107181
518.5806255	-25.43251274
527.6758471	-25.54833591
536.7741196	-25.8318
545.8724294	-26.20060772
554.970702	-26.49321544
564.0689745	-26.70047953
573.1672471	-26.91688726
582.2655196	-27.07538456
591.3638294	-27.29484093
600.459051	-27.51734363
609.5573235	-27.63926409
618.6555961	-27.78861544
627.7539059	-28.18180772
636.8521412	-28.55975907
645.950451	-28.87370502
655.0487607	-29.16021544
664.1469961	-29.36443088
673.2453059	-29.39795907
682.3404902	-29.39795907
691.4388	-29.53207181
700.5371098	-29.75762316
709.6353451	-29.94050502
718.7336549	-29.86430502
727.8318902	-29.51378456
736.9302	-29.07792047
746.0285098	-28.20619228
755.1267451	-26.76753591
764.2220039	-25.47518456
773.3202393	-24.00909498
782.418549	-21.82672819
791.5168588	-18.71472047
800.6150941	-15.06321544
809.7134039	-10.85392819
818.8116393	-6.086855791
822.2589451	-4.550664093
827.909949	-2.029967953
837.0082588	-0.167640004
846.1034432	0.435863984
855.2017529	1.459991988
864.2999883	1.45084807
873.398298	1.52095193
882.4966078	1.786128041
891.5948432	3.788664093
	
