	RS=91672.5*
0	0.579119993
5.123687837	0.576071996
10.18336795	0.576071996
10.25347181	0.576071996
15.37716023	0.615695994
20.50389498	0.643127968
25.62758456	0.627887983
30.75432047	0.63093598
35.88105637	0.655320029
41.00474363	0.6858
46.13452819	0.661416023
50.92293823	0.606552003
51.25821544	0.600456009
56.3819027	0.551687983
61.10935367	0.545591988
61.51168726	0.5334
71.29271814	0.234695994
76.84008186	-0.146303997
81.72602549	-0.667512017
92.45193823	-1.944624035
95.00311274	-2.246375965
103.177851	-2.877311872
113.9037637	-4.10870386
116.2507181	-4.352543919
124.6327181	-5.434583977
135.3586309	-6.638544209
138.8485946	-7.208519884
159.4957529	-10.07668842
162.6656618	-10.64056795
180.0758363	-12.6492
188.9211382	-13.78610386
200.4730471	-15.03883205
221.2268873	-16.47748842
221.2451745	-16.48053591
242.4348765	-17.51990386
253.1485853	-17.93138456
265.9623892	-18.18132047
285.3202402	-18.65680772
286.0029892	-18.69947953
286.051749	-18.69947953
307.1743853	-18.34591158
310.7344471	-18.28495251
316.2147451	-18.20265637
335.9810549	-18.09292819
346.0912471	-18.00148842
364.3030471	-17.77898456
375.6111196	-17.61439228
385.9956765	-17.48637567
404.9176471	-17.37055251
408.3954255	-17.2974
409.8340726	-17.26387181
431.590698	-17.54733591
439.908702	-17.55952819
455.6363745	-16.96212047
470.0473274	-16.60855251
480.4775745	-16.20621544
499.872	-15.41983205
506.117349	-14.99006409
529.0261274	-13.4112
534.7411274	-13.08506409
558.0796471	-11.5824
560.1065745	-11.19835251
586.971651	-6.214871814
587.5142039	-6.111239767
616.2629235	-4.581143919
616.454949	-4.56590386
646.2917883	-3.267456081
646.8770549	-3.243072105
647.8188393	-3.160775965
650.0927098	-3.011424035
678.3719883	-2.484119884
679.3808941	-2.456688128
680.3684432	-2.44144807
681.3316588	-2.429255936
682.9622941	-2.334767953
693.1518117	-1.545336052
698.5620117	-1.143
703.3107451	-0.905256009
703.8198117	-0.883920029
705.0268078	-0.810768026
709.0776117	-0.576071996
713.4331412	-0.563880007
714.3383883	-0.554736016
719.5961883	-0.478536016
723.5525607	-0.368808012
724.8570393	-0.316991988
730.1148393	-0.097535998
733.6780078	0.051816001
735.3726393	0.131064002
740.6365412	0.384047997
743.8004039	0.536447997
745.8943412	0.554736016
751.1521412	0.588263984
753.9228	0.606552003
756.4129922	0.6096
761.6707922	0.627887983
764.0451961	0.633983977
766.9316432	0.643127968
772.1894432	0.658368026
774.1706432	0.66446402
777.4472432	0.673608012
782.7080941	0.694943991
784.2899883	0.701039985
787.9689451	0.713231974
793.2297961	0.713231974
794.4155098	0.716279971
798.4875961	0.728472032
803.7453961	0.74066402
804.5379059	0.74066402
809.0062471	0.74066402
814.2640471	0.765047997
814.6633529	0.765047997
819.524898	0.768095994
824.782698	0.774191988
	
