125.17	RS=125.17  
0	7.84555193
9.122664093	6.467855791
18.24532819	4.681727895
27.36799228	4.047743919
36.49065637	4.370832047
45.61636912	4.57809614
54.73903088	4.864608012
63.8616973	5.004816023
72.98435907	5.2578
82.10702549	5.364480116
91.22968726	5.367528186
100.352349	5.306567953
103.4491181	5.010912163
109.4750201	4.434840058
118.5976819	1.310640058
127.7233946	0.341376001
136.8460564	-0.131064002
145.9687181	-2.721864093
155.0913799	-6.010655791
164.214051	-8.574023744
173.3367127	-10.74724749
182.4593745	-12.70406409
191.5820363	-14.59687181
200.704698	-16.92249614
209.8304108	-19.94915907
218.9530726	-22.99715907
228.0757529	-25.31668726
237.1984147	-27.23997684
246.3210765	-28.25495907
255.4437382	-28.41040772
264.5664	-28.46222316
273.6890618	-28.66339228
282.8117235	-28.98038456
291.9343853	-29.44367953
301.060098	-29.82772819
310.1827598	-30.00755907
319.3054216	-30.20263088
328.428102	-30.45256912
337.5507451	-30.64459228
346.6734255	-30.66592819
355.7961059	-30.44037684
364.918749	-30.06852047
374.0414294	-29.74847953
383.1671235	-29.30347181
392.2898039	-28.82798456
401.4124471	-28.54756912
410.5351274	-28.40126409
419.6577706	-28.23972047
428.780451	-27.98978456
437.9030941	-27.87091274
447.0257745	-27.93187181
456.1484549	-28.12389498
465.274149	-28.30067953
474.3968294	-28.47441544
483.5194726	-28.81579228
492.6421529	-29.45282316
501.7647961	-30.11119228
510.8874765	-30.72993591
520.0101196	-31.33648726
529.1328	-31.88817684
538.2554804	-32.35452047
547.3811745	-32.23869498
556.5038549	-31.98875907
565.626498	-31.61385637
574.7491784	-31.14446409
583.8718216	-30.73907953
592.994502	-29.96184093
602.1171451	-28.54452047
611.2398255	-27.42590502
620.3625059	-25.49652047
629.4882	-21.66823088
638.6108432	-18.45868842
647.7335607	-16.87982433
656.8562039	-15.46250386
665.9788471	-14.13967181
675.1014902	-12.44498456
684.2242078	-11.42390386
693.346851	-10.42720772
702.4694941	-9.387839767
711.5951883	-7.879080116
720.7179059	-6.842760233
729.840549	-5.879592279
738.9631922	-4.931664093
748.0859098	-3.88924807
757.2085529	-2.941319884
766.3311961	-2.5908
775.4538393	-2.43535193
784.5765568	-2.13055193
793.6992	-1.146047997
802.8248941	2.721864093
811.9476117	3.611880116
821.0702549	3.621024035
830.192898	3.627119884
839.3155412	3.633216023
848.4382588	3.642359942
857.560902	3.65150386
866.6835451	3.66064807
875.8061883	3.6576
884.9319568	0.414528004
894.0546	0.399287983
967.0358941	0.399287983
976.1615883	1.969008012
985.2843059	3.837432047
994.406949	4.6482
1003.529592	5.10235193
1012.65231	5.620512163
1021.774953	5.919216023
1030.897596	5.910071814
1040.020239	5.818632047
1048.5882	5.922264093
1049.142957	5.928360233
1058.2656	5.986271814
1067.391294	5.855207721
1076.514012	5.955792279
1085.636655	5.812535907
1094.759298	5.522976256
1103.881941	5.02310386
1113.004659	5.276087837
1122.127302	5.126735907
1131.249945	5.114544209
1140.372588	6.294119884
1149.498357	7.933944209
1158.621	7.32129614
	
