	RS=193.64* 
0	12.35963977
6.78484807	12.45107953
13.57274363	10.74724749
20.35759228	9.68349614
27.14548726	9.403080116
28.50794363	9.387839767
33.93338456	9.192767953
40.71823088	8.799576256
47.50612819	8.625839767
51.02961544	8.491728186
54.29097451	8.366760233
57.0036973	8.525255791
61.07887181	8.84224807
67.86371814	8.665464093
74.65161544	8.272271814
81.43646177	7.77849614
85.51163628	7.519416023
88.22436372	7.354823744
95.0092054	7.062216023
99.1483946	6.870192279
101.7971073	6.748271814
108.581949	6.55624807
114.0165382	6.48309614
115.369851	6.467855791
122.1577436	6.644639767
128.9425946	6.9342
135.7304873	7.0104
142.5153382	6.687312163
151.5221745	6.1722
151.6501946	6.160007721
160.5290108	5.507735907
160.782	5.49249614
169.5358471	5.10235193
169.9138147	5.1054
178.542702	5.248655791
179.0486618	5.245607721
187.5495382	5.236464093
188.1804765	5.218176256
196.5533235	4.953
197.3153235	4.919471814
205.5601598	4.251959942
206.4471382	4.19709614
214.5700471	3.66369614
215.5819853	3.572256081
223.573851	2.999232047
224.716851	2.907791988
232.5806873	2.249424035
233.8486471	2.157983977
241.5875235	1.453895994
242.9835127	1.301495994
250.5913274	0.426719993
252.1153274	0.280416005
259.6012147	-0.527304006
261.2501745	-0.676656009
268.608051	-1.380744064
270.3819892	-1.554479971
277.6118363	-2.164079971
279.5168363	-2.313432047
286.6186726	-2.782824035
288.648651	-2.913888128
295.6255274	-3.267456081
297.783498	-3.401567953
304.6323637	-3.843527895
306.9153127	-3.983735907
313.6392	-4.410456081
316.0471274	-4.553711872
322.6460549	-4.992623744
325.1819745	-5.169407721
331.6528726	-5.675376256
334.3137706	-5.888735907
340.6566765	-6.181344209
343.4486549	-6.281928186
349.6634941	-6.63244807
352.580451	-6.809232047
358.6734	-7.16584807
361.715298	-7.339583977
367.6772039	-7.488935907
370.8470941	-7.53770386
376.6840216	-7.687055791
379.9789274	-7.757160233
385.6908765	-7.943087837
389.1168255	-8.08329614
394.6946804	-8.220455791
398.2486216	-8.327135907
403.704549	-8.394192279
407.3835059	-8.424671814
412.7114039	-8.586216023
416.515302	-8.68984807
421.7151706	-8.881871814
425.650149	-9.019032047
430.7220255	-9.22629614
434.7819451	-9.381744209
439.7288804	-9.534144209
443.9168294	-9.665207721
448.735698	-9.735312163
453.0486255	-9.805415442
457.7425529	-9.878567953
462.1804216	-9.945624326
466.7493706	-10.02182433
471.3153059	-10.08887953
475.7531745	-10.15288842
480.447102	-10.21994363
484.7600294	-10.33272047
489.581949	-10.48512047
493.769898	-10.65580772
498.7137451	-10.94841544
502.773702	-11.18920772
507.8486294	-11.49096023
511.7805196	-11.82928842
516.9804255	-12.21028842
520.7873745	-12.44498456
526.1122216	-12.70101544
529.7911784	-12.73759228
535.2471059	-12.84122433
538.8010471	-12.86256023
544.378902	-12.91132819
547.807902	-12.96314363
553.5168	-13.06372819
556.8117059	-13.20698456
562.6485961	-13.46911158
565.8185235	-13.68247181
571.7834804	-14.07261544
574.8253784	-14.24330386
580.9152765	-14.53896023
583.8352471	-14.62125637
590.0470726	-14.81023205
592.839051	-14.86204749
599.1819196	-15.00835251
601.8459059	-15.10893591
608.3137529	-15.32229614
610.8527235	-15.40459228
617.4486	-15.61185637
619.8565274	-15.63014363
626.5803961	-15.68500772
628.8663961	-15.72767953
635.7152432	-15.88007953
637.873251	-15.91665637
644.8470393	-16.06296023
646.8770549	-16.11477567
653.9819607	-16.34642433
655.8839098	-16.42872047
663.1137568	-16.74571158
664.8906902	-16.85239228
672.2486039	-17.34007181
673.8944941	-17.46503977
681.3804	-18.03806409
682.9044	-18.17217567
690.5121961	-18.75129614
691.9112549	-18.87931158
699.6470432	-19.64131274
700.9150588	-19.74494363
708.7788393	-20.31796912
709.9218393	-20.37892819
717.9168117	-20.76907181
718.9286941	-20.79955135
727.0486078	-21.04034363
727.935549	-21.06777684
736.1834549	-21.39086409
736.9424039	-21.42134363
745.315251	-21.74747953
745.9492588	-21.78710502
754.450098	-22.36622316
754.9529883	-22.40889498
763.5818941	-23.1648
763.9598432	-23.19223088
772.7136902	-23.76830502
772.969749	-23.77744865
781.8486117	-24.07615135
781.9735529	-24.07615135
790.9804078	-24.16149498
798.4419059	-24.11882316
801.1851059	-24.0792
805.9003529	-23.87803088
811.3867529	-23.50922316
813.3588	-23.21052047
820.820298	-21.68347181
821.591451	-21.55240772
828.2787451	-20.15032819
831.793098	-19.47062433
835.7371922	-18.83663977
841.9977961	-17.92528842
843.1986902	-17.78203205
850.6572117	-16.85239228
852.1994432	-16.62988842
858.1187098	-15.79168842
862.4010902	-15.12112819
865.5771568	-14.61516023
872.6057883	-13.66418456
873.0356039	-13.62151158
880.497102	-12.69796795
882.8075098	-12.39926409
887.955549	-11.30198456
893.0122078	-10.24737567
895.4139961	-9.637776256
902.8754941	-7.54075193
903.2108039	-7.449312163
910.3369922	-5.611367953
913.415502	-4.72135193
917.7954393	-3.837432047
923.617149	-3.087624035
925.2539607	-2.8956
932.7154588	-2.145791988
933.8218471	-2.063495994
940.1739059	-1.52095193
944.0234941	-1.216152003
947.6323529	-0.612647997
954.2251412	0.451104006
955.093851	0.606552003
962.552298	1.889759942
964.4298393	2.215895994
970.0137961	2.941319884
974.6315607	3.532632047
977.4722432	3.630167953
984.8362588	3.870959942
984.9306902	3.870959942
992.3921883	3.938016023
995.0379059	4.19404807
999.6861059	5.462016023
999.8507098	5.507735907
1005.242604	6.85190386
1007.275596	7.205471814
1014.615204	8.135112163
1015.560039	8.238744209
1021.957788	8.205216023
1025.8806	8.1534
1029.294345	8.119871814
1036.195059	8.125967953
1036.633953	8.129016023
1043.973561	8.116823744
1046.515545	7.970519884
1051.313094	7.418832047
1056.833055	6.998207721
1058.652702	6.912864093
1065.99231	6.77875193
1067.15049	6.751319884
1073.328792	6.720839767
1077.471051	6.687312163
1080.6684	6.7056
1087.788561	6.757416023
1088.008008	6.757416023
1095.347541	6.827519884
1098.109047	6.876287837
1102.687149	6.979919884
1108.423506	7.0104
1110.026757	7.098792279
1117.363239	7.479792279
1118.743992	7.580376256
1124.705898	8.37895193
1129.061502	9.268967953
1132.045506	9.921239767
1139.381988	11.51839228
	
