196.58	RS=196.58  
0	11.89329614
9.116567953	11.78052047
18.23313591	9.887711581
27.34970502	8.324087837
36.46627181	7.607807721
45.57978995	6.638544209
54.69635907	5.79729614
63.81292819	6.946392279
72.9294973	7.91870386
82.04606177	7.933944209
87.63609265	8.193023744
91.16263088	8.354567953
100.2792	8.91844807
109.3957691	8.750807721
118.5123382	8.135112163
127.6258564	7.894319884
136.7424255	7.77849614
145.8589946	6.39470386
154.9755637	6.17829614
200.555349	6.17829614
209.6719274	6.181344209
246.1381853	6.181344209
255.2547637	6.184392279
273.487902	6.184392279
282.6014108	6.187439767
291.7179892	6.187439767
300.834549	6.294119884
309.9511274	6.534912163
319.0677059	6.772655791
328.1842471	7.025639767
337.3008255	6.894576256
346.4174039	7.498080116
355.5308941	7.510271814
364.6474726	7.406639767
373.764051	7.269480116
382.8806294	6.967728186
391.9971706	7.00735193
401.113749	8.53744807
410.2303274	9.854184558
419.3469059	10.19251158
428.4603961	10.23823205
437.5769745	10.46987953
446.6935529	10.92707953
455.8100941	11.2014
464.9266726	11.07338456
474.043251	10.89964749
483.1598294	10.94536795
492.2763706	11.00327953
501.389898	10.91793591
510.5064765	10.78687181
519.6230549	10.60399228
528.7395961	10.47292819
537.8561745	10.29919228
546.9727529	9.97610386
556.0892941	9.643871814
565.2058726	9.384792279
574.3194	9.055607721
583.4359784	8.714232047
592.5525196	8.442960233
601.669098	8.113776256
610.7856765	7.77544807
619.9022549	7.431023744
629.0187961	7.00735193
638.1354117	6.269735907
647.248902	5.449823744
656.3654432	4.864608012
665.4820588	4.218432047
674.5986	3.569208012
683.7151412	3.364991988
692.8317568	3.50215193
701.948298	4.056888128
711.0648393	4.660391988
720.1784039	4.300727895
729.2949451	3.938016023
738.4115607	2.279904006
747.528102	0.725424035
756.6446432	-0.01524
765.7612588	-0.768095994
774.8778	-1.136904006
783.9943412	-1.386840058
793.1079059	-1.691640058
802.2244471	-2.017775965
811.3409883	-2.316479971
820.4576039	-2.538983977
829.5741451	-2.776727895
838.6907607	-3.04190386
847.807302	-3.294888128
856.9238432	-3.553967953
866.0404588	-3.877056081
875.153949	-4.166616023
884.2704902	-4.389119884
893.3871059	-4.684775965
902.5036471	-4.892039767
911.6201883	-4.95604807
920.7368039	-5.132832047
929.8533451	-5.355335907
938.9699607	-5.583935907
948.083451	-5.94664807
957.1999922	-6.01370386
966.3166078	-5.958839767
975.433149	-6.0198
984.5496902	-6.09295193
993.6663059	-6.440423744
1002.782847	-6.979919884
1011.899388	-7.296912163
1021.016004	-7.629144209
1030.129494	-8.2296
1039.24611	-8.641080116
1048.362651	-8.967216023
1057.479192	-9.543287837
1066.595808	-10.20470386
1075.712349	-10.60703977
1084.82889	-11.41171158
1093.945506	-12.52423205
1103.058996	-13.03629614
1112.175612	-13.66723205
1121.292153	-14.21587181
1130.408694	-15.05102433
1139.52531	-15.67586409
1148.641851	-16.32508842
1157.758392	-16.9164
1166.875008	-17.55038456
1175.988498	-18.00453591
1185.105039	-18.50440772
1194.221655	-19.26336023
1203.338196	-20.06193591
1212.454812	-20.70506409
1221.571353	-21.26894363
1230.687894	-22.00351274
1239.80451	-22.82647181
1248.918	-23.42997684
1258.034616	-24.07615135
1267.151082	-24.89606409
1276.267698	-25.92628726
1285.384314	-26.52064865
1294.50078	-26.99918456
1303.617396	-27.21864093
1312.734012	-26.73095907
1321.847502	-24.53944865
1330.964118	-19.89124865
1340.080584	3.916680116
1349.1972	5.55650386
1356.936114	6.815328186
1358.313816	7.037832047
1367.430282	7.99490386
1376.546898	7.833360233
1385.660388	6.498335907
1394.777004	6.288023744
1403.89362	6.461760233
1413.010086	6.3246
1422.126702	6.17524807
1431.243318	6.071616023
1440.359784	6.044183977
1449.4764	6.001512163
1458.58989	6.114287837
1467.706506	6.309360233
1476.823121	6.25449614
1485.939588	6.147816023
1495.056204	6.544055791
1504.17282	8.171687837
1513.289286	10.57351158
1522.405902	12.09751158
	
