111.73	RS=111.73  
0	7.735823744
9.14704807	6.757416023
18.29409614	4.974335907
27.43809498	4.544567953
33.04946409	4.42264807
36.58514363	4.34644807
45.73218995	4.050791988
54.87924093	3.825240058
64.02628726	4.03555193
73.17333823	4.133088128
82.31733823	4.090416023
91.46437991	4.145280116
100.6114309	4.191
109.7584819	4.053840058
118.9055235	3.621024035
128.0495235	2.865119884
137.1965745	0.201168008
146.3436255	-2.505456081
155.4906765	-7.025639767
164.6377274	-10.54912819
173.7847598	-13.28318456
182.9287598	-14.77670386
192.0758108	-16.21231158
201.2228618	-17.30044749
210.3699127	-18.36115251
219.5169637	-19.71446409
228.6609637	-20.56485637
237.8080147	-21.44877684
246.9550471	-22.00046409
256.102098	-22.99106409
265.249149	-24.40533591
274.3962	-26.289
283.5402	-27.83433591
292.687251	-29.07487181
301.834302	-29.41624865
310.9813529	-29.55645637
320.1284039	-29.75457684
329.2724039	-30.16910502
338.4194549	-30.73907953
347.5665059	-31.35172819
356.7135196	-31.93694363
365.8605706	-32.29355907
375.0076216	-32.38804865
384.1516216	-32.14725637
393.2986726	-31.57727953
402.4457235	-31.11398456
411.5927745	-30.68726409
420.7398255	-29.66618456
429.8838255	-28.30982316
439.0308765	-27.05709498
448.1779274	-26.12440772
457.3249784	-25.54528726
466.4720294	-24.6126
475.6190804	-24.01824093
484.7630804	-24.08529498
493.9100941	-23.98775907
503.0571451	-23.75001544
512.2041961	-23.25624093
521.3512471	-22.98496912
530.4952471	-22.86
539.642298	-22.64664093
548.789349	-22.36622316
557.9364	-22.13762316
567.083451	-21.92121544
576.227451	-21.67127953
585.374502	-21.45792047
594.5215529	-20.96414363
603.6686039	-19.99792819
612.8156549	-19.12010386
621.9627059	-18.23923205
631.1067059	-17.48942433
640.2537568	-16.79752819
649.4008078	-15.71243977
658.5478588	-14.99006409
667.6949098	-13.76172047
676.8389098	-12.69492047
685.9859607	-11.61897567
695.1330117	-10.68323977
704.2799883	-9.851135907
713.4270393	-7.8486
722.5710393	-4.94690386
731.7180902	-1.554479971
740.8651412	0.326136016
750.0121922	2.709672105
759.1592432	2.764535907
777.4502941	2.764535907
786.5973451	3.313175965
795.7443961	4.550664093
804.8914471	4.56895193
814.0354471	2.121408012
823.182498	1.840991988
942.0880588	1.840991988
951.2320588	1.862328041
960.3791098	3.864864093
969.5261607	6.370319884
978.6732117	6.842760233
987.8201883	4.824983977
996.9641883	-0.164592007
1006.111239	0.0762
1015.25829	4.020311872
1024.405341	2.456688128
1033.552392	2.072640058
1042.696392	2.225040058
1051.843443	2.377440058
1060.990494	1.941575965
1070.137545	2.993135907
1079.284596	6.885432047
1088.431647	7.376160233
1097.575647	4.361688128
1106.722698	2.782824035
1115.869749	3.389375965
1125.0168	5.1054
1134.163851	6.970776256
	
