	RS=161.88* 
0	10.53388842
8.199119884	9.22324807
10.25042433	8.84224807
16.40128842	7.24204807
20.50084865	6.598919884
24.60040772	6.336792279
30.74822316	6.041135907
32.79952819	5.964935907
40.99864633	5.669280116
49.20081544	5.401055791
51.24907181	5.361432047
57.39993823	5.4102
61.50254363	5.474207721
65.59905637	5.596128186
71.75296912	5.654039767
73.79817451	5.681471814
81.99729265	5.913119884
84.20405098	6.0198
90.19946177	6.312407721
92.25076912	6.431280116
98.39857991	6.833616023
98.73386177	6.848855791
102.5011946	7.022592279
106.5977073	7.071360233
112.7516201	7.257287837
114.7998765	7.062216023
122.9989946	5.452871814
131.7315127	4.376927895
132.5239946	4.285488128
140.4640309	4.075175965
142.0520363	4.056888128
149.1935073	4.026408012
151.5770363	4.017264093
157.9260255	3.910583977
161.1020363	3.697224035
166.6585529	3.160775965
170.6270363	2.721864093
175.3910618	2.100071959
180.1520363	1.490471959
184.1235892	0.984504006
189.6800873	0.146303997
192.8530471	-0.502919993
199.2050873	-2.228087983
201.5855745	-2.791967953
208.7300873	-4.507991988
210.315051	-5.013960233
218.2550873	-7.47369614
219.0475598	-7.69010386
227.7800873	-10.50036023
236.5126147	-12.88694363
237.3050873	-13.09420772
245.2451235	-14.81632819
246.8331382	-15.25828842
253.9746	-18.16303205
256.3581382	-19.14753591
262.7071274	-21.5646
265.8800873	-22.79294363
271.4396363	-24.62784093
275.4081382	-25.39898456
280.1721637	-25.87752047
284.9331382	-26.33167181
288.9046726	-26.58160772
294.4611892	-26.84983088
297.6372	-27.03575907
303.9831382	-27.48991274
306.3666765	-27.813
313.5081196	-29.15107181
315.0992039	-29.45892047
323.0361706	-31.01035135
323.8286804	-31.11703088
332.5611706	-31.78759228
341.4247784	-31.49193591
341.9368216	-31.47669498
350.288349	-31.20237684
351.3094216	-31.16884865
359.1519196	-30.90976912
360.6820216	-30.86404865
368.0124765	-30.60801544
370.0576726	-30.55010502
376.8760471	-30.45866409
379.4333235	-30.41599228
385.7396549	-30.20872819
388.8089745	-30.08375907
394.6032255	-29.7942
398.1785235	-29.55645637
403.4667961	-29.19679228
407.5541745	-28.90418456
412.3304039	-28.56585637
416.9298255	-28.26410502
421.1939745	-27.96844865
426.3054765	-27.60268726
430.0544941	-27.32227181
435.6750255	-26.95346409
438.918102	-26.73095907
445.0506765	-26.26766409
447.7786216	-26.06649498
454.4263274	-25.58186409
456.6422294	-25.45384865
463.8019784	-25.16428726
465.5058	-25.12466409
473.1745784	-25.03017684
474.3693706	-24.99969498
482.5471784	-24.78938456
483.2329784	-24.765
491.9228294	-24.41447953
492.096549	-24.40838456
500.9571059	-24.01214363
501.2984804	-23.99690502
509.8206765	-23.50312819
510.6710804	-23.45131274
518.6842471	-23.03373591
520.0466941	-22.96363088
527.5478549	-22.52472047
529.4192941	-22.4028
536.4114255	-21.96998456
538.7949451	-21.85415907
545.2749961	-21.70175907
548.1675451	-21.70785637
554.1386039	-21.88464093
557.5431961	-21.96693591
562.9960726	-22.09190502
566.9157961	-22.08275907
571.8596804	-21.95474363
576.2914471	-21.80844093
580.723251	-21.51278456
585.6640471	-21.18969498
589.5868216	-20.90013591
595.039698	-20.45817684
598.4504294	-20.18080772
604.415349	-19.67484093
607.314	-19.38223205
613.787949	-18.76348842
616.1775706	-18.5166
623.1636	-17.83384749
625.0411412	-17.66011158
632.5362	-16.9926
633.901698	-16.91335251
641.911851	-16.48967953
642.7653059	-16.44091158
651.287502	-15.92275251
651.6288393	-15.89836795
660.4924471	-15.10588842
660.660102	-15.09064749
669.3560549	-13.87754363
670.032702	-13.76476795
678.2195883	-12.59433591
679.4083529	-12.41755251
687.0801451	-11.22883205
688.7840039	-10.99413591
695.940702	-10.00353591
698.1566039	-9.75055193
704.8043098	-8.872728186
707.5292039	-8.479535907
713.6678432	-7.790687837
716.9048549	-7.406639767
722.531451	-6.766560233
726.2805059	-6.370319884
731.3950588	-5.843016023
735.6561568	-5.547360233
740.2585922	-5.34009614
745.0257059	-5.1816
749.1222	-5.123687837
754.4013568	-4.95909614
757.9827568	-4.818888128
763.7770078	-4.471416023
766.8462902	-4.236719884
773.1526588	-3.697224035
775.709898	-3.389375965
782.5222078	-2.542032047
784.5735059	-2.28295193
791.8978588	-0.923543991
793.4370393	-0.673608012
801.2735098	0.954024035
802.2975961	1.161287983
810.6491607	2.66090386
811.1612039	2.74929614
820.0217607	3.941064093
827.1296432	4.242816023
832.716651	4.090416023
834.2376	4.053840058
841.3455568	4.142232047
845.4084902	4.090416023
848.4534393	4.157472105
855.5613961	4.352543919
858.1034549	4.410456081
862.6693529	4.459224035
869.7773098	4.614672105
870.7952941	4.64210386
876.8851922	4.733543919
883.4872078	4.962144209
883.9962	4.971287837
891.1011059	5.077967953
896.182098	5.196839767
898.2089883	5.269992279
905.3169451	5.49249614
908.8740117	5.553455791
912.4279529	5.63270386
913.9884902	5.657087837
919.5328588	5.736335907
921.568902	5.806439767
926.6407412	5.983223744
933.748698	6.336792279
934.2607412	6.348983977
940.000149	6.464807721
940.8597059	6.48004807
946.9526549	6.544055791
947.9675883	6.534912163
955.0724941	6.605016023
959.6414432	6.678167953
962.180451	6.800087837
969.2914588	7.037832047
972.3364078	7.120128186
976.3993412	7.4676
983.5042471	8.479535907
985.0282471	8.823960233
990.6122039	9.820656372
997.7201607	10.37539228
	
