	RS=75.930* 
0	4.809743919
7.08050386	3.486911872
10.62227953	2.926080116
14.16100772	2.67309614
21.24151274	2.401824035
28.32201544	2.493264093
31.86684093	2.551175965
33.8328	2.538983977
35.40252047	2.532888128
42.48607181	2.566416023
46.80813823	-0.396239985
51.13324633	-6.979919884
55.45531274	-10.03096795
59.31712819	-12.16761544
59.78042549	-12.42364749
62.77661005	-13.94764749
64.10248726	-14.21587181
68.4276	-15.05712047
72.75271274	-15.91665637
77.07477451	-16.87067953
81.39988726	-17.80641544
83.06105098	-18.21484749
85.72194902	-18.33067181
90.04706177	-18.50136023
94.36912354	-18.62327953
98.69423628	-18.80311158
103.0163073	-18.96465637
103.3515799	-18.97684749
107.3414201	-19.08657567
111.6634819	-19.22678456
115.9885946	-19.36394363
120.3106564	-19.46757567
123.6390765	-19.51634363
124.6357691	-19.54072819
128.9578309	-19.61083088
133.2829436	-19.67484093
137.6050054	-19.76323088
141.9301181	-19.8882
143.9296054	-19.96135135
146.2552309	-20.05279228
150.5772927	-20.22043088
154.9024054	-20.40331274
159.2244765	-20.60447953
163.5495892	-20.80564865
164.2201529	-20.83307953
167.874702	-20.92756912
172.1967637	-21.01900772
176.5218765	-21.13178456
180.8439382	-21.27808726
184.5045892	-21.40915135
185.169051	-21.43963088
189.4941637	-21.60422316
193.8162255	-21.78100772
198.1413382	-22.00960772
202.4634	-22.27173591
204.7981598	-22.39670502
206.7885127	-22.46071274
211.1105745	-22.54300772
215.4356873	-22.60396912
219.757749	-22.70150502
224.0828618	-22.80208726
225.0826147	-22.82647181
228.4049235	-22.93010502
232.7300363	-23.06116912
237.052098	-23.21052047
241.3772108	-23.40254363
245.3731529	-23.55799228
245.7023235	-23.57323088
250.0243853	-23.73782316
254.349498	-23.91765637
258.6715598	-24.12796912
262.9966726	-24.32304093
265.6575892	-24.41752819
267.3187529	-24.47239228
271.6438471	-24.63088726
275.9659274	-24.80157684
280.2910402	-24.92959228
284.6161529	-25.03627181
285.9511598	-25.10027953
288.9382147	-25.22829498
293.2633274	-25.38984093
297.5853892	-25.59100772
301.910502	-25.77084093
306.2356147	-25.83484865
313.5538471	-25.65501544
320.8690471	-25.13380772
324.1182255	-24.96616912
328.187298	-24.74366409
335.5086	-24.27122316
342.0099706	-24.02128726
342.8238	-23.98471274
350.142051	-23.75001544
357.457251	-23.36596912
359.8926	-23.25319228
364.7785529	-22.99106409
372.0937529	-22.62225637
377.7843451	-22.25344865
379.4120039	-22.15591274
386.7302549	-21.63470502
394.0485059	-21.25065637
395.6730765	-21.17445637
401.3667196	-20.94280772
408.6819196	-20.71725637
413.5587196	-20.62886409
416.0001706	-20.59533591
423.3184216	-20.52827953
430.6366726	-20.47341544
431.447451	-20.47341544
437.9518726	-20.44903088
445.2701235	-20.44598456
449.3330941	-20.47646409
452.5883745	-20.50084865
459.9066255	-20.51913591
467.2218255	-20.43988726
467.2248765	-20.43988726
474.5431274	-20.27224865
481.8613784	-20.09241544
485.1105196	-20.01316912
489.1765784	-19.91258456
496.4948294	-19.78456912
502.9962	-19.78456912
503.8130804	-19.78152047
511.1312941	-19.82114363
518.4464941	-19.86381544
520.8848941	-19.86991274
525.7647451	-19.84857684
533.0860471	-19.77542316
538.7705745	-19.68093591
540.4012471	-19.64740772
547.719498	-19.56511274
555.034698	-19.42185637
556.6593059	-19.38223205
562.356	-19.23287953
569.6712	-19.09572047
574.551051	-19.01952047
576.989451	-18.97684749
584.307702	-18.83359228
591.6259529	-18.62632819
592.4336804	-18.60803977
598.9442039	-18.46173591
606.2594039	-18.36724749
610.3254255	-18.35200772
613.5776549	-18.32152819
620.8959059	-18.21484749
628.2080549	-18.02892047
628.2141568	-18.02892047
635.5293568	-17.75764749
642.8476078	-17.41322433
646.0998	-17.23643977
650.1658588	-16.96212047
657.4841098	-16.37080772
663.9884941	-15.72158456
664.8023607	-15.62709614
672.1206117	-14.86509614
679.4387883	-14.34693591
681.8742117	-14.19453591
686.7539883	-13.93240772
694.0722393	-13.52397567
699.7629059	-13.19783977
701.3904902	-13.07896795
708.7087412	-12.54861544
716.0239412	-12.02436023
717.648549	-11.87500772
723.3421922	-11.56716023
730.6634941	-10.85087953
735.3391529	-10.39367953
735.5372432	-10.37234363
737.9786941	-10.18032047
745.2969451	-9.430512163
752.6121451	-8.561832047
753.4289883	-8.510016023
759.9334471	-7.952232047
767.2486471	-6.998207721
771.3116549	-6.614160233
774.566898	-6.376416023
781.885149	-0.826008012
789.2034	1.776983977
796.4607059	2.05435193
797.9328393	2.109216023
799.1764471	2.151887983
806.659302	2.13664807
809.1525451	2.157983977
815.3887412	2.188463948
819.1316941	2.295144064
824.1152039	2.447543919
829.1047412	2.462783977
832.8446432	2.468880116
839.0808393	2.602991988
841.5711059	2.7432
849.0570117	3.992880116
850.3035961	4.19709614
859.0331098	4.834127895
	
