	RS=54.743* 
0	3.50215193
7.796783977	2.350008012
13.64589614	2.420112017
15.59356795	2.310383977
23.39035135	1.734312017
27.29179228	1.530095994
31.18408726	1.502663948
35.01542316	1.362455936
38.98087181	1.213104006
40.93768726	1.16433598
46.77765637	1.057656009
54.57444093	1.210056009
54.58358456	1.210056009
62.36817451	1.252728041
68.22948186	1.252728041
70.16495907	1.243583977
77.56245637	1.139952003
79.51927646	1.100327968
86.18525098	0.987552003
88.87053823	0.926591988
94.8049946	0.58216799
98.2218	0.390143991
103.4247382	-0.064007998
107.5730618	-0.381
112.0444819	-0.765047997
116.9273745	-1.191768026
120.6642255	-1.414271959
126.2786363	-1.758695994
129.2839691	-1.926336052
135.6299073	-2.298191988
137.9067637	-2.343912017
144.9842201	-2.505456081
146.5265073	-2.532888128
154.3354819	-2.685288128
155.146251	-2.694432047
163.6867529	-2.81635193
163.7659853	-2.81635193
172.3857382	-2.8956
173.0380147	-2.907791988
181.0054726	-3.066288128
182.3923274	-3.087624035
189.6282765	-3.416808012
191.7435892	-3.520440058
198.2480108	-4.2672
201.097902	-4.639056081
206.8677637	-5.690616023
210.4491637	-6.336792279
215.487498	-7.443216023
219.8004255	-8.37895193
224.107251	-9.342119884
229.1547382	-10.42416023
232.7269853	-11.03985637
238.502949	-12.02436023
241.3497892	-12.33830386
247.8572618	-13.07896795
249.9695235	-13.24660772
257.2085235	-13.91716795
258.5892765	-14.0208
266.5628363	-14.76451158
267.2090108	-14.82242433
275.8318147	-15.68196023
275.914098	-15.69110386
284.451549	-16.47443977
285.2684108	-16.53844749
293.0743529	-17.145
294.6196726	-17.24863205
301.6940873	-17.74240772
303.967902	-17.89176023
310.3138402	-18.30019228
313.3221961	-18.47697567
318.9335745	-18.78787181
322.6734765	-18.97989614
327.5533274	-19.22068842
332.0277706	-19.44319228
336.1730804	-19.66569498
341.379051	-19.95525637
344.7958471	-20.15642316
350.7333451	-20.50084865
353.4156	-20.64105637
360.0846255	-20.96719228
362.0353529	-21.0312
369.4389196	-21.21712819
370.6551059	-21.23541544
378.787149	-21.36952819
379.2748216	-21.37562316
387.8945745	-21.50973591
388.1384294	-21.51583088
396.5173784	-21.68956912
397.4927235	-21.71395135
405.1370941	-21.94255135
406.8440039	-21.97912819
413.7568471	-22.16200772
416.198298	-22.23211274
422.3766	-22.41499228
425.5495784	-22.52776912
430.9963529	-22.69540772
434.9038726	-22.79599228
439.6191196	-22.89657684
444.2551529	-22.96667953
448.2388726	-23.01849498
453.6063961	-23.09774363
456.8586255	-23.13736912
462.9576765	-23.22575907
465.4783784	-23.26843088
472.3089196	-23.39949498
474.0980941	-23.44216912
481.663251	-23.67076912
482.7178471	-23.70429498
491.0144941	-24.00604865
491.340651	-24.01824093
499.9604039	-24.20721544
500.3688255	-24.21635907
508.5801196	-24.42362316
509.7201059	-24.46324865
517.1998726	-24.69794363
519.0744	-24.74975907
525.8196255	-24.95397684
528.4226294	-25.02103088
534.4393784	-25.24353591
537.7769235	-25.36545637
543.0621451	-25.59100772
547.1282039	-25.78303088
551.681898	-25.97810502
556.4794471	-26.19146409
560.301651	-26.33776912
565.8337784	-26.55417684
568.9214039	-26.67914363
575.1850216	-26.91384093
577.5441706	-26.99004093
584.5393529	-27.16072819
586.1639235	-27.20644865
593.8905961	-27.46552819
594.7867274	-27.49600772
603.2418765	-27.80385637
603.4064804	-27.80995135
612.0261961	-28.10255907
612.5931196	-28.1178
620.645949	-28.31592047
621.947451	-28.35554363
629.265702	-28.70606409
631.2986941	-28.79750502
637.8854549	-29.08096912
640.6500117	-29.21203088
646.5082588	-29.46501544
650.0043059	-29.66923088
655.1280117	-29.95879228
659.355549	-30.15081544
663.7476902	-30.3276
668.7098432	-30.52876912
672.3674432	-30.6324
678.0611607	-30.7848
680.9871961	-30.85795135
687.4124039	-30.95853591
689.606949	-31.0134
696.7636471	-31.21456912
698.2297529	-31.26638456
706.1179412	-31.49803088
706.8495059	-31.51632047
715.4692588	-31.73272819
723.7902393	-31.68395907
725.0063883	-31.63824093
732.1112941	-31.23285637
734.5466432	-31.0134
740.4354	-30.44037684
744.0838471	-30.12643088
748.7564549	-29.58388726
753.621051	-28.79750502
757.0775098	-28.10255907
763.1613059	-26.95651274
765.3984902	-26.55722316
772.6954588	-24.96616912
773.7195451	-24.73147181
782.043651	-23.03678456
782.2325883	-23.00325637
790.3677568	-21.25370502
791.7728432	-20.92452047
798.6888117	-18.86102433
801.3100471	-18.09597567
807.0097922	-16.21536023
810.847251	-14.69745637
815.3308471	-12.74673591
820.3844549	-10.2108
823.651902	-8.446007721
829.9247098	-5.4102
831.9729568	-4.517135907
833.5365451	-3.907535907
839.4618393	-1.59715193
840.2969883	-1.399032047
848.6180432	-0.2286
848.9990432	-0.185928004
856.939098	-0.009144
858.5362471	0.082296003
865.2601529	0.670560015
868.073451	1.051560015
872.1760471	1.399032047
878.3726549	1.438655936
879.9423451	1.441704006
884.5691883	1.472183977
890.7627451	1.475232047
891.8112393	1.481328041
896.9593529	1.572767953
903.1559607	1.627632047
903.6802078	1.645920029
909.3524941	2.423159942
915.549102	3.864864093
	
