	RS=201.09* 
0	11.86281544
8.698992279	9.997439767
10.14983977	9.67435193
17.39798456	8.23569614
20.29967953	7.952232047
26.10002316	7.629144209
30.44952047	7.580376256
34.79901544	7.574280116
40.59935907	7.54989614
43.50105637	7.528560233
50.75224633	7.534655791
52.20004633	7.559039767
60.89904093	7.69010386
69.60108186	7.961376256
71.04888186	8.052816023
78.30007646	8.244839767
81.20176912	8.177783977
86.99906177	8.327135907
91.34856372	8.293607721
95.70110735	8.138160233
100.6144819	8.055864093
101.4984	8.043671814
104.4000927	8.162544209
111.6512873	8.881871814
113.1021382	8.900160233
121.8011235	8.76604807
126.1597691	6.190487837
127.6075691	5.33704807
133.4140054	2.89255193
134.5752927	2.356104006
139.220451	-2.221991988
145.0268873	-7.54989614
147.3555637	-9.74750386
150.8363745	-10.40892047
156.6428108	-11.66774363
160.1297235	-12.35049614
162.4492471	-13.01496023
168.2587529	-14.49933591
172.903902	-15.78254363
174.0651892	-16.05381544
179.8716255	-17.32178456
185.6780618	-18.48612047
191.487549	-19.81809498
197.2939853	-21.17445637
198.4583235	-21.39695907
203.1004402	-22.15895907
208.9068765	-22.9362
211.232502	-23.27757684
214.7133127	-23.81402316
220.5228	-24.75280772
224.0066618	-25.27401544
226.3292363	-25.57881544
232.1356726	-26.26156912
236.7808402	-26.78277684
237.9451598	-26.83459228
243.7516147	-27.15767953
249.558051	-27.40152047
257.397498	-27.26435907
259.5128108	-27.20035135
265.2339127	-27.03271274
269.4645382	-26.88945637
273.0703274	-26.70352819
279.4162471	-26.32557684
280.9097745	-26.19451274
288.7461892	-25.527
289.3679745	-25.46908726
296.5825853	-24.76804865
299.3227529	-24.50896912
304.422051	-24.06700772
309.2744618	-23.71953591
312.2584471	-23.48484093
319.2261706	-22.92705637
320.0948804	-22.88438456
327.9343274	-22.44547181
329.177898	-22.37232047
335.7737745	-21.85111274
339.1326765	-21.59507953
343.6101706	-21.31771274
349.0844039	-20.95804865
351.4496549	-20.80869498
359.0391451	-20.36064093
359.286051	-20.34235135
367.1224471	-19.90648726
368.9908726	-19.80285637
374.9618941	-19.48281544
378.9426	-19.24812047
382.7983274	-19.09572047
388.8973784	-18.84273591
390.6347235	-18.7452
398.4741706	-18.28190386
398.8491059	-18.25752047
406.3106039	-17.55952819
408.8007961	-17.32483205
414.147	-16.94992819
418.7525235	-16.67865637
421.9864471	-16.49577567
428.707302	-16.12087181
429.8258941	-16.05381544
437.6623274	-15.59966409
438.6590294	-15.55394363
445.5017745	-15.30705637
448.6107196	-15.20647181
453.3381706	-15.00225637
458.5624471	-14.73403205
461.1746039	-14.65173591
468.5172255	-14.39265637
469.014051	-14.36217567
476.8504471	-13.83792047
478.4689529	-13.73123977
484.6868804	-13.26794363
488.4206804	-13.00581544
492.5263274	-12.75587953
498.3754216	-12.46327181
500.3627235	-12.40231158
508.1991196	-12.16456795
508.3302	-12.15847181
516.0386039	-11.96644749
518.2819274	-11.88110386
523.878051	-11.7348
528.2336549	-11.59763977
531.7144471	-11.48486409
538.1853451	-11.30503205
539.5538941	-11.2776
547.3903274	-11.09472047
548.1370726	-11.07643205
555.2267235	-10.88440772
558.091851	-10.82954363
563.0661706	-10.67409614
568.0435784	-10.54607953
570.9026039	-10.50036023
577.9953059	-10.38453591
578.739	-10.37234363
586.5784471	-10.24737567
587.9469961	-10.21994363
594.4148804	-10.17422433
597.9017745	-10.12850386
602.2543274	-10.07973591
607.853502	-10.02182433
610.0937745	-10.00048842
617.8052294	-9.994392279
617.9301706	-9.994392279
625.7666039	-9.948671814
627.7569568	-9.933432047
633.606051	-9.805415442
637.714749	-9.713976256
641.4424471	-9.631680116
647.6664393	-9.476232047
649.2788432	-9.421367953
657.1182902	-9.144
657.6182039	-9.125712163
664.9547607	-8.945880116
667.5698941	-8.900160233
672.7942078	-8.854439767
677.5216588	-8.891016023
680.6306039	-8.92149614
687.4764	-8.955023744
688.467	-8.955023744
696.3064471	-8.897112163
697.4280902	-8.878823744
704.1458941	-8.75995193
707.3798549	-8.68984807
711.9822902	-8.574023744
717.3315451	-8.46124807
719.8218117	-8.406383977
727.2863607	-8.22350386
727.6582078	-8.214360233
735.4946039	-7.915655791
737.238051	-7.8486
743.334051	-7.574280116
747.1897412	-7.251192279
751.1704471	-6.958583977
757.1415059	-6.586728186
759.0068432	-6.455664093
766.8462902	-5.56869614
767.099298	-5.544312163
774.6827607	-4.80669614
777.0509883	-4.660391988
782.5191568	-4.3434
787.0027529	-4.050791988
790.3586039	-3.80390386
796.9544432	-3.532632047
798.198051	-3.477767953
806.0344471	-3.12724807
806.9062078	-3.096767953
813.8738941	-2.88950386
816.860949	-2.74015193
821.7102902	-2.557272105
826.8126393	-2.301240058
829.5467607	-2.164079971
836.7644039	-2.002536052
837.3862078	-1.90195193
845.2226039	-0.655320029
846.7160941	-0.414528004
853.059	3.72770386
856.6709098	6.111239767
860.8984471	6.760464093
866.6226	7.656576256
868.7348432	7.787639767
876.5742902	8.436864093
883.4049059	8.638032047
890.2354471	8.45515193
897.0630117	8.409432047
903.8935529	8.397239767
904.9389961	8.394192279
910.7210432	8.290560233
917.5516588	8.101583977
924.379149	7.891271814
931.2096902	7.857744209
933.303702	7.818119884
938.0372549	7.729728186
942.2983529	7.717535907
944.8677961	7.711439767
948.3485883	7.732776256
951.6984117	7.754112163
958.525902	7.827264093
961.6775607	7.790687837
965.3533922	7.751064093
972.1840078	7.7724
979.014549	8.07415193
985.8420393	8.284464093
990.0421922	8.317992279
992.6726549	8.345423744
999.5001451	8.241792279
1006.330761	8.040623744
1013.158251	7.629144209
1018.406898	7.363967953
1019.988792	7.275576256
1026.816357	7.202423744
1033.646898	7.370064093
1040.477439	7.296912163
1046.780757	7.223760233
1047.305004	7.217664093
1054.132494	7.30910386
1060.966161	7.443216023
1067.793651	7.793735907
1074.621141	7.607807721
1075.145388	7.598664093
1081.451757	7.491983977
1088.282298	7.427976256
1095.109788	7.357871814
1101.937353	7.284719884
1103.510094	7.226807721
1108.767894	7.059167953
1115.59851	6.922007721
1122.426	6.955535907
1129.256541	7.037832047
1131.883953	7.0866
1136.084106	7.174992279
1142.914647	7.296912163
1149.745188	7.39749614
1156.572753	7.38835193
1160.248659	7.427976256
1163.400243	7.482839767
1170.230859	7.961376256
1177.0614	8.122919884
1183.88889	7.7724
1188.61329	7.732776256
1190.719506	7.741919884
1197.550047	7.92784807
1204.377612	7.93089614
1211.205102	8.183880116
1216.987149	8.68375193
1218.035643	8.75995193
1224.866259	9.083039767
1231.693749	9.433560233
1238.52429	10.01877567
1245.351855	11.48486409
	
