166.52	RS=166.52  
0	10.13155251
9.119616023	10.39977567
18.23618456	8.00404807
27.3558	6.425183977
36.47541544	6.138671814
45.59198456	6.224016023
54.7116	6.431280116
63.83121544	6.760464093
72.94778456	7.09269614
82.0674	7.281671814
91.18702009	7.437119884
100.3035799	7.53770386
109.4232	7.555992279
118.5428201	7.437119884
127.6624309	7.293864093
136.779	7.38835193
145.8986201	7.488935907
155.0182309	7.491983977
164.1348	7.403592279
173.2544108	7.46150386
182.3740402	7.504176256
191.4906	7.248144209
200.6102108	7.150607721
209.7298402	6.967728186
218.8464	6.745223744
227.9660108	6.516623744
237.0856402	6.48309614
245.513349	6.364223744
246.2022	6.355080116
255.3218108	6.2484
264.4414402	6.39775193
273.561051	6.477
282.6776108	6.620255791
291.7972402	6.979919884
300.916851	7.47369614
310.0334108	7.522464093
319.1530216	6.39470386
328.272651	5.266944209
337.3892294	3.877056081
346.5088216	3.063240058
355.628451	1.786128041
364.7450294	0.673608012
373.8646216	0.231647997
382.984251	0.012192
392.1038804	-0.530352003
401.2204216	-1.024127968
410.340051	-1.286255936
419.4596804	-1.530095994
428.5762216	-2.023871959
437.695851	-2.886456081
446.8154804	-3.919727895
455.9320216	-4.885944209
465.051651	-5.922264093
474.1712804	-6.982967953
483.2878216	-7.577328186
492.407451	-7.802880116
501.5270804	-7.958328186
510.6466726	-8.135112163
519.763251	-8.336280116
528.8828804	-8.583167953
538.0024726	-9.000744209
547.119051	-9.649967953
556.2386804	-10.18641544
565.3582726	-11.51534363
574.474851	-12.70101544
583.5944804	-13.31366409
592.7140726	-13.83487181
601.830651	-14.55115251
610.9502804	-15.27352819
620.0698726	-15.96847181
629.189502	-16.52320772
638.3060432	-17.44370386
647.4257098	-18.39772819
656.545302	-19.11705637
665.6618432	-19.52244093
674.7815098	-19.94915907
683.901102	-20.33930502
693.0176432	-20.71115907
702.1373098	-20.93975907
711.256902	-21.18969498
720.3764941	-21.51278456
729.4931098	-21.91207181
738.612702	-22.71369498
747.7322941	-23.59152047
756.8489098	-24.17368726
765.968502	-24.72537684
775.0880941	-25.46604093
784.2047098	-26.23718456
793.324302	-26.96870502
802.4438941	-27.59659228
811.5635607	-28.26105637
820.680102	-28.91332819
829.7996941	-29.55340772
838.9193607	-30.27273591
848.035902	-31.13836912
857.1554941	-32.0802
866.2751607	-32.66541544
875.3947529	-33.43046409
884.5112941	-33.99739228
893.6309607	-33.66820772
902.7505529	-32.73247181
911.8670941	-31.70224865
920.9867607	-30.97987181
930.1063529	-28.59938456
939.2259451	-25.60624865
948.3425607	-22.38451274
957.4621529	-19.61997684
966.5817451	-17.91309614
975.6983607	-16.34032819
984.8179529	-13.95374363
993.9375451	-12.26515251
1003.054161	-10.54303205
1012.173753	-7.638287837
1021.293345	-3.73684807
1030.413012	-0.5334
1039.529553	1.338071959
1048.649145	3.300983977
1057.768812	4.87070386
1066.885353	6.065519884
1076.004945	6.672071814
1085.124612	7.001255791
1094.241153	6.918960233
1103.360745	6.733032047
1109.42631	6.815328186
1112.480412	6.858
1121.600004	6.687312163
1130.716545	6.1722
1139.836212	5.71804807
1148.955804	5.422392279
1158.072345	5.474207721
1167.192012	5.775960233
1176.311604	6.24230386
1185.431196	7.61695193
1194.547812	9.634728186
	
