	RS=31903.4*
0	0.786383977
7.144512163	0.758952003
11.52753591	0.74066402
14.28597567	0.734568026
21.42744093	0.710183977
23.05202316	0.704087983
28.56890502	0.6858
34.58260772	0.667512017
35.71341544	0.66446402
42.85488186	0.649224035
46.1070973	0.643127968
49.99938995	0.637031974
57.14085637	0.621791988
57.63463088	0.621791988
64.28536912	0.612647997
69.15911814	0.603504006
71.42683088	0.600456009
78.56829265	0.585215987
80.68665637	0.576071996
85.70976372	0.512063984
88.21522009	0.445008012
92.2141946	0.338328004
92.85427646	0.310895994
102.6901691	-0.414528004
103.8331691	-0.725424035
108.0637946	-1.90804807
114.3518201	-2.090928041
115.4612873	-2.124455936
120.6367946	-2.258567953
127.0863637	-2.432304006
135.1666054	-2.67309614
135.7243946	-2.685288128
136.852149	-2.734056081
141.424149	-2.758440058
156.0332201	-3.212591988
162.1444471	-3.297935907
170.2521382	-3.520440058
171.3524618	-3.541775965
176.8449637	-3.721608012
182.9470471	-3.8862
197.7268147	-4.309872105
203.6246873	-4.389119884
204.7494	-4.41655193
205.8527745	-4.42569614
218.5294147	-5.09930386
224.4486255	-5.33704807
239.341149	-6.288023744
239.6672873	-6.312407721
240.3988147	-6.355080116
245.2329382	-6.77570386
260.1468	-7.522464093
266.0385892	-7.24509614
274.6248	-7.99795193
274.9509382	-8.040623744
280.9676873	-8.354567953
286.8168	-8.485632047
301.7733382	-9.2202
307.6346363	-9.460992279
309.149502	-9.53109614
309.451251	-9.537192279
322.5637529	-10.25956795
328.4372549	-10.60703977
343.4059784	-11.32332047
343.732098	-11.33551158
343.963749	-11.34465637
344.1954	-11.3538
349.2093451	-11.64336023
364.1475961	-12.33525637
370.0911961	-12.60652819
378.3969961	-13.06067953
385.0263961	-13.39291158
390.7993274	-13.67027953
405.838149	-14.42313591
411.5897235	-14.70964749
412.5468	-14.75536795
412.9430549	-14.77670386
426.649902	-15.44116795
432.3862216	-15.72767953
447.0928216	-16.52625637
447.449451	-16.53844749
458.727051	-16.28851158
475.8964216	-15.84045637
476.3749784	-15.83436023
488.1981451	-15.60271158
499.564149	-15.30400772
504.7731706	-15.09674363
505.3248765	-15.07845637
528.9529784	-14.48714363
533.4518294	-14.33779228
540.258	-14.14272047
561.9231706	-13.70990386
562.1731274	-13.70685637
562.4169451	-13.69771158
569.6163196	-13.59103205
581.1530294	-13.6398
590.8548	-13.68552047
591.089502	-13.67637567
592.8725745	-13.50873591
619.5273196	-11.01547181
622.1638471	-10.81735251
647.9712393	-9.022080116
648.2120432	-9.000744209
648.4528471	-8.98855193
650.979651	-8.83310386
670.7672432	-7.607807721
676.887651	-7.214616023
677.1619412	-7.15670386
684.4679883	-5.800344209
698.1718588	-3.2766
705.4840078	-1.935479971
711.8726039	-1.807463948
725.5764	-1.536191988
733.3243922	-1.383791988
734.1656432	-1.3716
735.1409883	-1.365504006
739.2771451	-1.29844807
751.3564078	-1.100327968
752.9809412	-1.021079971
761.0216039	-0.618743991
766.6817607	-0.271271996
770.6868	-0.018288
772.6496941	0.070104001
778.9408078	0.341376001
780.672051	0.417576001
790.0842393	0.579119993
790.7457059	0.591312017
800.8193607	0.658368026
801.2307961	0.661416023
810.8868393	0.6858
812.371251	0.691895994
820.9604941	0.716279971
823.5178078	0.722375965
831.0280471	0.74066402
834.6612393	0.749808012
841.101702	0.765047997
845.8077961	0.777239985
851.1723059	0.789431974
856.951302	0.801624035
861.2429098	0.810768026
868.0948078	0.822960015
871.3164902	0.829056009
879.2382393	0.844295994
881.3870941	0.847343991
890.3847961	0.862583977
891.457698	0.865631974
901.528302	0.880872032
	
