	RS=143.27* 
0	7.955280116
6.2484	9.003792279
12.49984749	8.08329614
18.74824749	6.592823744
20.16861544	6.416039767
24.99664865	5.903976256
31.24504865	5.78815193
37.49649498	5.419344209
40.33418456	5.462016023
43.7448973	5.56564807
50.8254	5.455919884
57.90895367	5.120639767
60.5028	5.059680116
64.98641005	4.989576256
72.06691274	4.907280116
79.15046177	4.922519884
80.66836912	4.916423744
86.22791814	4.837175965
93.31147646	4.739640058
100.3919745	4.666488128
100.8369799	4.660391988
107.4694309	4.57809614
114.5529799	4.49884807
120.9964564	4.50189614
121.6334873	4.504943919
128.7109436	4.526280116
135.7944927	4.56590386
141.1650765	4.669535907
142.875	4.696967953
149.9555073	4.965192279
157.0360147	5.321807721
161.3336873	5.553455791
164.1165127	5.696712163
171.1970108	6.208776256
178.2775274	6.69950386
181.4992471	6.949439767
185.3580255	7.24509614
192.4385235	6.86409614
195.3859529	6.897623744
199.5190402	6.943344209
201.6678765	6.979919884
206.5995382	7.046976256
213.6800363	6.946392279
220.7605529	6.748271814
221.138502	6.745223744
221.8334363	6.739128186
227.844102	6.63244807
234.921549	6.388607721
242.0020471	5.928360233
250.6644765	4.858511872
251.2618726	4.776216023
259.3268873	3.916680116
260.5186471	3.779519884
267.989298	-2.313432047
269.7754402	-3.861816023
276.6517274	-6.894576256
279.0352471	-8.010144209
285.3110873	-10.36929614
288.2920402	-11.5062
293.973498	-13.50568842
297.5518471	-14.74622433
302.6359274	-15.88617567
306.8086402	-16.88592047
311.2983382	-17.92833591
316.0653961	-18.96465637
319.960749	-19.69312819
325.3252216	-20.56180772
328.6231784	-21.10435135
334.5819961	-21.83587181
337.2855706	-22.1742
343.8357196	-22.78075135
345.948	-22.90572047
353.0955451	-23.27757684
354.6104294	-23.3172
361.8189196	-23.42083088
363.2728216	-23.43607181
370.5392804	-23.56104093
371.935251	-23.58847181
379.2626549	-23.67991274
380.5976804	-23.70429498
388.1719529	-23.7744
389.2570216	-23.78659228
397.084302	-23.86888726
397.919451	-23.89022316
405.9936	-24.13101544
406.5818804	-24.1554
414.902898	-24.52725637
415.2442726	-24.53944865
423.8121961	-24.90215907
423.906702	-24.90520772
431.6486294	-25.2222
432.5690941	-25.26487181
439.4880765	-25.61844093
441.2315235	-25.71292819
447.3244726	-26.04820772
449.8939529	-26.19451274
455.1609059	-26.46883088
458.5563451	-26.7462
463.9665451	-27.18206409
467.2187745	-27.44419228
472.7691706	-27.93187181
475.8812039	-28.41955135
481.5748471	-29.38272047
484.5435961	-29.70275907
490.3835745	-30.34893591
493.2029745	-30.57144093
499.1862	-31.10484093
501.8654039	-31.35782316
508.0467196	-31.83026409
510.5277961	-31.95827953
516.9072765	-32.22040772
519.1902255	-32.27222316
525.7708471	-32.385
527.8526549	-32.40024093
534.6283529	-32.49472819
536.5150471	-32.52215907
543.4919235	-32.54349498
545.1774765	-32.54959228
551.8830765	-32.49472819
553.8399059	-32.47339228
560.2711784	-32.39414363
562.502298	-32.36975907
568.6622941	-32.29965637
571.1647274	-32.28136912
577.0503961	-32.22650502
579.8271196	-32.22040772
585.441549	-32.21126409
588.489549	-32.22650502
593.829651	-32.27527181
597.1519784	-32.31794363
602.1994471	-32.39719228
605.8113196	-32.45205637
610.5662294	-32.5374
614.473749	-32.65627181
618.9299235	-32.81781544
623.1361784	-32.95802316
627.2997568	-33.12566409
631.7986078	-33.32987953
635.663451	-33.48532819
640.461	-33.65601544
644.0301961	-33.77184093
649.1233922	-33.92728726
652.0982432	-34.02482316
657.7858588	-34.28085637
660.1662902	-34.41192047
666.448251	-34.76244093
668.2313607	-34.85692819
675.1106432	-35.17392047
676.2994078	-35.21964093
683.7731098	-35.44824093
684.3674549	-35.46347953
692.435502	-35.54882316
700.1743412	-35.41471274
701.0583059	-35.39032819
707.9132549	-35.08247953
710.7813961	-34.91788726
715.6520941	-34.61308726
720.5076117	-34.27171274
723.3879568	-34.04006409
730.227651	-33.48227953
731.1298471	-33.40607953
738.8687607	-32.73247181
739.9537922	-32.63798456
746.6076	-32.11372819
749.6769568	-31.83940772
754.3464393	-31.49803088
759.403098	-31.15665637
762.0853529	-30.91586409
769.1261883	-30.49524093
769.8241922	-30.42818456
777.5631059	-29.25165637
778.8493529	-29.07487181
785.3019451	-28.12389498
788.5754941	-27.60573591
793.0408588	-26.95651274
798.2986588	-26.08478456
800.779698	-25.63672819
808.0248	-24.09444093
808.5186117	-23.96642316
816.1172549	-21.92121544
816.257451	-21.87854363
823.9962902	-19.92782316
824.2127607	-19.87905637
831.7352039	-18.24532819
832.3081922	-18.12036023
839.4740432	-17.05051158
840.4006471	-16.87982433
847.2129568	-16.37385637
848.4961529	-16.20926409
854.9517961	-14.94739228
857.7620432	-14.54505637
862.6907098	-13.74952819
867.0249568	-13.06067953
870.429549	-12.47851158
876.2908471	-11.49096023
878.1683883	-11.12824749
885.5537607	-9.75055193
885.907302	-9.692639767
893.6461412	-8.439912163
894.819651	-8.247887837
901.3850549	-7.178039767
904.0824902	-6.693407721
909.1238941	-5.742432047
913.3484549	-4.995671814
916.8658588	-4.33730386
922.6112941	-3.413759942
924.604698	-3.081527895
932.1028078	-1.90195193
932.3405607	-1.871471959
940.0794	-0.829056009
941.5942471	-0.652272032
947.8182393	-0.192023999
951.0888117	0.036575999
955.5571529	0.350519993
960.583302	0.694943991
963.2959922	1.030224035
970.0777922	1.844040058
971.0349059	1.953767953
976.9327412	2.636519884
978.7737451	2.727959942
983.7876902	2.9718
986.5126588	3.023616023
990.6395883	3.105911872
994.251498	3.133343919
1000.271298	2.959608012
1001.993388	2.90169614
1009.732302	2.90169614
1009.903008	2.904743919
1017.471141	2.990088128
1017.977157	2.999232047
1019.534643	3.026664093
1025.210055	3.12115193
1029.166353	3.227832047
1030.778757	3.453383977
1032.948894	3.758183977
1038.795012	4.556759942
1040.687808	4.754880116
1048.426647	5.571744209
1052.422608	5.846064093
1056.415443	5.94969614
1060.411404	6.077712163
1064.40729	6.187439767
1068.4002	6.284976256
1072.396161	6.352032047
1072.761906	6.361176256
1076.392047	6.364223744
1080.388008	6.364223744
1084.380843	6.449567953
1088.376804	6.440423744
1092.37269	6.40384807
1096.368651	6.510528186
1097.100141	6.528816023
1100.361561	6.586728186
1104.357447	6.601967953
1108.353408	6.650735907
1112.349294	6.690360233
1116.342204	6.693407721
1120.33809	6.78484807
1121.426247	6.763512163
1124.331	6.63244807
1128.326961	6.537960233
1132.322847	6.437376256
1136.318808	6.333744209
1140.311643	6.205728186
1144.307604	6.153912163
1145.761506	6.10209614
1148.30349	6.004560233
1152.299451	5.745480116
1156.292361	5.516880116
1160.288247	5.40410386
1164.284208	5.56869614
1168.280094	5.55955193
1170.099741	5.538216023
1172.273004	5.547360233
1176.26889	5.544312163
1180.264851	5.522976256
1184.260812	5.379719884
1188.253647	5.300471814
1192.249608	5.199887837
1194.435	5.126735907
1196.245494	5.117592279
1200.238404	5.068823744
1204.23429	5.09930386
1208.230251	5.074919884
1212.226212	4.852416023
1216.219047	4.65429614
1218.761106	4.700016023
1243.099341	5.334
1244.187498	5.33704807
1248.180408	5.681471814
1252.176294	6.156960233
1256.17218	6.437376256
1260.168216	6.54710386
1264.160977	6.586728186
1267.4346	6.571487837
1268.157012	6.565392279
1272.152898	6.47395193
1276.148784	6.422135907
1280.141694	6.412992279
1284.13758	6.419087837
1288.133616	6.431280116
1291.769784	6.303264093
1292.129502	6.288023744
1296.122412	6.059423744
1300.118298	5.903976256
1304.111208	5.879592279
1308.107094	5.86435193
1312.10298	5.891783977
1316.099016	5.94664807
	
