	RS=93.547* 
0	5.221223744
7.6962	4.526280116
14.28902433	3.700272105
15.3924	3.563111872
23.08555135	2.959608012
28.58414363	2.648711872
30.77870502	2.523743919
38.47490502	2.420112017
42.87316912	2.410967953
43.18711274	2.410967953
46.1711027	2.389632047
57.16218995	2.371344064
71.45426177	2.109216023
80.25993823	1.807463948
85.74633823	1.621536052
100.0384054	1.225295994
108.048549	-9.869424326
112.4955799	-11.96949614
116.0586927	-14.27378456
124.0688363	-16.06600772
124.9588564	-16.26717567
132.0789799	-18.45868842
137.4190819	-20.26310502
140.0891235	-20.30577684
148.0962255	-20.61667181
149.8762564	-20.54656912
156.1063598	-20.37587953
162.3395235	-20.11984865
164.1195637	-20.13813591
172.129698	-20.84222316
174.796698	-21.11349498
180.139851	-21.80234363
187.2569235	-22.10714363
188.1499853	-22.12543088
196.1601382	-22.79599228
199.714098	-22.91181544
204.1672402	-22.95144093
212.1773745	-23.12212819
220.1875274	-23.20747181
224.6376	-23.38730502
228.2007127	-23.52751274
236.2108471	-24.02433591
237.0947745	-24.24684093
244.221	-26.05430502
249.558051	-27.47772047
252.2311529	-28.24886409
260.2382363	-29.54731274
262.0182765	-29.75152819
268.2483892	-30.58058456
274.475451	-31.12007953
276.2585235	-31.22980772
284.2686765	-31.61690502
286.9387274	-31.80283088
292.2788108	-32.16859228
299.3989529	-32.9184
300.2920147	-33.01288726
308.302149	-33.67430502
311.8561274	-33.91509498
316.312302	-34.11626409
324.3194039	-34.32047953
333.1372471	-34.08273591
334.0029059	-34.05225637
341.9520765	-33.73831274
343.6894216	-33.64687181
350.7699196	-33.26892047
353.3729235	-33.11956912
359.5878	-32.69589498
363.0625274	-32.53435135
368.4026294	-32.29660772
372.7460294	-31.98875907
377.2204726	-31.69005637
382.4294941	-31.34867953
386.0383529	-31.13836912
392.119098	-30.84880772
394.8531451	-30.70555135
401.8026	-30.48609498
403.6679745	-30.42818456
411.4891529	-30.01060772
412.4858549	-29.95574363
421.1757059	-29.51987953
421.303698	-29.51378456
430.1185274	-29.12668726
430.8591706	-29.10230502
438.9363706	-28.92247181
440.5457235	-28.85541544
447.754251	-28.53232819
450.2322765	-28.43174363
456.5690804	-28.18485637
459.9188294	-28.03245637
465.3838726	-27.75204093
469.6022941	-27.45333591
474.2017529	-27.03880772
479.2857961	-26.47797684
483.0195961	-26.11221544
488.9754	-25.61234363
491.8344255	-25.38679228
498.658902	-24.98750502
500.6523059	-24.88387181
508.3424039	-24.51201544
509.470149	-24.45105637
518.0319706	-23.94508726
518.2849784	-23.92984865
527.1028216	-23.38120772
527.7154726	-23.35377684
535.917651	-23.03678456
537.4020255	-22.96972819
544.7324804	-22.65273591
547.0885784	-22.50033591
553.5503235	-22.10104865
556.7720804	-21.94864865
562.3682039	-21.67127953
566.4585961	-21.48230502
571.1829961	-21.2598
576.145149	-20.98547953
580.0008765	-20.77516912
585.831702	-20.56790502
588.8187196	-20.47951274
595.5152039	-20.22652819
597.6366	-20.15337684
605.2047706	-19.70532047
606.4514294	-19.62912047
614.8882726	-19.28469614
615.2662216	-19.26945637
624.084102	-19.00427953
624.5718117	-18.98903977
632.8988941	-18.70862433
634.2613412	-18.66595251
641.7168117	-18.44649614
643.9448432	-18.39467953
650.5346549	-18.21789614
653.6283451	-18.13864749
659.3494471	-17.99539228
663.314898	-17.89480772
668.1672902	-17.78812819
673.001451	-17.66925637
676.9852078	-17.56867181
682.6880039	-17.38883977
685.803051	-17.28520772
692.3715059	-17.06575251
694.6147922	-16.98955251
702.0580588	-16.77314363
703.4327098	-16.73352047
711.7446117	-16.50187181
712.2505529	-16.48358456
721.0653451	-16.22145637
721.4280393	-16.20926409
729.8831883	-15.86179228
731.1176432	-15.82521544
738.7011059	-15.59966409
740.8011451	-15.52651158
747.515898	-15.28267181
750.4846471	-15.09064749
756.3337412	-14.69136023
760.174251	-14.478
765.1516588	-14.20063205
769.8577529	-13.95983977
773.9634	-13.73123977
779.5443059	-13.41424749
782.7812432	-13.17650386
789.2308588	-12.71930386
791.5991607	-12.54252047
798.9143607	-11.38427953
800.4170039	-11.17092047
803.751498	-10.04011158
808.6008393	-8.397239767
809.2317961	-8.183880116
816.0836941	-5.830823744
818.0496393	-5.154167953
818.2873922	-5.10844807
826.8675568	-2.298191988
826.9833451	-2.264663948
835.682349	2.346959942
844.4606039	3.029711872
853.2388588	3.27355193
862.0200902	3.66369614
870.7983451	4.547616023
879.579651	5.145023744
	
