	RS=215.98* 
0	12.87475251
8.275319884	11.06728842
11.28674363	10.49426409
16.55063977	9.470135907
22.57044093	8.650223744
24.82595907	8.430767953
33.10432819	8.22655193
33.85718456	8.217407721
41.37964633	8.281416023
45.14088186	8.253983977
56.42457451	8.22655193
57.93028726	8.208264093
66.20865637	8.058912163
67.71131814	8.016239767
74.48092819	7.84250386
78.99806177	7.763255791
82.75625098	7.723632047
90.2848054	7.909560233
91.03462009	7.949183977
101.5685073	8.641080116
112.855251	9.281160233
115.8605745	9.21410386
124.1389436	7.61695193
132.667251	3.42595193
133.5176363	3.026664093
141.1986	2.124455936
142.9024309	1.886712017
152.2872255	0.649224035
161.6689598	-0.938783977
171.0537637	-2.919983977
175.3209637	-3.605783977
189.820302	-5.971032047
192.3806108	-6.449567953
199.2020363	-7.498080116
200.9119598	-7.793735907
209.4433274	-9.305544209
217.9716255	-11.16482433
226.5029745	-13.14297567
227.3533598	-13.35023977
235.0343235	-14.859
236.7351127	-15.20037567
243.5626402	-16.43481544
246.119898	-16.85848842
252.0909382	-18.06244749
255.501651	-18.5928
264.8864363	-19.82419228
269.1536363	-20.34844865
274.2712402	-20.99767181
283.6560255	-22.31745637
286.2163529	-22.69235907
293.0347274	-23.62504865
294.7416	-23.75306409
302.4195127	-24.24379228
303.272949	-24.28036912
311.804298	-24.44191274
321.9968294	-24.12796912
329.0316	-23.85364865
332.1862726	-23.74392047
337.645251	-23.52446409
342.3788039	-23.31110502
346.255851	-23.15565637
352.571298	-22.77160772
354.8725529	-22.62530502
363.4862039	-22.15895907
372.0998549	-21.51583088
372.9502216	-21.44877684
380.7135059	-20.75992819
389.3271196	-20.14423088
393.3321961	-19.90648726
397.9438216	-19.56815907
403.5247274	-19.19630386
406.5544216	-19.03780772
413.7141706	-18.55927181
415.1680726	-18.48002433
432.3953745	-17.37664749
434.0961451	-17.28520772
441.0090255	-16.69694363
444.2856255	-16.39214363
449.6257274	-15.93799228
454.4781196	-15.54784749
458.2363274	-15.33143977
464.670651	-15.06016795
466.8499784	-14.94434363
474.8600941	-14.63344749
475.4666804	-14.61516023
492.6939451	-14.22806409
495.2390549	-14.12443205
501.3075961	-13.85316023
505.431549	-13.60322433
509.9212471	-13.35023977
515.6240804	-12.98447953
525.8135235	-12.37792819
527.148549	-12.30477567
535.7622	-11.89024749
544.375851	-11.56411158
546.195498	-11.5062
556.3849784	-11.11300772
561.6031529	-10.85697567
566.5774726	-10.52779228
576.7700039	-9.805415442
578.8304549	-9.68044807
586.9594471	-9.201912163
596.0577196	-8.729471814
597.1519784	-8.668512163
604.6713706	-8.272271814
613.2880726	-7.882128186
617.530902	-7.717535907
621.8986726	-7.513319884
627.7233961	-7.330439767
630.5123607	-7.239
639.1289883	-6.986016023
647.7395883	-6.659880116
656.3532393	-6.224016023
658.297902	-6.132576256
668.4842941	-5.705855791
673.5805412	-5.468112163
688.8693568	-4.79755193
690.8108941	-4.736591988
708.0381961	-4.355591988
709.2512941	-4.309872105
716.6518471	-3.950208012
719.4437883	-3.770375965
725.2624471	-3.3528
729.6302549	-3.172967953
733.879149	-3.032759942
739.822749	-2.904743919
742.4928	-2.874264093
750.0121922	-2.66090386
751.1034	-2.618232047
759.720102	-2.008632047
760.2047607	-1.97815193
768.3337529	-1.563624035
770.3972549	-1.481328041
776.9474039	-1.243583977
780.586698	-1.149095994
785.5610549	-0.993647997
790.7761412	-0.877824035
794.1747059	-0.777239985
800.9687098	-0.649224035
802.7883568	-0.597408012
811.1581529	-0.176783995
811.4020078	-0.167640004
820.0156588	0.240792007
821.3506471	0.277368008
828.6293098	0.445008012
841.7326588	0.536447997
845.8566117	0.606552003
851.922102	0.777239985
854.4701883	0.85953598
863.0838393	1.453895994
871.6974902	2.73710386
872.3040393	2.8194
880.3111412	3.855719884
888.9247922	4.773167953
892.686051	4.977383977
897.5414941	5.269992279
902.8754941	5.227319884
913.0679883	5.087112163
914.7657451	5.068823744
923.3824471	5.11149614
931.9930471	5.41629614
933.45	5.443728186
940.606698	5.660135907
943.6424941	5.724144209
957.834	5.78815193
964.0214549	5.687567953
966.447651	5.669280116
974.210898	5.815583977
975.0643529	5.858255791
983.6749529	6.522719884
992.2916549	7.406639767
994.5959607	7.5438
1000.902255	7.955280116
1004.785404	7.885176256
1009.515906	7.644383977
1014.974847	7.424928186
1018.132608	7.269480116
1025.167341	7.452360233
1026.743208	7.54684807
1035.356859	8.53135193
1043.272506	9.076944209
1045.162251	9.177528186
1051.185102	9.241535907
1054.961541	9.265919884
1067.010294	9.232392279
1074.92289	9.189719884
1084.399149	9.06475193
1090.748157	8.951976256
1094.210643	8.930639767
1098.663804	8.84224807
1104.025188	8.76604807
1106.573349	8.708135907
1113.833706	8.516112163
1122.401592	8.025383977
1130.314188	7.595616023
1133.462796	7.409687837
1138.226859	7.132319884
1143.271239	6.891528186
1146.136404	6.876287837
1153.085859	6.998207721
1161.964647	7.424928186
1162.897353	7.46150386
1169.877243	7.839455791
1172.708847	7.952232047
1177.789839	7.979664093
1182.520341	7.818119884
1185.705561	7.720583977
1192.334961	7.61695193
1193.615106	7.62609614
1201.603902	7.821167953
1202.143404	7.833360233
1211.957949	7.915655791
1217.578443	7.9248
1221.772494	7.964423744
1231.581012	8.266176256
1233.55611	8.339328186
1241.395557	8.619744209
1241.541855	8.625839767
1249.5276	8.98550386
1251.206977	9.0678
1257.516396	9.506712163
1261.01862	9.732264093
1270.830114	10.06449614
1273.491012	10.28090386
1280.644584	10.93012819
1281.479808	10.98499228
1289.468604	11.45133591
1290.456079	11.50010386
1300.267721	11.66164749
1305.440094	11.70432047
1310.082192	11.76223205
1319.89071	11.79576023
1321.417686	11.7348
1329.70518	11.41780772
1337.392302	11.02156795
1339.516823	10.8966
1349.328318	10.46683205
1359.142788	10.08278456
1361.355714	10.03401544
1369.341384	9.784079535
1378.765777	9.540239767
1385.318977	9.320783977
1388.57742	9.22324807
1393.304796	9.034271814
1398.39189	8.799576256
1401.290616	8.747760233
1408.200408	8.638032047
1417.268208	8.522207721
1418.014879	8.519160233
1425.253879	8.522207721
1433.242823	8.482583977
1437.640992	8.479535907
1441.23162	8.46429614
1447.452486	8.4582
1457.20311	8.488680116
1457.26398	8.488680116
1476.887118	8.37590386
1481.169498	8.406383977
1486.701588	8.476487837
1497.140988	8.491728186
1505.129784	8.53135193
1513.11858	8.46429614
1516.139196	8.45515193
1529.093196	8.500871814
1535.762184	8.543544209
	
