	RS=133.47* 
0	4.315967953
5.928360233	5.367528186
10.57656023	6.220967953
11.85672047	6.419087837
17.78507953	7.351776256
21.14702316	7.656576256
23.71344093	7.891271814
29.63875135	8.107680116
31.72053591	8.186928186
35.56711274	7.604760233
41.49547181	6.897623744
42.29404633	6.818376256
47.42383088	5.903976256
52.86755907	4.94995193
53.35218995	4.913376256
59.28055367	4.42264807
63.44107181	4.087367953
65.20891274	4.03555193
71.13727181	3.941064093
74.01458456	3.922775965
77.06563088	3.950208012
82.9939946	3.895343919
84.58809265	3.870959942
88.91930735	4.233672105
94.84766177	4.739640058
95.1616054	4.767072105
100.7760255	4.462272105
105.7320765	4.206240058
106.7043799	4.209288128
112.6327436	4.306824035
116.3086309	4.364735907
118.5611073	4.629911872
124.4864201	5.236464093
126.8790927	5.465064093
130.4147745	6.10209614
136.3431382	7.217664093
137.4556564	7.440167953
142.2714927	7.812023744
148.0261181	8.14730386
148.1998564	8.113776256
154.1282201	7.0866
158.6026726	6.284976256
160.0565745	6.2484
165.9818873	6.120383977
169.1731529	6.01675193
171.910251	5.94055193
177.8386147	5.687567953
179.749698	5.5626
181.1060618	5.199887837
184.6478363	4.209288128
189.3996765	2.846832047
192.5391127	2.67004807
198.9185745	2.52069614
200.4273382	2.52069614
208.3155637	2.58470386
208.4344402	2.58470386
216.2037892	2.59384807
217.9533382	2.59689614
224.0950471	2.59689614
227.4722363	2.59689614
231.9832726	2.58775193
236.9911529	2.575559942
239.874549	2.566416023
246.507	2.523743919
247.7627745	2.5146
255.654051	2.43535193
256.025898	2.432304006
263.5422765	2.1336
265.5417637	2.014728041
271.4335529	1.648967953
275.0606618	1.466087983
279.3217598	1.347216023
284.5765274	0.972312017
287.2099853	0.292607993
294.0954255	-1.432559942
295.1012618	-1.691640058
302.9894873	-3.706367953
303.6112726	-3.88315193
310.8807637	-5.882639767
313.1301706	-6.431280116
318.7689706	-7.531607721
322.6491059	-8.269223744
326.6602471	-9.116567953
332.1680039	-10.44244749
334.5484726	-10.89355251
341.683851	-12.14932819
342.439749	-12.28953591
350.3279745	-13.64589614
351.202749	-13.78610386
358.2162	-15.10893591
360.7185961	-15.61490386
366.1044255	-16.82191158
370.2374941	-17.69668842
373.995702	-18.83054363
379.7533784	-20.45817684
381.8839274	-20.79345637
389.2722765	-21.95169498
389.7752039	-21.97607953
397.6634294	-22.49728726
398.7911745	-22.5552
405.5547059	-22.81427953
408.3070216	-22.93924865
413.4428941	-23.10993591
417.8289706	-23.25014363
421.3341706	-23.35377684
427.3448549	-23.57323088
429.2223961	-23.63724093
436.8637529	-23.83840772
437.1106216	-23.84755135
445.001898	-24.08529498
446.3796	-24.11882316
452.8901235	-24.35352047
455.898498	-24.46629498
460.7814	-24.68270502
465.4143451	-24.86558456
468.6696255	-24.95397684
474.9332804	-25.11247181
476.560902	-25.13075907
484.4491274	-25.21610502
492.7305196	-25.17343088
493.8338941	-25.17038456
501.008898	-25.13685637
503.218698	-25.12161544
509.2872765	-25.10027953
512.603502	-25.06675135
517.5687059	-24.95092819
521.9852549	-24.85339228
525.850098	-24.73452047
531.3730726	-24.52725637
534.1284765	-24.44191274
540.7548255	-24.26817684
550.1396294	-24.05786409
550.691298	-24.04262316
558.9696765	-23.8506
559.5213451	-23.83840772
567.2511059	-23.67686409
568.9092	-23.62809498
575.5294471	-23.48484093
578.2909529	-23.42083088
583.8078255	-23.37206409
587.6757196	-23.3172
592.0892549	-23.22575907
597.0574726	-23.10688726
600.3706471	-22.96667953
606.4453274	-22.77160772
608.6520765	-22.68321544
615.8270804	-22.39365637
616.9304549	-22.31745637
625.2118471	-21.74443088
633.4932393	-21.10130502
634.596651	-21.01291274
641.7716549	-20.41550502
643.9814549	-20.22043088
650.0530471	-19.75713591
653.3632078	-19.49805637
658.3313883	-19.23287953
662.7480117	-19.02256795
666.6098039	-18.85797567
672.1327412	-18.64766409
674.8911961	-18.52574363
681.5175451	-18.16912819
683.1725883	-18.0594
690.899298	-17.66316023
691.4510039	-17.63267953
699.7323961	-17.05356023
700.284102	-17.01088842
708.0137883	-16.40128842
709.6689059	-16.27327181
716.2922039	-15.82826409
719.0537098	-15.62709614
724.5735961	-15.20342433
728.4353883	-14.95348842
732.8520117	-14.69136023
737.8232432	-14.39265637
741.1334039	-14.18843977
747.2049961	-13.82877567
749.4117451	-13.70685637
756.5898	-13.30756795
757.6932117	-13.24660772
765.9715529	-12.78331158
774.2529451	-12.42974363
775.3594078	-12.38097567
782.5344117	-12.03045637
784.7411607	-11.92987181
790.8158039	-11.68907953
794.1258902	-11.55192047
799.0941451	-11.31112819
803.5076432	-11.09472047
807.3725607	-10.85697567
812.895498	-10.53693591
815.6539529	-10.35710386
822.277251	-9.89990386
823.9322941	-9.771888419
831.6620549	-9.211055791
832.2137607	-9.159239767
840.4951529	-8.397239767
841.0468588	-8.348471814
848.7734941	-7.580376256
850.4315883	-7.406639767
857.0549607	-6.757416023
859.8133412	-6.501383977
865.3363529	-6.108192279
869.1981451	-5.803392279
873.6146941	-5.398007721
878.586	-4.980432047
881.8931098	-4.770119884
887.9677529	-4.401311872
890.174502	-4.297680116
897.3495059	-3.907535907
898.4558941	-3.855719884
906.7343098	-3.51129614
915.015702	-3.255264093
916.1190393	-3.227832047
923.2970941	-2.904743919
925.5038432	-2.804159942
931.5755098	-2.447543919
934.8855961	-2.255520029
939.853851	-2.008632047
944.273451	-1.792224035
948.1352432	-1.60324807
953.6582549	-1.328928041
956.4136588	-1.252728041
963.0400078	-1.072895994
964.695051	-1.008887983
972.4248117	-0.70713598
972.9764432	-0.691895994
981.2548588	-0.478536016
981.8095412	-0.463295994
989.536251	-0.365760015
991.1943451	-0.338328004
997.8176432	-0.286511999
1000.576098	-0.252983995
1006.096059	-0.274319993
1009.960902	-0.298704006
1014.3744	-0.350519993
1019.345706	-0.42976799
1022.655792	-0.496823999
1028.73051	-0.627887983
1030.937259	-0.649224035
1038.112188	-0.716279971
1039.2156	-0.719327968
1047.496992	-0.728472032
1055.778459	-0.725424035
1056.881796	-0.722375965
1064.0568	-0.682752003
1066.2666	-0.667512017
1072.338192	-0.597408012
1075.648353	-0.542543991
1080.616608	-0.460247997
1085.036208	-0.335280007
1088.894949	-0.213359996
1094.417961	0.01524
1097.176341	0.137159996
1103.80269	0.323087983
1105.457808	0.365760015
1113.184443	0.499871996
1113.736149	0.50596799
1122.017541	0.512063984
1122.572298	0.515112017
1130.299008	0.536447997
1131.954051	0.548639985
1138.577349	0.551687983
1141.338855	0.539495994
1146.858741	0.527304006
1150.723659	0.515112017
1155.137157	0.536447997
1160.108388	0.56083201
1169.490141	0.78333598
1171.69689	0.896112017
1178.874945	1.289304006
1179.978357	1.331975965
1188.259749	1.856232047
1196.132757	2.420112017
1204.00569	2.633472105
1211.881749	2.74929614
1213.850745	2.773680116
1219.754757	2.798064093
1227.630741	2.810256081
1235.503749	2.8194
1239.444792	2.8194
1243.379808	2.81330386
1251.252816	2.807208012
1259.1288	2.798064093
1265.035788	2.788919884
1267.001808	2.785872105
1274.877792	2.773680116
1282.747823	2.843783977
1290.620682	3.925824035
1290.623808	3.925824035
1298.496816	4.666488128
1301.666706	4.687824035
1306.3728	4.71830386
1314.245808	4.57809614
1316.211679	4.547616023
1322.121792	4.459224035
1329.9948	4.56895193
1337.870784	4.80364807
1341.802823	4.95604807
1345.743792	5.10844807
1353.619777	5.334
1361.492784	5.611367953
1367.396796	5.8674
1369.365792	5.94969614
1377.2388	6.352032047
1385.114784	6.568439767
1392.987792	6.55624807
1400.863777	6.544055791
1408.736784	6.537960233
1416.612918	6.3246
1418.581914	6.25449614
1424.485777	6.047232047
1432.36191	6.028944209
1440.234918	5.94055193
1444.17291	5.821680116
1448.107777	5.699760233
1455.98391	5.422392279
1463.856918	4.968239767
1469.766882	4.79755193
1471.732902	4.739640058
1479.60591	5.321807721
1487.481894	5.907023744
1495.351777	5.87044807
1495.354902	5.87044807
1503.230886	5.6388
1511.103894	5.538216023
1518.979879	5.654039767
1520.942921	5.687567953
1526.84991	5.78815193
1534.725894	6.123432047
1542.598902	6.531864093
1546.533918	6.611112163
1550.474886	6.681216023
1558.347894	6.620255791
1566.223879	6.477
1572.12789	6.260592279
1574.096886	6.190487837
1581.97302	5.620512163
1589.845879	5.532119884
1597.718886	5.596128186
1605.59502	5.739383977
1613.467879	5.885687837
1621.340886	5.891783977
1623.313008	5.919216023
1629.21702	5.971032047
1637.089879	5.94969614
1644.966012	6.056376256
1648.904004	6.074664093
1652.83902	6.08990386
1660.715004	6.160007721
1668.588012	6.1722
1674.497977	6.138671814
1676.463996	6.126480116
1684.337004	6.086855791
1692.212988	6.105144209
1700.079894	5.952744209
1700.085996	5.952744209
1707.959004	5.446776256
1713.628314	4.834127895
1715.832012	4.599432047
1723.707996	4.584191988
1725.674016	4.599432047
1731.581004	4.657343919
1739.456988	5.215128186
1747.329996	5.754623744
1751.265012	5.782055791
1755.20598	5.86130386
1763.078988	5.955792279
1770.955121	5.647944209
1776.858984	5.7912
1778.82798	5.827776256
1786.700988	6.903719884
1794.573996	8.875776256
1802.44998	8.129016023
	
