	RS=110.71* 
0	5.812535907
5.586983977	5.675376256
11.17092047	5.48335193
13.26794363	5.611367953
16.75790386	5.79729614
22.34184093	6.108192279
26.13355135	6.24230386
26.53284093	6.25449614
27.92882316	6.120383977
33.51580772	5.666232047
39.09974363	5.26084807
39.80078456	5.218176256
44.68672819	4.760975965
50.27371274	4.276343919
53.06263088	4.075175965
55.85764633	4.005072105
61.44463088	3.977640058
66.33057451	3.925824035
67.02856912	3.947159942
72.61555367	3.898391988
78.20253823	3.95935193
79.59547646	3.96544807
83.78647646	4.023359942
86.26449265	4.056888128
89.37345637	4.096511872
92.86342009	4.130040058
94.96043628	4.133088128
100.5443745	4.04469614
106.1313637	3.73989614
114.0531127	2.481072105
118.9695382	1.664208012
121.9748618	1.200912017
129.8966201	0.207264002
131.8107637	0.134111999
137.8183691	0.124967999
144.6519799	0.140208003
145.7431691	0.131064002
153.6649181	0.073151998
157.4932147	0.051816001
161.5866765	-0.091440004
169.5084255	-0.417576001
170.3283382	-0.48463201
177.4301745	-1.411224035
183.1695637	-2.709672105
185.3549745	-3.230880116
193.2767235	-5.974080116
196.0077382	-7.141464093
201.2015235	-9.406128186
208.8489637	-12.81379228
209.1202402	-12.92656795
217.0419892	-15.26438456
221.6901892	-16.54454363
224.9667892	-17.34616795
232.8885382	-18.76043977
234.5314147	-18.94332047
240.8133382	-19.44623977
247.3695892	-19.70836912
248.7350873	-19.74189498
256.6537853	-19.94915907
260.2077637	-20.06498456
264.5785853	-20.23262316
272.5003529	-20.59533591
273.0489892	-20.62581544
280.4251529	-21.04948726
285.8871637	-21.53107181
288.346902	-21.73528726
296.268651	-22.70150502
298.7283892	-23.02764093
304.193451	-23.72563088
311.5696147	-24.64612819
312.112149	-24.73756912
320.036949	-25.86837684
324.4108216	-26.45664093
327.958698	-26.88945637
335.8804471	-27.95320772
337.2489961	-28.1178
343.8052471	-29.02305637
350.0871706	-29.96184093
351.7269961	-30.18129498
359.6487451	-31.11093591
362.9253451	-31.51632047
367.5704941	-32.02838456
375.4922804	-32.80257684
375.7665706	-32.83000772
383.4170804	-33.55238456
388.6077961	-33.84499228
391.3388294	-34.00044093
399.2605784	-34.21075135
401.4490216	-34.25037684
407.1823274	-34.3662
414.2871961	-34.40887181
415.1040765	-34.41192047
423.0288765	-34.51250502
427.1284216	-34.60699228
430.9506255	-34.70757684
438.8754255	-35.09467181
439.9635451	-35.16172819
446.7941235	-35.53967953
452.8047706	-35.94811274
454.7189235	-36.06698456
462.6406726	-36.69182316
465.6459961	-36.97224093
470.5624216	-37.40200772
478.4872216	-37.96893591
485.0892	-37.84701544
489.6916726	-37.74033591
491.6911784	-37.70071274
498.2931196	-37.56964865
500.8961235	-37.46296912
504.898149	-37.32580772
511.5001274	-37.03929498
512.1005745	-37.01491274
518.1021059	-36.78326409
523.3080765	-36.70096912
524.707098	-36.66439228
531.3090765	-36.57904865
534.5125274	-36.53332819
537.9141059	-36.41140772
544.5129961	-36.17366409
545.7200294	-36.14318456
551.1180255	-35.72560772
556.9244804	-35.34460772
557.7200039	-35.2806
564.3249961	-34.68319228
568.1288941	-34.25647181
570.9269745	-33.99739228
577.5289529	-33.48532819
579.3333451	-33.34816912
584.1308941	-32.81781544
590.5408471	-32.02533591
590.7328726	-31.97961544
597.337902	-30.46475907
601.745298	-29.46806409
603.9398804	-28.88589498
610.5448726	-26.95041544
612.9528	-26.18536912
617.146851	-25.47213591
623.7518804	-24.43581544
624.157251	-24.36266409
630.3508078	-23.52141544
635.361702	-22.65273591
636.9558	-22.31745637
643.5577412	-20.54961544
646.5661529	-19.94915907
650.1597568	-19.12010386
656.764749	-17.80946409
657.7736549	-17.6022
663.3666902	-16.63293591
668.9781059	-15.57223205
669.9687059	-15.40763977
676.5706471	-14.03908842
680.1856078	-13.335
683.1756393	-12.68577567
689.7776549	-11.3538
691.3900588	-10.96975251
696.3826471	-8.674607721
702.5945098	-5.839967953
702.9845883	-5.690616023
709.5866039	-2.538983977
713.7989607	-1.048512017
716.1885451	-0.591312017
722.7936117	0.198119993
725.0063883	0.420623999
729.3955529	0.499871996
735.9974941	0.569976001
736.2108393	0.573023999
742.6025607	0.649224035
744.9617098	0.676656009
747.4183412	0.70713598
749.204502	0.841247997
755.8064432	1.441704006
758.2174588	1.700783977
762.4084588	2.066544064
769.013451	2.58470386
773.9939098	2.953511872
778.9773451	3.221735907
783.9578039	3.441191988
788.9412393	3.517391988
793.924749	3.599688128
798.9052078	3.672840058
803.8886432	3.706367953
805.5254549	3.7338
808.8721529	3.791711872
813.8526117	3.938016023
818.8360471	4.087367953
823.8165059	4.245864093
828.7999412	4.364735907
833.783451	5.056632047
838.7639098	5.55650386
843.7473451	6.114287837
848.7278039	6.156960233
853.7112393	6.412992279
858.694749	6.992112163
	
