	RS=78689.25
0	0.563880007
10.19556023	0.569976001
20.39112047	0.573023999
30.58667953	0.573023999
40.77918995	0.576071996
50.97475367	0.573023999
61.17031274	0.569976001
81.56143088	0.557784013
82.12531274	0.536447997
91.7569946	0.134111999
101.952549	-1.130808012
124.507749	-4.623816023
154.7926819	-12.78331158
155.0730927	-12.79855251
185.4189892	-14.24330386
185.6079637	-14.29207181
185.7908363	-14.29816795
216.1214873	-15.65757567
236.2779127	-16.57197567
249.024651	-17.0688
280.498302	-17.99843977
310.4692726	-18.00453591
338.9924804	-18.72996023
366.1226941	-18.01977567
392.0032726	-17.94662433
416.658549	-17.49247181
439.8599235	-17.01088842
460.2632549	-16.64817567
461.3300549	-16.59636023
490.7798294	-13.97507953
491.9228294	-13.81048842
521.2933529	-11.82319228
550.627302	-4.983480116
551.8190804	-4.824983977
560.7344804	-3.322319884
570.9269745	-2.334767953
581.1225196	-1.386840058
591.318102	-0.466343991
598.1608471	0.033528
601.5136471	0.277368008
611.7092294	0.240792007
621.9047745	0.466343991
632.1003568	0.530352003
642.292851	0.56083201
652.4883961	0.566928004
662.6839412	0.576071996
672.8795607	0.588263984
683.0751059	0.597408012
693.270651	0.6096
	
