	RS=111.95* 
0	7.671816023
8.272271814	6.675119884
11.57935251	6.062471814
16.54454363	5.10235193
23.15870502	4.541519884
24.81376912	4.477511872
29.88564093	4.376927895
33.08299228	4.309872105
34.73805637	4.26415193
38.1762	4.18490386
41.35526177	4.10870386
46.31741005	4.023359942
49.62753823	3.96849614
57.89981005	4.126991988
66.17208186	4.227575965
69.47915907	4.230624035
74.4413027	4.218432047
81.05851274	4.255008012
82.71357451	4.255008012
90.9828	4.242816023
92.63786177	4.215383977
99.25507646	4.066032047
104.2172201	3.834383977
107.5273436	3.672840058
115.7965691	3.05104807
124.0353127	0.96926402
127.5039382	0.079247997
132.2771073	-1.097279971
139.2113073	-3.822191988
140.515851	-4.376927895
148.7545946	-7.205471814
150.9186765	-7.812023744
156.9933382	-9.628632047
162.6321382	-10.75029614
165.2320726	-11.31112819
173.4708255	-13.04239228
174.339498	-13.20088842
181.7095598	-14.54200772
186.0468765	-15.31924749
189.9483127	-15.95018456
197.7542363	-17.40103205
198.190098	-17.46503977
206.4258	-18.35200772
209.4616147	-18.68728842
214.6645529	-19.21763977
221.1720255	-19.70227181
222.9063382	-19.83943088
231.1450726	-20.78126409
232.8793853	-21.03729498
239.3838255	-22.30831274
244.5867637	-23.52141544
247.6225598	-24.33827953
255.8613127	-26.33472047
256.2941235	-26.42920772
264.1000471	-27.63621544
268.0045529	-27.95625637
272.3388	-28.27324865
279.7149637	-28.69082316
280.5775529	-28.7274
288.8193382	-29.10535135
291.4223235	-29.27299228
297.0550402	-29.62046409
303.129702	-30.07461544
305.2937745	-30.24835135
313.5355784	-30.94939228
314.8370804	-31.05912047
321.7742941	-31.48584093
326.5444216	-31.69005637
330.0130471	-31.83331274
338.2518	-31.99485637
346.1979196	-31.85464865
348.1334294	-31.78759228
354.1410255	-31.44926409
358.0180726	-31.21456912
362.0901961	-30.99511274
367.899702	-30.71164865
370.033302	-30.61411274
377.7843451	-30.27578456
377.9794216	-30.26054363
385.9225274	-29.66923088
387.6659745	-29.55035907
393.8686471	-28.99257684
397.5476039	-28.67558456
401.8148039	-28.33725637
407.4322471	-27.90139228
409.7578726	-27.77337684
417.3138765	-27.31007953
417.7040294	-27.29484093
425.647098	-26.90164865
427.1985196	-26.80106409
433.5963059	-26.23413591
437.080149	-25.91409498
441.5393745	-25.60929498
446.9648294	-25.28315907
449.4854941	-25.24353591
456.8464216	-25.09113591
457.4286	-25.07284865
465.3747196	-24.73452047
466.728051	-24.65832047
473.3178255	-24.21940772
476.6126941	-24.02128726
481.2639451	-23.65857684
486.4943235	-23.35072819
489.207051	-23.23185637
496.3790039	-22.79599228
497.1531706	-22.75636912
505.0993274	-22.54910502
506.2605961	-22.50947953
513.0454471	-22.24735135
516.1422255	-22.10714363
520.9885529	-21.86635135
526.0269059	-21.68042316
528.9346726	-21.58288726
535.911549	-21.35428726
536.8808294	-21.32380772
544.823898	-21.03424865
545.7931784	-21.00072047
552.7700549	-20.73249498
555.6747706	-20.64410502
560.7131235	-20.50084865
565.5564	-20.36064093
568.6592804	-20.21433591
575.4410804	-19.94915907
576.602349	-19.86381544
584.5515196	-19.25116795
585.3257235	-19.19325637
592.4946255	-18.68119228
595.2073529	-18.49526409
600.4407451	-18.1356
605.0919961	-17.82165637
608.383851	-17.62963205
614.9705745	-17.23948842
616.3299706	-17.16633591
624.2730393	-16.69694363
624.8552549	-16.65427181
632.2191961	-15.89227181
634.739898	-15.65147953
640.162302	-15.26438456
644.6214902	-14.97177567
648.1084588	-14.62735251
654.5062078	-14.01470386
656.0545412	-13.88363977
664.000698	-13.13687953
664.384749	-13.10030386
671.9468549	-12.36268842
674.2693922	-12.12494363
679.8899607	-11.60678456
684.1541098	-11.19835251
687.8360432	-10.87221544
694.035702	-10.28395251
695.779149	-9.9822
703.7253059	-8.513064093
703.9203451	-8.482583977
711.6684117	-6.751319884
713.7989607	-6.266687837
719.6144941	-4.754880116
723.6836039	-3.57530386
727.5576	-2.843783977
733.5682471	-1.331975965
735.5068078	-0.777239985
743.4498393	2.727959942
752.1854549	2.761488128
752.8103098	2.776727895
760.9179451	2.953511872
769.6535607	3.474719884
771.525	3.514343919
778.386051	3.928872105
780.8823451	4.005072105
787.1215922	4.49884807
790.2396902	4.767072105
795.8541568	4.760975965
799.6001607	4.815840058
804.5866471	4.014216023
808.9544549	3.468624035
813.3221883	3.596640058
818.314851	3.291840058
821.1647607	3.176016023
822.0578039	3.139440058
830.7933451	2.164079971
839.5259098	2.148840058
939.9696393	2.148840058
949.3240078	2.161032047
958.6844039	3.496056081
968.041749	5.166360233
977.3990941	5.48335193
986.7594902	4.136135907
988.006149	3.694175965
996.1138588	0.432815987
996.7416902	0.414528004
1005.474255	0.140208003
1005.477306	0.140208003
1014.209796	2.727959942
1014.8316	2.88950386
1022.945412	1.834895994
1024.188945	1.606295994
1031.677902	0.871727968
1033.549341	0.899160015
1040.410392	1.264920029
1042.90371	1.533144064
1049.146008	2.2098
1052.264106	2.490216023
1057.878498	2.764535907
1061.621451	2.429255936
1066.614039	2.50850386
1070.978796	2.727959942
1075.346604	3.831335907
1080.339192	5.0292
1084.085196	5.017007721
1089.696612	5.440680116
1092.817761	4.898135907
1099.053957	4.434840058
1101.553302	4.504943919
1108.411302	4.133088128
1110.285792	4.325111872
1117.771698	4.315967953
1119.018357	4.41350386
1127.129043	5.522976256
1127.753898	5.614416023
1136.486388	7.050023744
	
