	RS=46576.2*
0	0.780287983
10.98499228	0.755904006
18.55622433	0.74066402
21.97303088	0.734568026
27.83433591	0.722375965
32.95802316	0.710183977
37.11244865	0.697991988
43.94301544	0.682752003
46.39361005	0.676656009
54.92801005	0.658368026
55.67171814	0.655320029
64.94983088	0.633983977
65.913	0.63093598
74.22794363	0.569976001
76.89798995	0.551687983
83.50605637	0.405384013
87.88603088	0.3048
92.78416912	0.170688001
93.82963088	0.121920002
98.87102549	-0.115823999
102.0622819	-0.234695994
108.7526363	-0.490728004
113.8184201	-0.670560015
118.183149	-0.752856009
123.9834927	-0.874775965
133.8163436	-0.999743991
150.6108255	-1.167383977
151.9428	-1.170431974
168.7433745	-1.228344064
169.0268363	-1.228344064
169.3042147	-1.228344064
178.6402402	-1.228344064
179.8563892	-1.228344064
204.2281853	-1.389887983
204.4628873	-1.392936052
206.6696363	-1.429512017
233.9675235	-3.060191988
234.7142873	-3.084575965
239.4295529	-3.523488128
239.6307127	-3.547872105
262.3383127	-6.790944209
262.7589382	-6.848855791
274.5668873	-8.193023744
275.4233745	-8.260080116
290.4622147	-9.336023744
290.785302	-9.360407721
291.0961853	-9.384792279
309.7712873	-10.62837567
310.5790147	-10.68628842
318.7933784	-11.23492819
344.9726549	-13.22832047
345.7498726	-13.28318456
346.7343706	-13.35938456
346.8380294	-13.36852819
367.4851784	-13.99032047
374.824749	-14.20977567
374.8643745	-14.21282433
380.1740039	-14.28902433
383.1488549	-14.40484749
402.875502	-15.17599228
402.9608549	-15.18208842
414.6590804	-15.65757567
415.3753529	-15.68805637
416.0916255	-15.68805637
424.5589784	-15.63319228
430.8744255	-15.59356795
430.9293059	-15.59356795
450.6132765	-15.59356795
450.9150255	-15.59356795
458.9251784	-15.66672047
485.781102	-15.91970386
486.4181235	-15.9258
487.0978216	-15.91665637
511.1008216	-15.61490386
511.5153451	-15.61490386
521.8754941	-15.51432047
522.6741059	-15.51432047
523.4817961	-15.48383977
536.2407196	-15.42287953
558.244251	-15.32229614
559.152549	-15.28572047
561.0240255	-15.18818456
561.3776039	-15.16684749
561.7250804	-15.14551158
586.517502	-13.60017567
593.823549	-13.07287181
611.4471059	-12.27734363
611.6574	-12.2682
611.8707451	-12.25600772
628.113549	-11.22883205
636.7911961	-9.668255791
637.038102	-9.625583977
661.9310941	-4.669535907
663.3362549	-4.34035193
671.172651	-3.553967953
687.0770941	-1.959863948
687.403251	-1.953767953
697.6536393	-1.758695994
700.357251	-1.572767953
712.2108902	-1.322832047
712.3450588	-1.319783977
713.302098	-1.280159942
723.067902	-0.566928004
724.0950393	-0.48463201
725.1954	-0.393191988
732.8367568	0.146303997
736.7290588	0.381
741.581451	0.527304006
748.2656941	0.591312017
750.3261451	0.6096
759.0708393	0.637031974
759.8024039	0.640079971
767.8156078	0.667512017
771.3420902	0.682752003
776.560302	0.70713598
782.8788	0.734568026
785.3049961	0.746760015
794.0496902	0.780287983
794.4155098	0.78333598
802.7914078	0.81686402
805.9551961	0.832104006
811.536102	0.856487983
817.4919059	0.880872032
820.2807961	0.89306402
829.0254902	0.93573598
	
