78.22	RS=78.22   
0	5.455919884
9.098280116	3.73075193
18.19351158	2.414016023
27.29179228	2.151887983
36.38702316	2.313432047
45.4853027	2.417063948
54.58053823	2.404871959
63.67881544	2.298191988
72.77404633	2.221991988
81.87232354	2.243328041
90.96756372	1.840991988
100.0658363	1.188720029
109.1610765	0.993647997
118.259349	0.886968026
127.3545799	0.868679971
136.4528618	0.880872032
145.5480927	0.85953598
154.6463745	0.822960015
163.7416147	0.832104006
172.8398873	0.813816023
181.9381598	0.789431974
191.0334	0.78333598
200.1316726	0.78333598
209.2269127	0.786383977
218.3251853	0.780287983
227.4204255	0.780287983
236.518698	0.798575965
245.6139382	0.868679971
254.7122108	0.883920029
263.807451	0.984504006
272.9057235	1.12166402
282.0009637	1.420367953
291.0992363	2.331720029
300.1944765	2.703575965
309.292749	2.636519884
318.3879706	2.490216023
327.4862804	2.343912017
336.581502	2.112263948
345.713298	-2.67004807
354.8450941	-6.24230386
363.9769274	-8.76909614
373.1117745	-10.60094363
382.2435706	-11.46047953
391.3754039	-11.79271158
400.5072	-11.93292047
409.6389961	-12.21028842
418.7708294	-12.55471158
427.9026255	-12.83817567
437.0344216	-13.14602433
446.1662549	-13.60627181
455.298051	-14.23416023
464.4298471	-14.83156795
473.5616804	-15.43202433
482.6934765	-16.02943205
491.8252726	-16.53844749
500.9571059	-16.97126409
510.088902	-17.45589614
519.220698	-17.76374363
528.3524941	-18.30323977
537.4843274	-18.94636795
546.6161235	-19.43404749
555.7479196	-20.32101544
564.8797529	-21.85111274
574.011549	-22.65883088
583.1463961	-23.79878456
592.2782294	-24.67355907
601.4100255	-25.40812819
610.5418216	-26.00858456
619.6736549	-26.61208726
628.805451	-27.48686409
637.9372471	-28.16961544
647.0690432	-29.0322
656.2008393	-29.73628726
665.3327098	-30.15995907
674.4645059	-30.72079228
683.596302	-31.27247953
692.728098	-32.08629498
701.8598941	-32.93364093
710.9916902	-34.23208726
720.1235607	-35.41166409
729.2553568	-36.20109498
738.3871529	-36.93566409
747.518949	-37.69461544
756.6507451	-38.11219228
765.7825412	-37.96893591
774.9144117	-37.68547181
784.0462078	-37.64889498
793.1810549	-37.73119228
802.312851	-37.70680772
811.4446471	-37.50259228
820.5764432	-37.41724865
829.7082393	-37.59098456
838.8401098	-37.58793591
847.9719059	-37.32885637
857.103702	-37.22827181
866.235498	-37.00881544
875.3672941	-36.81374363
884.4990902	-36.19195135
893.6309607	-34.98494363
902.7627568	-33.62858456
911.8945529	-32.57092819
921.026349	-31.54070502
930.1581451	-28.73349498
939.2899412	-24.73147181
948.4218117	-21.84806409
957.5536078	-19.20544749
966.6854039	-15.71243977
975.8172	-13.00886409
984.9489961	-11.18311158
994.0807922	-6.720839767
1003.212588	-2.831591988
1012.344459	-0.573023999
1021.479306	0.088391997
1030.611102	-0.359663984
1039.742898	-0.670560015
1048.874694	-0.844295994
1058.00649	-0.947927968
1067.138361	0.268223999
1067.308992	0.286511999
1076.270157	1.347216023
1085.401953	2.170175965
1094.533749	2.59689614
1103.665545	2.618232047
1112.797341	2.688335907
1121.929212	2.66395193
1131.061008	2.545080116
1140.192804	2.51764807
1149.3246	3.709416023
1158.456396	5.401055791
	
