	RS=58180.7*
0	0.731520029
10.14679228	0.716279971
10.35100772	0.716279971
20.28748726	0.697991988
20.70811274	0.697991988
30.43427953	0.679704006
31.05912047	0.676656009
40.57497451	0.655320029
41.41317451	0.655320029
50.72176912	0.633983977
51.76723088	0.63093598
60.86246177	0.606552003
62.12128726	0.600456009
71.00925637	0.566928004
72.4722973	0.536447997
81.14994902	0.216407993
81.51266177	0.195071996
82.82634902	0.112776001
91.29674363	-0.521208012
93.38462549	-0.780287983
104.3056054	-2.157983977
104.8633946	-2.20675193
117.4455382	-3.392424035
118.8384765	-3.493008012
120.2496927	-3.642359942
132.4935127	-4.815840058
132.7952618	-4.834127895
133.0909181	-4.852416023
161.2818765	-8.031480116
161.3367382	-8.037576256
186.2724255	-9.817607721
187.7354618	-9.906
189.6343598	-10.00658456
189.667902	-10.00963205
217.9838108	-11.46352819
217.9990471	-11.46352819
220.6538618	-11.61287953
222.2205382	-11.69212819
246.3119235	-13.02105637
246.3424147	-13.02410386
255.1511235	-13.49654363
256.5745529	-13.58188842
273.021549	-14.52067181
274.6705274	-14.61211158
289.6575382	-15.42897567
290.9163637	-15.49603205
302.9986402	-16.06600772
303.0230108	-16.06600772
324.1151745	-16.68475251
325.3161059	-16.72132819
331.3419706	-16.87067953
331.3572255	-16.87067953
358.6124549	-17.36140772
359.670102	-17.3736
359.6975235	-17.3736
382.8775784	-16.85239228
383.5237529	-16.83715251
397.0598941	-16.39214363
397.1147745	-16.39214363
406.7891235	-16.08429614
407.359098	-16.07210386
430.7128726	-15.37716023
434.4649784	-15.27352819
447.9401745	-15.19732819
454.298298	-15.16075251
454.6457745	-15.16075251
454.987149	-15.16075251
471.979749	-14.93215251
478.5512549	-14.56334363
478.8164294	-14.54200772
492.6025274	-13.30452047
502.4475451	-12.4206
502.6670294	-12.40231158
509.2842255	-11.79576023
526.154898	-8.671560233
526.3682804	-8.631935907
532.555698	-7.275576256
541.1998216	-5.49249614
546.817302	-4.48970386
546.9819059	-4.465319884
547.1525745	-4.447032047
549.1611961	-4.172711872
557.1195196	-3.026664093
559.4512471	-2.721864093
565.0808941	-1.920240058
572.0425529	-0.950975965
573.6914941	-0.78333598
580.9579529	-0.036575999
585.1550549	0.088391997
586.8527745	0.137159996
589.867251	0.219456009
598.782651	0.432815987
600.0201196	0.463295994
607.691949	0.551687983
613.1814	0.615695994
616.607349	0.621791988
625.519698	0.640079971
626.3426432	0.643127968
634.4320471	0.655320029
639.5070117	0.667512017
643.3443961	0.676656009
652.2567451	0.694943991
652.6713059	0.694943991
661.1690941	0.710183977
665.832549	0.719327968
670.0844941	0.728472032
678.9968432	0.743712017
	
