113.09	RS=113.09  
0	6.288023744
9.07084807	7.0104
18.14474363	5.977128186
27.21559228	4.785359942
36.28948726	4.617719884
41.76674363	4.666488128
45.36033823	4.696967953
54.43423088	4.72744807
63.50508186	4.72744807
72.57897451	4.745735907
81.64982549	4.700016023
90.72371814	4.72744807
99.79456912	4.715256081
108.8684618	2.036063948
117.9393127	-2.51155193
127.0132054	-1.895855936
136.0840564	-7.744967953
145.157949	-10.40282433
154.2288	-12.64005637
163.302702	-14.11528842
172.3735529	-15.14551158
181.4474363	-16.16659228
190.5182873	-18.32457567
199.5921892	-22.23820772
208.6630402	-26.01163088
217.7369235	-29.14497684
226.8077745	-32.19602316
235.8816765	-35.59759228
244.9525274	-37.41115135
254.0264108	-37.93540772
263.0972618	-37.59098456
272.1681127	-36.71925637
281.2420147	-35.29584093
290.3128471	-34.02787181
299.386749	-32.88182316
308.4576	-31.58642316
317.531502	-30.43123088
326.6023529	-29.34309498
335.6762549	-28.46527181
344.7471059	-27.83128726
353.8209706	-27.41371274
362.8918216	-27.02356912
371.9657235	-26.86507181
381.0365745	-26.56332047
390.1104765	-26.16098456
399.1813274	-25.35326409
408.2552294	-24.32608726
417.3260804	-23.6982
426.3999451	-23.13127181
435.4707961	-22.70150502
444.544698	-22.15591274
453.615549	-21.35124093
462.689451	-20.48865637
471.760302	-19.33346409
480.8342039	-18.64461544
489.9050549	-18.00758456
498.9759059	-17.47723205
508.0497706	-17.25777567
517.1206216	-16.89201544
526.1945235	-16.5354
535.2653745	-16.03247953
544.3392765	-15.43812047
553.4101274	-14.79194363
562.4840294	-14.23720772
571.5548804	-13.87144749
580.6287451	-13.73733591
589.6995961	-13.45996795
598.773498	-13.10944749
607.844349	-12.73759228
616.918251	-12.48765637
625.989102	-12.28648842
635.0630039	-12.12799228
644.1338549	-11.75003977
653.2077568	-11.42390386
662.2786078	-11.23492819
671.3525098	-11.01852047
680.4233607	-10.79906409
689.4971883	-10.39367953
698.5680393	-9.74750386
707.6419412	-8.75690386
716.7127922	-7.199376256
725.7836432	-6.544055791
734.8575451	-5.833871814
743.9283961	-4.971287837
753.002298	-3.843527895
762.073149	-2.532888128
771.147051	-1.069847997
780.217902	-0.374904006
789.2918039	1.816608012
798.3626549	3.136391988
807.4365568	4.18490386
815.4070471	5.239512163
816.5074078	5.385816023
825.5813098	5.843016023
834.6521607	6.0198
843.7259883	6.25144807
852.7968393	6.24535193
861.8707412	6.312407721
870.9415922	5.474207721
880.0154941	5.391912163
889.0863451	3.797808012
898.1602471	3.486911872
907.231098	3.627119884
916.305	3.58444807
925.375851	4.486656081
934.446702	4.931664093
943.5206039	6.55929614
952.5914549	5.288280116
961.6653568	4.087367953
970.7362078	5.17550386
979.8101098	7.056119884
	
