	RS=219.08* 
0	13.52702433
7.571232047	12.92047181
15.14246409	11.56411158
22.71064865	9.7536
30.28187953	9.275064093
45.42434363	8.162544209
52.99557451	7.833360233
60.56681005	7.662671814
68.13498995	7.635239767
75.70622549	8.253983977
83.2744054	9.460992279
90.84563628	9.570719884
98.41687646	9.396983977
105.9850564	9.44270386
113.5562873	9.424416023
121.1275181	9.44270386
128.698749	9.076944209
136.2699799	8.342376256
144.1460201	5.157216023
152.0250927	1.795271959
155.9661637	0.307847997
159.9011235	-0.478536016
165.808149	-1.533144064
167.7802147	-1.767840058
175.6562363	-2.849880116
183.5353274	-4.3434
185.5043235	-4.843272105
191.411349	-6.181344209
195.3524108	-6.992112163
199.2904402	-7.833360233
205.200498	-9.055607721
207.1664618	-9.52195193
215.042502	-10.84173591
222.9215745	-12.32916023
224.8905892	-12.72235251
230.8006471	-13.70990386
234.7386765	-14.45971158
238.6766873	-15.3162
244.5867637	-16.65122433
246.5557598	-17.0688
254.4318	-18.88236023
264.2798873	-20.78735907
270.1869127	-21.81758456
274.1279745	-22.33574363
283.9730108	-23.19223088
285.9420255	-23.27452819
293.821098	-23.41473591
302.0903235	-23.30500772
310.3626	-23.14346409
318.6348765	-22.91486409
322.5058216	-22.76246409
332.0673961	-22.16810502
335.1794294	-21.90902316
341.6259196	-21.41524865
351.1874941	-20.85136912
351.7239451	-20.80564865
359.9931706	-20.08022316
360.7491059	-20.01012047
370.3106804	-18.97075251
376.5407745	-18.44344749
379.8722549	-18.14779228
384.81	-17.80336795
393.0822765	-17.15414363
398.9954039	-16.78533591
401.3545529	-16.62683977
417.8991059	-15.59661544
418.115502	-15.58442433
427.6770765	-15.51432047
434.4436216	-15.52041544
437.238651	-15.55089614
442.7128471	-15.47164749
446.8002255	-15.42287953
456.3618	-15.01444749
459.260451	-14.85290386
465.9203235	-14.41094363
467.5296765	-14.29207181
475.481898	-13.66723205
475.8050039	-13.6398
484.0742294	-12.87170386
492.3465059	-12.06093591
494.6050471	-11.83233591
508.8910216	-10.30223977
513.7281961	-9.756647488
517.163298	-9.470135907
523.2867196	-9.003792279
525.4355745	-8.866632047
541.9770765	-7.961376256
542.4099059	-7.940039767
551.9714804	-7.39749614
561.5330549	-6.93115193
566.7939059	-6.69950386
575.0661451	-6.275832047
580.6531529	-6.047232047
590.2147274	-5.471160233
591.610698	-5.41629614
608.155251	-4.812791988
609.3378765	-4.773167953
616.4275274	-4.669535907
618.899451	-4.65124807
628.4609883	-4.693919884
641.2443568	-4.276343919
647.5811607	-4.03250386
649.5135451	-3.995927895
666.058098	-3.599688128
666.7043098	-3.58749614
674.3304117	-3.34975193
676.2658471	-3.291840058
695.3889961	-3.023616023
707.4194432	-2.776727895
714.5090941	-2.606040058
724.0707059	-2.43535193
732.2363098	-2.331720029
743.1938549	-2.243328041
757.050051	-2.203704006
762.3139529	-2.164079971
771.8754902	-1.9812
773.5946039	-1.959863948
781.437102	-1.883663948
790.1391568	-1.862328041
806.6806588	-1.75564807
810.1217883	-1.743455936
823.2281883	-1.67335193
829.2419607	-1.664208012
839.7727412	-1.694687983
857.9266471	-1.639824035
872.8587961	-1.551432047
886.6083568	-1.505712017
896.1698941	-1.508759942
897.6755883	-1.514855936
947.3061961	-1.691640058
953.5362902	-1.694687983
963.097902	-1.664208012
980.395302	-1.533144064
991.7825883	-1.399032047
996.9398549	-1.301495994
1001.3442	-1.188720029
1005.212094	-0.877824035
1010.902761	-0.393191988
1013.481357	0.518160015
1020.464298	3.304032047
1021.753596	3.788664093
1030.02591	8.104632047
1038.755349	8.38809614
1039.307055	8.37590386
1056.220404	7.824216023
1057.863243	7.763255791
1064.949843	7.574280116
1076.419506	7.400544209
1082.411847	7.181087837
1094.975694	6.675119884
1104.256839	6.071616023
1108.606341	5.623560233
1113.535008	5.096255791
1122.813102	4.617719884
1126.065294	4.572
1134.794808	4.520183977
1141.36929	4.517135907
1143.527298	4.547616023
1150.647459	4.72744807
1152.256812	4.818888128
1159.925553	5.346192279
1160.986251	5.398007721
1169.206698	5.888735907
1169.721792	5.928360233
1187.180745	7.095744209
1187.75991	7.135367953
1197.038004	7.909560233
1204.642749	8.60755193
1213.372188	9.29030386
1215.597243	9.427464093
1222.104753	9.723119884
1224.875412	9.832847488
1234.156557	10.11936023
1239.566757	10.11936023
1243.434651	10.10412047
1248.299247	9.893807721
1252.709694	9.637776256
1265.7582	9.482328186
1271.269008	9.470135907
1274.487714	9.573767953
1280.547102	9.817607721
1283.220204	10.14374363
1289.825196	10.99718456
1291.952694	11.13739228
1299.106416	11.7348
	
