	RS=43.123* 
0	2.234183977
8.382	2.295144064
9.393935907	2.286
16.76704749	1.850136052
18.78482433	1.773936052
25.14904865	1.914144064
28.18180772	1.97815193
33.53409498	1.97815193
37.57574363	1.956816023
41.9160973	1.97815193
46.96968186	1.993391988
50.2980973	1.990344064
56.36056912	1.972055936
58.68314363	1.941575965
65.75755367	1.892808012
67.0620973	1.892808012
75.15148726	1.911095994
75.4440973	1.911095994
83.82914363	1.886712017
84.54237451	1.877567953
92.21114363	1.837944064
93.93631274	1.837944064
100.5961946	1.840991988
103.3332927	1.847087983
108.9781946	1.786128041
112.7272309	1.737359942
117.3601946	1.664208012
122.1181181	1.59715193
125.7452363	1.554479971
131.5120564	1.490471959
134.1272363	1.478279971
140.9090363	1.441704006
142.5122873	1.441704006
150.2999235	1.429512017
150.8942873	1.426463948
159.2762873	1.411224035
159.6938618	1.408175965
167.6613382	1.350263948
169.0878	1.331975965
176.0433382	1.277112017
178.4847892	1.274063948
184.4253382	1.289304006
187.8756765	1.301495994
192.8073382	1.313687983
197.2696147	1.36855193
201.1893382	1.417320029
206.6635529	1.453895994
209.5743892	1.475232047
216.0574726	1.588008012
217.9563892	1.615440058
225.4514108	1.719071959
226.3383892	1.728216023
234.7234402	1.697736052
234.845349	1.697736052
243.1054402	1.505712017
244.2392873	1.487424035
251.4904726	1.737359942
253.514349	1.807463948
260.8752765	1.770887983
262.3931745	1.539240058
263.429502	1.341120029
270.5343892	-0.012192
271.268949	-0.170688001
280.1447235	-1.923287983
280.1995853	-1.932432047
289.023549	-3.188208012
289.858698	-3.325367953
297.8993235	-4.41655193
299.5239127	-4.71830386
306.7446255	-5.94664807
309.1860765	-6.617207721
315.5868765	-8.263128186
318.8482216	-9.393935907
324.4321784	-11.19530386
328.5104039	-12.40536023
333.2744294	-13.70685637
338.169498	-15.09369614
342.1166804	-16.21231158
347.8346941	-17.20900772
350.9619451	-17.79422433
357.4968765	-19.02561544
359.8041961	-19.47976795
367.1590216	-20.79345637
368.6464471	-21.02510502
376.8212039	-21.98522316
377.488698	-22.06447181
386.334	-23.26233591
386.483349	-23.28062316
395.176251	-24.41447953
396.1454941	-24.51811274
404.018502	-25.21305637
405.8076765	-25.33192819
412.8638039	-25.84094363
415.4698216	-25.92019228
421.7060549	-26.13355135
425.1320039	-26.30119228
430.5483059	-26.52369498
434.794149	-26.62732819
439.3935706	-26.71876912
444.4562941	-26.69743088
448.2358216	-26.70657684
454.1215274	-26.74315135
457.0780726	-26.79192047
463.7806216	-26.95955907
465.9203235	-27.03575907
473.4458549	-27.26131274
474.7656255	-27.28874363
483.104949	-27.3558
483.6078765	-27.3558
492.4501274	-27.27655135
492.7670941	-27.27655135
501.2954294	-27.2034
502.4323274	-27.23083088
510.1376804	-27.45028726
512.0914216	-27.54172819
518.9798941	-27.83128726
521.7566549	-27.85262316
527.8221451	-27.90748726
531.415749	-27.86481544
536.6674471	-27.81909498
541.0809451	-27.78252047
545.509698	-27.78252047
550.7431274	-27.813
554.351949	-27.84347953
560.4052726	-27.85567181
563.197251	-27.84043088
570.0674549	-27.78252047
572.039502	-27.74594363
579.726549	-27.62402316
580.8817529	-27.59964093
589.3917451	-27.51124865
589.7240039	-27.51124865
598.5693059	-27.64535907
599.0539274	-27.6606
607.4115196	-27.95320772
608.7160726	-27.98368726
616.2537706	-28.16352047
618.3782549	-28.16047181
625.0991098	-28.17266409
628.043451	-28.15132819
633.9413607	-28.12694363
637.7025451	-28.12389498
642.7836117	-28.1178
647.3646902	-28.17571274
651.6288393	-28.20924093
657.0269098	-28.2702
660.4710902	-28.28239228
666.6890549	-28.32201544
669.3133412	-28.34030502
676.354251	-28.50489498
678.1555922	-28.55366409
686.0133451	-28.74873591
687.0008941	-28.77312047
695.6785412	-28.89504093
695.8431451	-28.89808726
704.6853961	-29.02305637
705.3377098	-29.02915135
713.5276471	-29.18155135
714.9998549	-29.21812819
722.372949	-29.40405637
724.665051	-29.46196912
731.2152	-29.5656
734.3241451	-29.63265637
740.057451	-29.73628726
743.9893412	-29.83687181
748.9027529	-29.96184093
753.6485098	-30.08985637
757.7450039	-30.19958456
763.3137059	-30.38855907
766.5872549	-30.50438456
772.975851	-30.75736912
775.4325568	-30.84880772
782.6379961	-30.94024865
784.2748078	-30.95853591
792.3001412	-31.11398456
793.1170588	-31.12617684
801.9593098	-31.15665637
809.7651961	-31.11093591
815.5594471	-31.03778456
817.5681059	-31.01035135
825.3709412	-30.97072819
829.1566078	-30.93415135
833.176902	-30.88538456
840.9798117	-30.79089498
842.7567451	-30.75736912
848.7826471	-30.54705637
856.3508549	-30.06852047
856.5855568	-30.04413591
864.3914432	-28.79445637
869.9509922	-27.7368
872.1943529	-27.33751274
879.9971883	-25.90495135
883.5481529	-25.28315907
887.803149	-24.57297684
895.6060588	-23.64028726
897.1482902	-23.37206409
903.4088941	-22.12847953
910.7424	-20.24786409
911.2118039	-20.13508726
919.0176902	-18.02892047
924.3395607	-16.55673591
926.8206	-15.83740772
934.6235098	-13.92021544
937.3026393	-13.14602433
937.9366471	-12.96314363
942.4293961	-11.46962433
950.2323059	-8.848344209
951.5338078	-8.46124807
958.0351412	-6.5532
965.1339451	-4.431791988
965.838051	-4.148327895
973.6440117	-1.722120029
978.7280549	-0.493776001
981.4468471	-0.070104001
989.2497568	0.944879971
992.3281922	1.411224035
997.8846902	1.801367953
1001.295459	1.9812
1007.053098	2.197608012
1010.2596	2.28295193
1016.221506	2.090928041
1019.229843	1.993391988
1025.39289	1.524
1028.194059	1.2954
1034.564349	1.200912017
1037.164302	1.255775965
1043.735808	1.463040058
1046.128443	1.606295994
1052.904141	2.005583977
1055.09571	2.170175965
1062.0756	2.724911872
1064.062902	2.7432
1071.247059	2.788919884
1073.030094	2.496311872
1080.415392	1.277112017
1081.997361	1.200912017
1089.586851	0.804672032
1090.961502	0.786383977
1098.75831	0.701039985
1099.931745	0.691895994
1107.926643	0.649224035
1108.895961	0.646175965
1117.098102	0.627887983
1117.866204	0.627887983
1126.269561	0.676656009
1126.830345	0.679704006
1135.440945	0.771143991
1135.800588	0.768095994
1144.609353	0.728472032
1144.764804	0.728472032
1153.728945	0.66446402
1153.777761	0.66446402
1162.699188	0.566928004
1162.952196	0.563880007
1171.663404	0.4572
1172.120604	0.451104006
1180.633647	0.381
1181.291988	0.374904006
1189.597788	0.356615987
1190.463447	0.356615987
1198.568106	0.33223201
1199.631855	0.329184013
1207.456047	0.3048
1208.803239	0.298704006
1216.347039	0.207264002
1217.971647	0.192023999
1225.235055	0.185928004
1227.146157	0.182880007
1234.119945	0.310895994
1236.31449	0.35356799
1243.011012	0.435863984
1245.482898	0.4572
1251.898879	0.411480007
1254.657408	0.396239985
1260.79002	0.405384013
1263.825816	0.423671996
1269.677886	0.463295994
1272.9972	0.478536016
1278.568879	0.472439985
1282.165608	0.4572
1287.456894	0.441960015
1291.336992	0.451104006
1296.347886	0.432815987
1300.508377	0.384047997
1305.235902	0.377952003
1309.676784	0.390143991
1314.123918	0.396239985
1318.851294	0.420623999
1323.01491	0.377952003
1328.019702	0.316991988
1331.902777	0.310895994
1337.191086	0.292607993
1340.793918	0.243840004
1346.359494	0.161543991
1349.681784	0.167640004
1355.530879	0.170688001
1358.5698	0.161543991
1364.702412	0.164592007
1367.457816	0.158495994
1373.87082	0.128015996
1376.348808	0.100584004
1383.04518	0.024383999
1385.236823	0.057911999
1392.213588	0.164592007
1394.127816	0.173735998
1401.381996	0.204216005
1403.015682	0.188976001
1410.55338	0.134111999
1411.903698	0.121920002
1419.724914	0.048767999
1420.79469	0.073151998
1428.896298	0.286511999
1429.682706	0.301752003
1438.064706	0.405384013
1438.573698	0.374904006
1447.23609	-0.100584004
1447.461714	-0.100584004
1456.352706	-0.161543991
1456.407623	-0.161543991
1465.240721	-0.121920002
1465.575882	-0.118871996
1474.131714	-0.042672
1474.750392	-0.039623999
1483.01958	-0.216407993
1483.9188	-0.2286
1491.907596	-0.3048
1493.087208	-0.316991988
1500.795612	-0.262128004
1502.258592	-0.246888001
1509.686604	-0.173735998
1511.429977	-0.158495994
1518.57462	-0.137159996
1520.60151	-0.137159996
1527.465612	-0.155447997
1529.769918	-0.185928004
1536.353479	-0.256031992
1538.941302	-0.252983995
1545.241494	-0.252983995
1548.112686	-0.252983995
1554.132486	-0.292607993
1557.281094	-0.286511999
1563.020502	-0.283464002
1566.452479	-0.33223201
1571.911494	-0.411480007
1575.624012	-0.438912017
1580.79951	-0.4572
1584.79242	-0.435863984
1589.690502	-0.368808012
1593.963804	-0.377952003
1598.578518	-0.374904006
1603.135188	-0.42976799
1607.46951	-0.524256009
1612.306721	-0.515112017
1616.357377	-0.530352003
1621.47498	-0.624839985
1625.245392	-0.679704006
1630.643388	-0.579119993
1634.133408	-0.496823999
1639.817898	-0.195071996
1643.021423	-0.045720002
1648.986306	0.481584013
1651.912416	0.758952003
1658.15769	0.719327968
1660.800282	0.710183977
1667.329223	0.454152003
1669.691423	0.35356799
1676.500608	0.182880007
1678.57929	0.128015996
1685.669016	0.082296003
1687.470282	0.060960001
1694.8404	0.01524
1696.358298	-0.018288
1704.011784	-0.128015996
1705.24929	-0.131064002
1713.180192	-0.179831992
1714.137306	-0.185928004
1722.351577	-0.195071996
1723.028298	-0.195071996
1731.52311	-0.195071996
1731.916314	-0.195071996
1740.691518	-0.173735998
1740.80418	-0.173735998
1749.695321	-0.192023999
1749.862902	-0.192023999
1758.580212	-0.454152003
1759.034286	-0.463295994
1767.471204	-0.490728004
1768.20582	-0.493776001
1776.35922	-0.536447997
1777.374079	-0.554736016
1785.250212	-0.493776001
1786.542486	-0.490728004
1794.138079	-0.765047997
1795.716996	-0.807720029
1803.02922	-0.728472032
1804.885404	-0.70713598
1811.917086	-0.512063984
1814.056788	-0.463295994
1820.808079	0.237743991
1823.228321	0.493776001
1829.696094	1.490471959
1832.39658	1.898904006
1838.587086	2.4384
1841.568114	2.709672105
1847.475102	2.100071959
1850.736521	1.74955193
1856.363118	1.359408012
1859.910882	1.082039985
1865.25411	0.810768026
1869.07929	0.624839985
1874.141977	0.551687983
1878.247698	0.545591988
1883.033118	0.493776001
1887.422208	0.387095994
1891.918008	0.307847997
1896.590616	0.277368008
1900.809	0.277368008
1905.762	0.268223999
1909.697016	0.265176001
1914.933384	0.271271996
1924.101792	0.301752003
1933.273177	0.371856009
1936.367016	0.396239985
1942.441584	0.448056009
1945.254882	0.460247997
1951.616094	0.481584013
1954.142898	0.475487983
1960.784502	0.499871996
1963.03389	0.536447997
1969.95291	0.569976001
1971.921906	0.594360015
1979.12742	0.832104006
1980.812898	0.85953598
1988.295679	0.917447997
1989.700914	0.929639985
1997.467212	0.984504006
1998.591906	0.987552003
2006.63562	0.981456009
2007.479921	0.981456009
2015.80998	1.014983977
2016.367788	1.018031974
2024.978388	0.963168026
2025.255804	0.960120029
2034.146796	0.777239985
	
