204.79	RS=204.79  
0	12.46936795
9.07389614	12.61872047
18.14779228	9.954767953
27.22168726	8.494776256
36.29253591	8.8392
42.08068726	9.025128186
45.36643088	9.131807721
54.44032819	9.238487837
63.51422549	9.208007721
72.58811814	8.601455791
81.66202009	7.729728186
90.73591274	1.874520029
99.8098054	-1.392936052
108.8806564	-3.035808012
117.954549	-4.297680116
127.028451	-5.535167953
136.1023436	-7.190232047
145.1762363	-8.330183977
154.2501382	-9.509760233
163.3240402	-11.19835251
172.3979235	-13.96898456
181.4687745	-17.15109614
190.5426765	-19.00427953
199.6165598	-20.71115907
208.6904618	-21.19884093
217.7643637	-20.91842316
226.8382471	-20.83003088
235.912149	-20.94280772
244.986051	-20.81174363
254.0599529	-20.04669498
263.1307853	-18.51355251
272.2046873	-17.67230386
281.2785892	-16.80972047
290.3524726	-16.10258456
299.4263745	-16.37080772
308.5002765	-16.16963977
317.5741784	-15.93494363
326.6480804	-15.65757567
335.7188941	-15.18818456
344.7927961	-14.86814363
353.866698	-14.75841544
362.9406	-14.83461544
372.014502	-14.81023205
381.0884039	-14.47190386
390.1623059	-13.83487181
399.2361706	-12.87475251
408.3100726	-12.01826409
417.3809235	-11.71346409
426.4548255	-11.54582433
435.5287274	-11.39342433
444.6026294	-11.17701544
453.6764941	-10.87831158
462.7503961	-10.44854363
471.824298	-10.41501544
480.8982	-10.25347181
489.972102	-9.966960233
499.0429529	-9.546335907
508.1168549	-9.058655791
517.1907196	-8.570976256
526.2646216	-8.317992279
535.3385235	-8.034528186
544.4124255	-7.967471814
553.4863274	-7.885176256
562.5602294	-7.705344209
571.6340941	-7.354823744
580.7049451	-6.922007721
589.7788471	-6.455664093
598.852749	-6.074664093
607.926651	-5.754623744
617.0005529	-5.462016023
626.0744549	-5.172455791
635.1483568	-4.846319884
644.2222588	-4.480559942
653.2961607	-4.148327895
662.3670117	-3.898391988
671.4408393	-3.742943919
680.5147412	-3.66369614
689.5886432	-3.608832047
698.6625451	-3.468624035
707.7364471	-3.291840058
716.810349	-3.139440058
725.884251	-2.953511872
734.9581529	-2.773680116
744.0320549	-2.612135907
753.1029059	-2.465832047
762.1768078	-2.356104006
771.2507098	-2.28904807
780.3246117	-2.313432047
789.3984393	-2.331720029
798.4723412	-2.350008012
807.5462432	-2.417063948
816.6201451	-2.499359942
825.6940471	-2.505456081
834.764898	-2.551175965
843.8388	-2.471927895
852.912702	-2.417063948
861.9866039	-2.398775965
871.0605059	-2.328671959
880.1344078	-2.301240058
889.2083098	-2.307336052
898.2822117	-2.261616023
907.3560393	-2.231136052
916.4299412	-2.20675193
925.5038432	-2.179320029
934.5746941	-2.164079971
943.6485961	-2.157983977
952.722498	-2.1336
961.7964	-2.075687983
970.870302	-1.938528041
979.9442039	-1.853183977
989.0181059	-1.694687983
998.0920078	-1.389887983
1007.16591	-1.12166402
1016.239812	-1.103375965
1025.310588	-1.051560015
1034.38449	-1.069847997
1043.458392	-0.661416023
1052.532294	-0.027432001
1061.606196	0.399287983
1070.680098	1.731263948
1079.754	2.612135907
1088.827902	4.352543919
1097.901804	6.47090386
1104.064851	7.15670386
1106.975706	7.479792279
1116.049608	7.827264093
1125.120459	7.876032047
1134.194361	7.952232047
1143.268188	8.110728186
1152.34209	8.284464093
1161.415992	9.14095193
1170.489894	11.59459228
1179.563796	13.37462433
	
