	RS=140.18* 
0	9.44575193
7.988807721	9.019032047
9.762743628	8.717280116
15.97456795	7.190232047
19.52853591	6.63549614
23.96642316	6.281928186
29.28823088	6.031992279
31.95218456	6.071616023
39.05402549	6.141719884
39.63618995	6.144767953
39.94098995	6.147816023
47.9298	6.196583977
48.04867181	6.199632047
48.81676912	6.208776256
55.91861005	6.239255791
58.58255907	6.239255791
63.90741544	5.992367953
68.3453027	5.897880116
71.89622549	5.79424807
78.10805098	5.654039767
79.88197991	5.626607721
87.8707946	5.242560233
96.38385637	4.849367953
97.28302009	4.812791988
104.8969181	4.584191988
106.6921946	4.517135907
113.4130309	4.209288128
116.1013691	4.166616023
121.923051	3.310127895
125.5074927	2.648711872
130.4361127	1.569720029
134.9166765	0.548639985
138.9491745	-0.344423999
144.3288927	-1.746504006
147.4622363	-2.59384807
153.7380765	-4.255008012
155.978349	-4.79755193
163.147251	-6.464807721
164.4883598	-6.77875193
172.5564255	-8.506967953
173.0044726	-8.580119884
181.5175529	-9.817607721
181.962549	-9.890760233
190.0306147	-11.00327953
191.3747745	-11.22883205
198.5436765	-12.77112047
200.783949	-13.31671158
207.0536873	-15.19427953
210.1931235	-16.15135251
215.5698	-17.84299228
219.602298	-19.03780772
224.0828618	-20.15337684
229.0084402	-21.29027953
232.5959235	-21.91512047
238.4206471	-22.78075135
241.1089853	-23.13432047
247.8298402	-23.77744865
249.6220471	-23.89936912
257.2390147	-24.31084865
258.1351274	-24.31999228
266.6481892	-24.38095135
275.6154	-24.03652819
275.999451	-24.01519228
284.5795598	-23.48788726
285.3476618	-23.43912047
293.5467892	-22.91181544
294.6989235	-22.84171274
302.510949	-22.39365637
304.0471529	-22.32355135
311.4781598	-22.01265637
313.3983961	-21.91816912
320.4453706	-21.5646
322.7496765	-21.43658456
329.409549	-21.04034363
332.0979059	-20.89099228
338.3737274	-20.49170502
341.449149	-20.30577684
347.3409196	-20.00402316
350.8034804	-19.86381544
356.308149	-19.70836912
360.1516726	-19.63826409
365.2753784	-19.55901544
369.5029529	-19.50110386
374.2395196	-19.42490386
378.8511451	-19.33346409
383.203698	-19.23897567
388.2024255	-19.10791158
392.1709274	-19.00427953
397.5537059	-18.87016795
401.1381196	-18.77872819
406.901898	-18.59889614
410.102298	-18.49526409
416.2531784	-18.29104749
419.0695274	-18.19960772
425.6044216	-18.03501544
428.0337059	-17.9832
434.952651	-17.85213591
437.000898	-17.82165637
444.3038941	-17.74545637
445.9681274	-17.72716795
453.6551745	-17.61134363
454.9323059	-17.58696023
463.0034039	-17.41627181
463.899498	-17.39798456
472.3546471	-17.26387181
472.8667274	-17.25777567
481.7028765	-17.16328842
481.8309059	-17.16328842
490.7950471	-17.12976023
491.0541196	-17.12976023
499.7622765	-17.11452047
500.4054	-17.11147181
508.7295059	-17.01088842
509.7536294	-16.99869614
517.696698	-16.91335251
519.1048726	-16.89506409
526.6608765	-16.82496023
528.4561529	-16.81581544
535.6250549	-16.81886409
537.8043451	-16.83715251
544.5922471	-16.91335251
547.1556255	-16.96516795
553.5594765	-17.12366409
556.5069059	-17.20596023
562.5236549	-17.39493591
565.855098	-17.47113591
571.4908471	-17.526
575.2063784	-17.52904749
580.4550255	-17.50771158
584.5545706	-17.46808842
589.4222549	-17.41932047
593.905851	-17.37969614
598.3863961	-17.34312047
603.2570941	-17.30959228
607.3536255	-17.28825637
612.6053235	-17.25777567
616.3208549	-17.23339228
621.9566039	-17.18767181
625.2880471	-17.16633591
631.3078471	-17.11756795
634.2492117	-17.09318456
640.6560393	-17.04746409
643.2164039	-17.02003205
650.0073568	-16.94687953
652.1835961	-16.92249614
659.3586	-16.84324749
661.1507883	-16.81886409
668.7067922	-16.70303977
670.1150039	-16.67560772
678.0581098	-16.5354
679.0821961	-16.52320772
687.4093529	-16.4592
688.0493883	-16.45310386
696.7575451	-16.42262433
697.0136039	-16.41957567
705.9777451	-16.47443977
706.1087883	-16.47443977
714.9450117	-16.55673591
715.4601059	-16.56283205
723.9122039	-16.62683977
724.808298	-16.63903205
732.8793961	-16.70913591
734.1595412	-16.73047181
741.8465883	-16.83715251
743.5108588	-16.84934363
750.8077529	-16.91030386
752.859051	-16.93163977
759.7749451	-17.02003205
762.2102941	-17.03527181
768.7422117	-17.09927953
771.5616117	-17.10232819
777.7094039	-17.08708842
780.9098039	-17.04136795
786.6735451	-16.92554363
790.2610471	-16.81581544
795.6408117	-16.63293591
799.6122902	-16.46224749
804.6080039	-16.2306
808.9605568	-15.93799228
813.5721451	-15.621
818.3118	-15.15770386
822.5363607	-14.72183977
827.6660941	-14.08480772
831.5035529	-13.53616795
837.0113098	-12.58519228
840.4707451	-11.92377567
846.3656039	-10.64361544
849.4380117	-9.924288419
855.7168471	-8.45210386
858.4021529	-7.77849614
865.0650393	-6.144767953
867.3693451	-5.574792279
874.4163568	-3.96849614
876.3335607	-3.523488128
883.7676	-1.853183977
885.3007529	-1.52095193
890.3513098	-0.487680007
893.1157922	0.0762
894.2648941	0.298704006
902.4671098	1.335024035
903.2321607	1.484375965
909.3860549	2.67004807
911.8183529	3.139440058
912.1993529	3.188208012
921.1665451	4.504943919
929.1218549	5.913119884
933.8949961	5.775960233
937.0740393	5.666232047
945.026298	5.446776256
946.6234471	5.440680116
952.9816078	5.465064093
959.3457961	5.614416023
960.9368432	5.699760233
968.8921529	6.129528186
972.0742471	6.577583977
976.8473883	7.333487837
984.802698	8.76604807
	
