	RS=129.71* 
0	4.34644807
8.324087837	3.57835193
11.70432047	3.5814
16.65122433	3.81609614
23.41168726	4.154424035
24.97835907	4.163567953
31.69615135	4.251959942
33.30549498	4.27329614
35.11600772	4.27024807
41.62958456	4.230624035
46.82337451	4.209288128
49.95671814	4.215383977
58.28081005	4.18490386
58.5276973	4.178808012
66.6048973	3.8862
70.23201544	3.742943919
74.93508186	3.724656081
80.27517451	3.81609614
81.93937991	3.843527895
83.25916912	3.855719884
91.58630735	3.901440058
93.64370735	3.919727895
99.9103946	3.849624035
105.3449745	5.044439767
108.2375235	5.678423744
116.5646618	5.782055791
117.0523436	5.772912163
124.8918	5.608319884
128.7566618	5.522976256
133.2158873	5.428487837
140.4640309	5.2578
141.5399745	5.230367953
149.8671127	5.190744209
152.168349	5.145023744
158.1912	5.02310386
163.8726765	4.849367953
166.5213892	4.767072105
174.8454765	4.480559942
175.5800363	4.663440058
183.1726147	6.55015193
187.2843637	7.031735907
191.496702	7.525512163
198.9917235	7.519416023
199.8207892	7.516367953
208.1509598	7.373112163
210.696051	7.327392279
216.4750471	7.223760233
222.4003598	7.117080116
224.8021853	7.08355193
233.1262726	7.037832047
234.1077382	6.909816023
241.4534108	5.958839767
245.8120471	5.650992279
249.777498	5.367528186
257.5163745	5.87044807
258.1076873	5.910071814
266.4317745	6.153912163
269.2237529	6.010655791
274.7589127	5.70890386
280.9280618	5.394960233
283.083	5.279135907
291.4070873	5.129783977
292.6354402	5.123687837
299.7342255	5.065776256
304.336698	5.074919884
308.0613637	5.071871814
316.0410255	5.10235193
316.388502	5.10235193
324.7125706	5.1054
327.7484039	5.1054
333.0397274	5.087112163
339.4526941	4.998719884
341.3637961	4.974335907
349.6940039	4.776216023
351.1600726	4.73049614
358.0180726	4.541519884
362.8644	4.87984807
366.3421784	5.148071814
374.5687274	7.415783977
374.669298	7.443216023
382.9934039	7.580376256
386.2761059	7.62304807
391.3205235	7.674864093
397.9803961	7.717535907
399.6476804	7.723632047
407.9748	7.677912163
409.6877745	7.632192279
416.2989059	7.427976256
421.392102	7.056119884
424.6260255	6.812280116
433.0964294	5.458967953
441.3900255	3.953256081
442.4842471	3.761232047
449.6805706	3.236975965
451.8782039	3.066288128
457.9742039	2.709672105
461.2690726	2.50850386
466.261698	2.429255936
470.6630294	2.3622
474.5522804	2.237232047
480.0508471	2.069591988
482.8458765	1.764791988
489.4417529	1.078991988
491.1547274	0.905256009
498.8356726	0.067056
499.4635784	0.03048
507.7754804	-0.518160015
508.2265784	-0.554736016
516.0812804	-1.057656009
517.6174471	-1.185672032
524.3931451	-1.731263948
527.0083529	-1.98424807
532.7019961	-2.493264093
536.3992216	-2.81635193
541.0108471	-3.188208012
545.7931784	-3.57835193
549.319698	-3.922775965
555.1809961	-4.358640058
557.628549	-4.602480116
564.571902	-5.25170386
565.9374	-5.40715193
573.9658216	-6.269735907
574.246251	-6.306312163
582.555102	-7.370064093
583.3567274	-7.47064807
590.8639529	-8.519160233
592.7475961	-8.784335907
599.1758549	-9.546335907
602.138502	-9.878567953
607.4816549	-10.48816795
611.5293706	-10.93927181
615.7935196	-11.37818456
620.9233274	-11.93596795
624.1023706	-12.28648842
630.3111451	-13.00276795
632.4082078	-13.24965637
639.705102	-14.11528842
640.7201098	-14.23416023
648.9069961	-15.24
649.0960078	-15.25828842
657.0909059	-16.27327181
658.4898902	-16.44091158
665.2777922	-17.70583205
667.8777451	-18.19960772
673.4647529	-18.89455251
677.268651	-19.39442433
681.6485883	-19.87295907
686.6626078	-20.44598456
689.832498	-20.7264
696.0534393	-21.21407953
698.0194588	-21.38172047
705.4443451	-21.98217684
706.2032941	-22.04618456
714.3902549	-22.73503088
714.835251	-22.77160772
722.5740902	-23.25014363
724.2261568	-23.35072819
730.761051	-23.69515135
733.6200393	-23.85669498
738.9480117	-24.13711274
743.0078941	-24.34742316
747.1318471	-24.57602316
752.401851	-24.86863088
755.3188078	-25.03322316
761.7927568	-25.42336912
763.5056941	-25.52395135
771.1835883	-25.97810502
771.6896039	-26.01163088
779.8764902	-26.53588726
780.5744941	-26.58160772
788.063451	-27.13634363
789.9654	-27.27045637
796.2473607	-27.71241544
799.3593568	-27.89834363
804.4342471	-28.21838456
808.7501883	-28.46527181
812.6212078	-28.58414363
818.1410941	-28.75178456
820.8050432	-28.72130502
827.532	-28.68167953
828.9920039	-28.66948726
836.9229059	-28.69692047
837.1758393	-28.70606409
845.359749	-28.96819228
846.3167883	-28.99867181
853.5467098	-29.41624865
855.7046432	-29.54426409
861.7305451	-30.12338456
865.0986	-30.44342316
869.9175059	-31.27247953
874.4895059	-32.05581544
878.1043922	-32.65627181
883.8833883	-33.61639228
886.288302	-33.79012819
893.2712432	-34.33876912
894.4751883	-34.40582316
902.662149	-34.76548726
910.6906078	-34.35095907
912.1231529	-34.26561544
918.7189922	-33.42132047
921.5841568	-33.10737684
926.750502	-32.56787953
931.0451607	-32.14725637
934.4893412	-31.73882316
940.5030393	-31.00730502
942.2313059	-30.94329498
949.9640432	-30.67507181
949.9731961	-30.67507181
957.7151607	-30.28797684
959.4250471	-30.19958456
965.457051	-29.86735135
968.883	-29.65704093
973.1989412	-29.51987953
978.3470549	-29.32480772
980.9409059	-29.05353591
987.8050078	-28.29458456
988.6827961	-28.194
996.4217098	-27.25216912
997.2660117	-27.14244093
1004.166651	-25.61539228
1006.726941	-25.04541544
1011.908541	-23.75306409
1016.184894	-22.69235907
1019.647455	-21.68347181
1025.645898	-19.90344093
1026.828561	-19.74189498
1034.00349	-18.76653591
1035.106902	-18.60194363
1041.184596	-17.96186409
1044.567906	-17.55647953
1048.362651	-16.36471158
1054.025859	-14.52067181
1056.494694	-13.67332819
1063.489839	-11.24407181
1064.629788	-10.95451158
1072.764957	-8.6106
1072.947792	-8.558783977
1080.903102	-5.41629614
1082.408796	-4.858511872
1089.035145	-2.316479971
1091.8698	-1.341120029
1097.170239	-0.003048
1101.327753	0.950975965
1105.305408	1.636775965
1110.791808	2.627375965
1113.440502	2.956559942
1120.249761	3.840480116
1121.575596	4.059935907
1129.71069	5.224271814
1136.2944	5.358383977
1140.110502	5.40410386
1142.875059	4.696967953
1149.458694	2.996183977
1150.507188	2.721864093
1156.039353	2.993135907
1160.910051	3.230880116
1162.622988	3.337559942
1169.206698	3.840480116
1171.306812	4.011167953
1175.787357	4.151375965
1177.399761	4.175759942
1181.7096	4.239767953
1182.370992	4.27024807
1188.951651	4.593335907
1192.106361	4.751832047
1195.535361	4.812791988
1195.632843	4.812791988
1202.118996	4.931664093
1202.509149	4.937760233
1208.699655	4.88289614
1212.90591	4.864608012
1215.28329	4.87984807
1221.863949	4.885944209
1223.305647	4.855464093
1228.45071	4.739640058
1233.705459	4.712208012
1235.031294	4.684775965
1241.615004	4.605527895
1244.105196	4.587240058
1248.195588	4.736591988
1252.051279	4.87375193
1254.779298	5.221223744
1260.000486	5.961887837
1261.363008	6.1722
1267.943592	7.47369614
	
