	RS=185.31* 
0	11.60068842
7.833360233	10.82344749
13.70990386	9.75969614
15.66976795	9.339071814
23.50312819	8.31189614
27.41980772	7.946135907
31.33648726	7.687055791
39.16984633	7.446264093
41.12971274	7.376160233
47.00625637	7.24204807
54.83656912	6.897623744
54.83961544	6.897623744
62.67297451	6.906767953
68.54647181	6.839712163
70.50633823	6.833616023
78.34274363	6.580632047
82.25637451	6.827519884
86.17610735	7.0866
94.00642009	7.885176256
95.96628186	7.936992279
96.27717451	7.946135907
98.68205098	8.001
101.8428255	8.07415193
109.6761799	8.2296
116.9883382	6.742176256
124.3004873	3.410711872
127.9550363	3.179064093
131.6095946	3.038856081
138.9217436	2.654808012
146.2338927	1.892808012
153.546051	0.009144
160.8582	-2.938272105
164.5066471	-4.227575965
168.167298	-5.611367953
175.4794471	-7.266432047
182.7885637	-8.034528186
182.7916147	-8.034528186
190.1037637	-9.232392279
197.4128618	-10.65580772
201.0674108	-11.18006409
204.7250108	-11.66469614
212.0371598	-12.23467181
219.3462765	-12.66443977
226.6614765	-13.06372819
233.9705745	-13.35328842
237.6251235	-13.55140772
241.2827235	-13.74343205
248.5948726	-14.00860772
255.9039892	-14.17929614
263.2161382	-14.36217567
270.5282873	-14.56639228
274.1828363	-14.67307181
277.8373853	-14.77365637
285.1495529	-15.04797567
292.458651	-15.38325637
292.461702	-15.38325637
299.773851	-15.57527953
307.082949	-15.75816023
310.737498	-15.83131158
314.395098	-15.89836795
321.7072471	-15.99895251
329.0163451	-16.06905637
336.3315451	-16.30375251
343.6406804	-16.67560772
347.2952294	-16.94383205
350.9528294	-17.19681544
358.2649784	-17.67230386
365.5740765	-18.14779228
372.8892765	-18.47697567
380.1983745	-18.58975251
383.8529235	-18.63547181
387.5105235	-18.65376023
394.8226726	-18.75129614
402.1348216	-18.84883205
410.3553059	-18.75129614
411.8152726	-18.72691158
418.5788039	-18.50136023
421.4926726	-18.39772819
426.799251	-18.21789614
431.1761745	-18.08378456
435.022749	-17.99843977
440.8566255	-17.94052819
443.2462471	-17.907
450.5401274	-17.79727181
451.4697451	-17.77593591
459.6932804	-17.56867181
460.2205784	-17.55038456
467.9137274	-17.27911158
469.9040804	-17.21205637
476.1372255	-16.92859228
479.5844941	-16.78533591
484.3607235	-16.60855251
489.2679961	-16.48358456
492.5842216	-16.383
498.9484471	-16.21840772
500.8047059	-16.16659228
508.628898	-15.93799228
509.0282039	-15.93189614
517.248651	-15.82521544
518.3124	-15.80692819
525.472149	-15.69415251
527.992851	-15.63928842
533.6956471	-15.56003977
537.6763529	-15.48993591
541.9191451	-15.43507181
547.3568039	-15.36496795
550.1426804	-15.34058456
557.0403059	-15.22476023
558.3661784	-15.20342433
566.5896765	-15.02359228
574.8101235	-14.859
576.4042216	-14.84071158
583.0305706	-14.76146409
586.0846726	-14.74317567
591.2541059	-14.75232047
595.7651235	-14.75841544
599.4776039	-14.77060772
605.4486255	-14.75536795
607.701102	-14.72793591
615.1260255	-14.61516023
615.9246	-14.59687181
624.148098	-14.48714363
624.8094902	-14.48104749
632.3685451	-14.42008842
634.4899412	-14.38351158
640.5920432	-14.29207181
644.1734432	-14.21587181
648.8155412	-14.08785637
653.8538941	-13.95679228
657.0359883	-13.88973591
663.5373961	-13.77086409
665.2595607	-13.75562433
673.2178471	-13.72514363
673.4830588	-13.72209614
681.7065568	-13.62151158
682.898298	-13.60627181
689.9270039	-13.23136795
692.5818	-13.08201544
698.150502	-12.82903205
702.262251	-12.65529614
706.374	-12.43888842
711.9457529	-12.14018456
714.597498	-12.01216795
721.6262039	-11.67079228
722.8209961	-11.62812047
731.0414432	-11.32941544
731.3097059	-11.32027181
739.2649412	-11.21663977
740.9901568	-11.18006409
747.4853883	-10.93317567
750.6736588	-10.81735251
755.7089607	-10.60094363
760.3541098	-10.40282433
763.9324588	-10.30833591
770.0345607	-10.1346
772.1559568	-10.06754363
779.7179883	-9.738360233
780.3794549	-9.692639767
788.6029529	-9.131807721
789.3984393	-9.079992279
796.8234	-8.522207721
799.0819412	-8.345423744
805.046898	-8.00404807
808.7623922	-7.793735907
813.2673451	-7.5438
818.4428432	-7.275576256
821.4908432	-7.16889614
828.1232941	-6.92810386
829.7143412	-6.873239767
837.8037451	-6.608064093
837.9378393	-6.601967953
846.1614117	-6.260592279
847.4872471	-6.202680116
854.3818588	-5.995416023
857.167698	-5.910071814
862.6053568	-5.730239767
866.8512	-5.602223744
870.8288549	-5.477255791
876.531651	-5.300471814
879.0523529	-5.209032047
886.2151529	-4.974335907
887.2728	-4.919471814
895.496298	-4.523232047
895.8956039	-4.504943919
903.7197961	-3.782567953
905.5791059	-3.611880116
911.9402432	-2.8194
915.2595568	-2.389632047
920.1637412	-1.453895994
924.9400078	-0.512063984
928.3872393	0.073151998
934.6235098	1.185672032
936.6108117	1.3716
944.3039607	2.164079971
944.8343098	2.218944064
953.0578078	3.105911872
953.9873883	3.224783977
961.2782549	4.130040058
963.6678393	4.453127895
969.498702	5.068823744
973.3513412	5.495544209
973.7262393	5.526023744
977.7222	5.8674
983.0317922	6.117335907
985.945698	6.278880116
992.7122432	6.467855791
994.1691961	6.531864093
1002.392694	7.065264093
1007.2116	7.260335907
1012.027455	7.31215193
1016.84331	7.178039767
1018.985988	7.15975193
1021.662141	7.074407721
1026.481047	6.967728186
1031.296902	6.903719884
1035.579357	6.897623744
1036.115808	6.897623744
1040.931588	6.915912163
1045.750494	6.891528186
1050.566349	6.900671814
1052.172651	6.915912163
1055.385255	6.973823744
1060.20111	7.077455791
1065.019941	7.16889614
1068.765945	7.056119884
1069.838847	7.028687837
1074.654702	7.01344807
1079.470557	7.059167953
1084.289388	7.120128186
1085.359239	7.153655791
1085.865255	7.16889614
1089.108294	7.272528186
1093.924149	7.327392279
1098.743055	6.906767953
1101.952608	6.638544209
1103.55891	6.525767953
1108.377741	6.592823744
1113.193596	6.659880116
1118.012502	6.726935907
1118.548953	6.736080116
1122.828357	7.171944209
1127.647188	7.668767953
1132.466094	8.217407721
1135.142247	8.619744209
1137.281949	8.897112163
1142.100855	9.893807721
1146.91671	11.24712047
1151.735541	11.79271158
	
