147.85	RS=147.85  
0	9.963911581
8.811767953	9.171432047
17.62353591	7.226807721
26.43835135	6.196583977
35.25012047	5.839967953
38.27373591	5.818632047
44.06188726	5.779007721
61.68542549	5.431535907
70.50024093	5.074919884
79.3120054	3.078480116
88.12377451	0.758952003
96.93554363	-1.615440058
105.7473127	-3.05104807
114.5621235	-5.056632047
123.3738927	-7.650480116
132.1856618	-9.189719884
140.9974309	-9.845039767
149.8092	-10.16812819
158.6209598	-10.92403205
167.4357892	-11.90548842
176.247549	-13.87144749
185.0593274	-15.55089614
193.694298	-16.69999228
202.3262363	-17.37055251
210.9612255	-17.48942433
219.5931637	-17.49247181
228.2281529	-17.38883977
236.8600726	-17.27606409
245.4950618	-17.23034363
254.127	-17.20596023
262.7619892	-17.19072047
271.3939274	-17.21205637
280.028898	-17.2212
288.6608363	-17.24253591
297.2958255	-17.22729614
305.6168618	-17.15719228
313.937898	-17.02003205
322.2620039	-16.9164
331.2688216	-16.87677567
340.2756765	-16.76095251
349.2824941	-16.79447953
358.2924	-16.88592047
367.2992549	-16.9164
376.3060726	-16.86763205
385.3129274	-16.87677567
394.3227961	-16.98650386
403.329651	-17.13890386
412.3365059	-17.27606409
421.3433235	-17.21510386
430.3501784	-17.03222433
439.3600471	-16.83715251
448.366902	-16.6878
457.3737196	-16.55978456
466.3805745	-16.40433591
475.3904804	-16.35556795
484.397298	-16.26107953
493.4041529	-16.18183205
502.4109706	-16.09343977
511.4208765	-16.08734363
520.4276941	-16.19707181
529.434549	-16.34642433
538.4414039	-16.3068
547.4482216	-16.22755251
556.4581274	-16.30070386
565.4649451	-16.58721544
574.4718	-16.8402
583.4786549	-17.00783977
592.4885235	-17.05051158
601.4953784	-17.13280772
610.5021961	-17.12671158
619.509051	-17.07489614
628.5189568	-17.03832047
637.5258117	-17.03527181
646.5325922	-17.05660772
655.5394471	-17.05356023
664.5493529	-17.02612819
673.5562078	-17.05356023
682.5629883	-17.08403977
691.5698432	-17.17547953
700.576698	-17.23034363
709.5866039	-17.33092819
718.5934588	-17.51380772
727.6002393	-17.48942433
736.6070941	-17.29130386
745.617	-16.98345637
753.4016039	-16.62074363
761.1862078	-15.94103977
768.9708117	-15.56003977
776.7553412	-14.66697567
784.5246902	-14.29512047
792.2909883	-12.61262433
800.0573607	-10.62532819
807.8236588	-8.955023744
815.269902	-7.30910386
822.7161451	-4.404359942
830.1594117	-1.487424035
837.6056549	0.039623999
845.051898	1.8288
852.9371098	3.474719884
860.825298	3.672840058
868.7105098	5.318760233
876.598698	6.02589614
884.4839098	5.919216023
892.3690471	6.150864093
900.2573098	6.943344209
909.1513529	9.259823744
918.0453961	9.043416023
926.9424902	7.415783977
935.8366078	5.596128186
	
