	RS=170.10* 
0	11.23492819
6.364223744	9.970007721
12.7254	8.552687837
15.91056023	8.110728186
19.08962433	7.592567953
20.91842316	7.223760233
25.45384865	6.31850386
31.81502316	5.830823744
31.81807181	5.830823744
38.17924865	5.602223744
43.03775907	5.455919884
44.54347181	5.4102
47.72253823	5.34009614
50.9076973	5.349239767
57.26887181	5.379719884
63.6330973	5.306567953
71.94498995	4.2672
73.69454363	4.062983977
80.25993823	3.063240058
83.75903628	2.709672105
88.57183088	1.929383977
93.82048726	0.615695994
96.88677451	-0.112776001
103.8849799	-1.551432047
105.1956255	-1.804416023
113.5075181	-3.380232047
113.9464309	-3.471672105
121.8224618	-5.047487837
124.0109235	-5.367528186
130.1343637	-6.288023744
134.0693235	-7.187183977
138.4493073	-8.2296
144.1338255	-9.622535907
146.758149	-10.33576795
154.1952765	-12.31087181
155.0730927	-12.56690386
163.3849853	-14.96263205
164.2597598	-15.17294363
171.6968873	-16.57197567
174.3212108	-16.93773591
180.0118402	-17.48027953
184.3857127	-18.1356
188.3237235	-18.72691158
194.4471637	-19.79371274
196.6356255	-20.19909498
204.5116471	-21.52497684
204.9475274	-21.60727181
213.2594108	-22.70455135
214.573098	-22.86304865
221.5743637	-23.41778456
224.6376	-23.61285637
229.8862471	-23.81097684
234.699051	-24.01214363
238.198149	-24.14015907
244.7635529	-24.41143088
246.510051	-24.46934363
254.8219529	-24.68575135
263.8501274	-24.64003088
264.0025274	-24.63698456
272.875251	-24.40838456
273.183102	-24.40228726
281.9034255	-24.21940772
282.3606255	-24.20416912
290.925498	-23.84145637
291.538149	-23.81707181
299.9536726	-23.40864093
300.7156726	-23.36292047
308.9788147	-22.89047953
309.8962471	-22.84780772
318.0039196	-22.43937684
319.0768216	-22.37232047
327.0290804	-21.96998456
328.2543451	-21.92426409
336.0572549	-21.72614363
337.4319059	-21.69871274
345.0823784	-21.64994363
346.6094294	-21.65299228
354.107502	-21.64384865
355.7900039	-21.65299228
363.1326255	-21.60422316
364.9675274	-21.58898456
372.1608	-21.39086409
374.148102	-21.32990502
381.1828726	-21.06472819
383.3286765	-20.96719228
390.2110471	-20.65934363
392.503149	-20.52523088
399.2361706	-20.19909498
401.6837235	-20.05888726
408.2612941	-19.77237684
410.8612471	-19.6596
417.2864549	-19.39442433
420.0418216	-19.30907953
426.3146294	-19.03171158
429.2193451	-18.92198456
435.336702	-18.49526409
438.3969059	-18.24837567
444.3648765	-17.64182433
447.5774804	-17.28825637
453.39	-16.86153591
456.7550039	-16.61464749
462.4181745	-16.19402433
465.9355784	-15.93189614
471.4402471	-15.42897567
475.113102	-15.07236023
480.4684216	-14.72183977
484.2906255	-14.51152819
489.4935451	-14.34998456
493.468149	-14.30426409
498.5187059	-14.30121544
502.6487235	-14.34693591
507.5438294	-14.29816795
511.829298	-14.21892047
516.5720039	-13.93850386
521.0068216	-13.57274363
525.5971274	-13.20393591
530.1843451	-12.7254
534.622251	-12.3444
539.3619059	-11.97559228
543.6473745	-11.73175251
548.5424804	-11.55192047
552.675549	-11.47267181
557.7230549	-11.50315251
561.6976216	-11.53058456
566.9005784	-11.61287953
570.7257961	-11.61592819
576.078102	-11.54582433
579.7509196	-11.45438456
585.2556255	-11.20444749
588.7760804	-11.03071158
594.4362	-10.73200772
597.8012039	-10.52474363
603.6137235	-10.15898456
606.8293784	-9.948671814
612.794298	-9.500616023
615.854502	-9.275064093
621.9748726	-8.942832047
624.8795883	-8.817864093
631.1493451	-8.677655791
633.904749	-8.641080116
640.3299568	-8.580119884
642.9329607	-8.555735907
649.5074432	-8.418576256
651.9549961	-8.363712163
658.6880549	-8.1534
660.9832078	-8.07110386
667.8655412	-7.738871814
670.0082941	-7.632192279
677.043102	-7.278623744
679.0334549	-7.174992279
686.2236393	-6.757416023
688.0585412	-6.647687837
695.4012	-6.291071814
697.0867529	-6.217919884
704.5818117	-5.623560233
706.1118393	-5.495544209
713.759298	-4.87070386
715.137	-4.764024035
722.9368588	-4.172711872
724.1621607	-4.066032047
732.1143451	-3.255264093
733.190298	-3.12115193
741.2949568	-1.761744064
742.2124078	-1.588008012
750.4754941	-0.021336
751.2405451	0.128015996
759.6530549	1.566671959
760.2657059	1.670304006
768.8335922	3.032759942
769.2907922	3.096767953
778.008102	3.895343919
778.3159529	3.916680116
787.1886393	4.517135907
787.3440902	4.535424035
796.3662	5.675376256
803.5534078	6.489192279
805.056051	6.659880116
805.9247607	6.739128186
812.1609568	6.946392279
813.742851	7.001255791
815.4801961	7.0104
822.429651	6.78789614
825.0326549	6.669023744
831.116451	6.672071814
834.5880902	6.745223744
839.803251	6.915912163
844.146651	6.952487837
848.490051	6.976871814
853.7021607	6.900671814
857.176851	6.873239767
863.2575961	7.025639767
865.863651	7.248144209
872.8100549	8.31189614
874.550451	8.641080116
882.3685412	10.39977567
883.237251	10.52474363
891.924051	11.049
	
