	RS=35.035* 
0	1.783079971
4.18795193	1.725167953
8.372855791	1.645920029
12.56080772	1.581912017
14.91996023	1.554479971
16.74876023	1.530095994
20.93671274	1.490471959
25.12161544	1.456944064
29.30956912	1.408175965
29.83687181	1.402079971
33.49447181	1.380744064
37.68242316	1.362455936
44.75683088	1.338071959
49.3836973	1.261871959
55.46141005	1.091183977
61.57264633	1.018031974
64.27012819	0.960120029
71.68286177	0.966216023
73.07884633	0.954024035
81.79308186	0.688847997
81.89062009	0.6858
90.69933823	0.292607993
91.90329265	0.188976001
99.50805637	-0.496823999
102.0165637	-0.926591988
108.3198255	-2.075687983
112.1298255	-3.04190386
117.1285436	-4.395216023
122.2400363	-6.138671814
125.9403127	-7.437119884
132.3502564	-9.723119884
134.7459799	-10.58570386
142.4604765	-13.23441544
143.557749	-13.61236795
152.3664765	-16.20621544
152.5737382	-16.24888842
161.1782363	-17.96491158
162.683949	-18.16912819
169.9869637	-19.12924749
172.7941598	-19.34870386
178.7987235	-19.85772047
182.9074402	-20.12594363
187.607451	-20.46122316
193.017651	-20.79650502
196.4192108	-21.00376912
203.1309127	-21.30247181
205.2279382	-21.39391274
213.2411235	-21.51583088
214.0366471	-21.50973591
222.8453745	-21.31771274
223.3513529	-21.30856912
231.6571529	-21.14397684
233.4615637	-21.09825637
240.4658618	-20.89404093
243.5717745	-20.79345637
249.2776402	-20.59533591
253.6850363	-20.45512819
258.086349	-20.31492047
263.798298	-20.193
266.8981274	-20.13813591
273.9085274	-20.07107953
275.7068363	-20.05888726
284.0187382	-20.06803088
284.5186147	-20.06803088
293.3242726	-20.07107953
294.128949	-20.07717684
302.136051	-20.11070502
304.2391598	-20.12899228
310.9447598	-20.193
314.3524216	-20.21128726
319.7565196	-20.28444093
324.462651	-20.35149498
328.5652471	-20.44903088
334.5758941	-20.64715135
337.3770255	-20.72030502
344.6861235	-20.98547953
346.1857529	-21.04034363
354.7963529	-21.23846409
354.9974941	-21.24151274
363.8062216	-21.05558456
364.9065451	-21.03729498
372.614949	-20.83612819
375.0198255	-20.84832047
381.4236765	-20.90013591
385.1300549	-21.0312
390.2354549	-21.20493591
395.243298	-21.68042316
399.0441451	-22.08275907
405.3535274	-22.44547181
407.8559235	-22.57653591
415.4637196	-22.64664093
416.664651	-22.65578456
425.4764294	-22.86
425.577	-22.86304865
434.2851196	-23.27147953
435.6872294	-23.32329498
443.0938471	-23.63114363
445.7974216	-23.6982
451.9025745	-23.85974363
455.907651	-23.96642316
460.7143529	-24.09748726
466.0208941	-24.27732047
469.5230804	-24.39009498
476.1341745	-24.6126
478.3348216	-24.6888
486.2444039	-24.86863088
487.143549	-24.89301544
495.9522765	-24.96007181
496.3545961	-24.96312047
504.7640549	-24.90520772
506.4648255	-24.94178456
513.5727451	-25.05455907
516.5750549	-25.13380772
522.3814726	-25.27401544
526.6852471	-25.31364093
531.1902	-25.36850502
536.8015784	-25.30144865
540.0019784	-25.28011274
546.9117706	-25.24658456
548.8107059	-25.24048726
557.022	-25.32887953
557.6224471	-25.33192819
566.4311745	-25.38984093
567.1322294	-25.39288726
575.2429529	-25.42336912
577.2424216	-25.47823088
584.0516804	-25.68854363
587.355702	-25.82265637
592.8634216	-26.05430502
597.4658941	-26.37129498
601.669098	-26.66390502
607.5791745	-26.85897684
610.4808765	-26.96870502
617.6894039	-27.1272
619.2896039	-27.16377684
627.7995961	-27.36494363
628.1013451	-27.37408726
636.9101098	-27.45028726
637.9128393	-27.45943088
645.721851	-27.52953591
648.0231059	-27.52039228
654.5305412	-27.48686409
658.133298	-27.52953591
663.3423568	-27.56915907
668.2434902	-27.66974363
672.1479961	-27.75204093
678.3568078	-27.89529498
680.9598117	-27.94711274
688.470051	-28.15132819
689.768502	-28.18485637
698.5802432	-28.32506409
705.612	-27.98368726
708.666102	-27.74289498
712.6468078	-27.19120772
718.7550117	-26.24327953
719.6784902	-26.09392819
726.7102471	-25.17038456
728.8438471	-24.92349498
733.7450549	-24.49372819
738.9297059	-23.99690502
740.7797883	-23.80183088
747.8115451	-22.71064865
749.0154902	-22.47290502
754.8463529	-20.77516912
759.101349	-19.61692819
761.8781098	-18.64461544
768.9097922	-16.28546409
769.1902588	-16.18487953
772.2534393	-14.72183977
775.9446	-12.96009614
779.2790941	-11.45438456
782.9763568	-9.732264093
789.3649529	-6.815328186
790.0110902	-6.605016023
797.045898	-4.215383977
799.4537883	-3.172967953
804.0776549	-2.218944064
809.542698	-1.234440058
811.1123883	-0.929639985
818.1441451	0.179831992
819.6285568	0.316991988
825.175902	0.765047997
829.7143412	1.112520029
834.4784039	1.22224807
837.9378393	1.274063948
846.1583607	1.773936052
847.9048588	2.014728041
854.3818588	2.947416023
861.3281883	3.560064093
862.6053568	3.66064807
870.8288549	3.758183977
874.7485412	3.380232047
879.049302	2.935224035
887.269749	1.502663948
888.1719451	1.420367953
895.4932471	0.795527968
901.595349	0.743712017
903.7136941	0.725424035
911.9341412	0.798575965
915.015702	0.877824035
920.1545883	1.01193598
928.3781607	1.118616023
928.4391059	1.115568026
936.5955568	1.094231974
941.8655607	1.08813598
944.8160039	1.094231974
953.036451	1.271016023
955.2888902	1.325879971
961.259949	1.402079971
968.7122941	1.533144064
969.4803961	1.533144064
977.7008432	1.578863948
982.1326471	1.60324807
985.9243412	1.52704807
994.1447883	1.310640058
995.556051	1.267967953
1002.36531	1.048512017
1008.979455	0.899160015
1010.585757	0.890016023
1018.809255	1.030224035
1022.399808	1.112520029
1027.029702	1.29235193
1035.250149	0.850391988
1035.823212	0.856487983
1043.470596	0.886968026
1049.249592	0.841247997
1051.694094	0.807720029
1059.91149	0.6858
1062.672996	0.658368026
1068.132012	0.624839985
1076.093349	0.633983977
1076.352459	0.633983977
1084.575957	0.667512017
1089.516753	0.655320029
1092.796404	0.646175965
1101.016851	0.670560015
1102.940157	0.670560015
1109.237298	0.673608012
1116.36051	0.694943991
1117.460796	0.697991988
1125.681243	0.719327968
1129.783839	0.713231974
1133.90169	0.70713598
1142.125188	0.606552003
1143.234702	0.612647997
1150.34571	0.658368026
1156.682439	0.66446402
1158.566157	0.667512017
1166.786604	0.633983977
1170.133302	0.643127968
1175.007051	0.655320029
1183.227498	0.615695994
1183.577988	0.615695994
1191.447945	0.594360015
1197.0258	0.612647997
1199.668392	0.621791988
1207.89189	0.658368026
1210.476588	0.640079971
1216.112412	0.594360015
1223.921349	0.579119993
1224.332859	0.579119993
1232.553306	0.606552003
1237.372212	0.569976001
1240.776804	0.551687983
1248.997177	0.768095994
1250.820023	0.746760015
1257.217698	0.646175965
1264.26471	0.66446402
1265.441196	0.667512017
1273.661718	0.643127968
1277.715498	0.633983977
1281.88209	0.649224035
1290.102612	0.515112017
1291.16331	0.524256009
1298.322984	0.530352003
1304.607996	0.35356799
1306.543506	0.289559996
1314.763879	0.292607993
1318.058784	0.289559996
1322.9844	0.347471996
1331.207898	0.478536016
1331.509721	0.478536016
1339.42842	0.441960015
1344.957384	0.40843201
1347.648792	0.399287983
1355.87229	0.445008012
1358.40222	0.469391988
1364.092812	0.527304006
1371.853008	0.527304006
1372.313184	0.530352003
1380.533706	0.606552003
1385.30082	0.637031974
1388.757204	0.667512017
1396.977577	0.786383977
1398.745506	0.810768026
1405.198098	0.856487983
1412.196294	0.850391988
1413.415494	0.847343991
1421.638992	0.908304006
1425.644106	0.890016023
1429.859514	0.81686402
1438.079886	0.667512017
1439.091918	0.661416023
1446.303384	0.633983977
1452.53958	0.603504006
1454.523906	0.603504006
1462.744279	0.554736016
1465.990518	0.569976001
1470.9648	0.591312017
1479.188298	0.612647997
1479.43818	0.6096
1487.40882	0.554736016
1492.883016	0.509015987
1495.629192	0.472439985
1503.849714	0.289559996
1506.333804	0.274319993
1512.073212	0.298704006
1519.781616	0.33223201
1520.290608	0.335280007
1528.51098	0.496823999
1533.226302	0.539495994
1536.734479	0.521208012
1544.955	0.515112017
1546.67709	0.515112017
1553.175521	0.524256009
1560.127879	0.50596799
1561.395894	0.509015987
1569.619392	0.515112017
1573.572714	0.545591988
1577.839914	0.551687983
1586.060286	0.445008012
1587.020377	0.435863984
1594.283784	0.359663984
1600.471314	0.329184013
1602.504306	0.323087983
1610.724679	0.301752003
1613.916	0.280416005
1618.9452	0.252983995
1627.168698	0.451104006
1627.363812	0.460247997
1635.386094	0.813816023
1640.8146	1.085087983
1643.606616	1.22224807
1651.826988	1.146047997
1654.259286	1.133856009
1660.050486	1.103375965
1667.710223	1.0668
1668.271008	1.069847997
1676.49138	0.880872032
1681.157886	0.701039985
1684.714879	0.548639985
1692.9354	0.539495994
1694.608823	0.539495994
1701.155921	0.536447997
1708.05351	0.624839985
1709.376294	0.637031974
1717.599792	0.6858
1721.501321	0.716279971
1725.820314	0.743712017
1734.040686	0.734568026
1734.95211	0.734568026
1742.261208	0.731520029
1748.396796	0.545591988
1750.484706	0.469391988
1758.702102	0.182880007
1761.844608	0.134111999
1766.922623	0.124967999
1775.146121	0.0762
1775.295396	0.0762
1783.366494	0.012192
1788.740082	0
1791.587016	-0.012192
1799.807388	0.021336
1802.19102	0.009144
1808.030886	-0.036575999
1815.638682	-0.158495994
1816.251408	-0.167640004
1824.47178	-0.246888001
1829.083518	-0.259080007
1832.692302	-0.268223999
1840.9158	-0.35356799
1842.534306	-0.368808012
1849.136321	-0.40843201
1855.982118	-0.411480007
1857.356694	-0.40843201
1865.580192	-0.374904006
1869.432906	-0.390143991
1873.797588	-0.417576001
1882.01811	-0.454152003
1882.877592	-0.451104006
1890.238482	-0.445008012
1896.32838	-0.451104006
1898.46198	-0.451104006
1906.682502	-0.466343991
1909.776192	-0.545591988
1914.903023	-0.670560015
1923.126521	-0.676656009
1923.220879	-0.679704006
1931.346894	-0.96926402
1936.671816	-1.014983977
1939.567416	-1.033272032
1947.787788	-0.697991988
1950.119479	-0.673608012
1956.011286	-0.588263984
1963.564314	-0.539495994
1964.231808	-0.536447997
1972.45218	-0.496823999
1977.015102	-0.4572
1980.672702	-0.445008012
1988.893223	-0.463295994
1990.46589	-0.463295994
1997.113596	-0.460247997
2003.910577	-0.521208012
2005.334118	-0.545591988
2013.557616	-0.734568026
2017.358388	-0.737616023
2021.777988	-0.774191988
2029.99851	-0.917447997
2030.809177	-0.929639985
2038.218882	-0.966216023
2044.256988	-0.993647997
2046.44238	-1.002791988
2054.662902	-0.972312017
2057.701823	-0.996695994
2062.883423	-0.920495994
2071.103796	-1.380744064
2071.152612	-1.380744064
2079.327294	-1.4478
2084.600423	-1.395983977
2087.547816	-1.274063948
2095.768188	-0.481584013
2098.04511	-0.207264002
2103.98871	0.387095994
2111.495898	2.029967953
2112.209082	2.154936052
2120.429604	3.368040058
2124.946686	3.011424035
2128.649977	2.718816023
2136.873623	1.642871959
2138.391521	1.508759942
2145.093996	0.944879971
2151.839184	0.624839985
2153.314518	0.563880007
2161.53489	0.624839985
2165.290121	0.633983977
2169.758388	0.679704006
2177.97891	0.490728004
2178.734808	0.472439985
2186.199282	0.326136016
2192.18262	0.35356799
2194.42278	0.35356799
2202.643302	0.387095994
2205.633408	0.377952003
2210.863823	0.368808012
2219.084196	0.420623999
	
