	RS=81016.1*
0	0.624839985
9.467087837	0.618743991
11.59459228	0.615695994
18.93417567	0.6096
23.19223088	0.606552003
28.40126409	0.603504006
34.78987181	0.600456009
37.86530502	0.597408012
46.38751274	0.591312017
47.32934363	0.588263984
56.79643088	0.579119993
57.9821027	0.579119993
69.5766973	0.563880007
75.73061005	0.445008012
76.25486177	0.423671996
81.17433823	0.198119993
85.19769265	-0.03048
92.77197451	-0.868679971
94.66477991	-1.072895994
102.4280363	-2.017775965
111.706149	-3.11810386
118.9238201	-3.971543919
120.9842618	-4.34644807
130.2654255	-6.056376256
139.5465799	-7.77544807
148.8246927	-9.500616023
151.4977946	-9.997439767
151.7995436	-10.01572819
158.1028147	-10.41196795
180.9292726	-12.86865637
184.4405745	-13.1064
184.6417529	-13.14297567
184.8398618	-13.15516795
207.5809853	-14.64868842
217.4626147	-15.10893591
235.2446363	-15.94713591
236.3510618	-16.02333591
239.1430402	-16.11782433
252.8529382	-16.53235251
261.5366873	-16.74876023
274.2316147	-17.12976023
286.7070765	-17.44370386
299.7921382	-17.55952819
318.9427274	-17.77288842
325.1697706	-17.93138456
349.6208549	-18.63242433
373.1727196	-18.23008842
380.7836039	-18.04111158
395.700498	-17.84603977
410.5077059	-17.70583205
417.957	-17.57172047
438.8266471	-17.38579228
439.8477196	-17.3736
452.3597745	-17.12976023
465.4753274	-16.82800772
476.2652549	-16.59940772
488.9083529	-16.15135251
490.1336549	-16.08734363
500.021349	-15.36801544
502.2098294	-15.17903977
503.4046216	-15.02968842
523.9603529	-13.57579228
525.2709706	-13.44472819
527.0479784	-13.33804749
550.8620039	-9.59510386
552.751749	-9.406128186
559.006251	-9.055607721
576.3981196	-6.577583977
580.1776471	-6.071616023
592.6988549	-4.288535907
593.2444216	-4.239767953
594.0674039	-4.151375965
601.833702	-3.176016023
604.3056255	-2.868167953
610.4229451	-2.334767953
616.0130039	-1.853183977
619.0152765	-1.6002
627.6076078	-0.883920029
627.7233961	-0.874775965
637.1935529	-0.121920002
639.1564471	0.01524
643.5485883	0.237743991
646.6637098	0.396239985
650.744949	0.399287983
656.1307412	0.393191988
662.336502	0.490728004
665.600898	0.539495994
673.9280549	0.58216799
675.0710549	0.588263984
684.5351098	0.615695994
685.5196078	0.618743991
694.0051922	0.63093598
697.1111607	0.637031974
703.475349	0.646175965
708.6995883	0.655320029
712.9424549	0.66446402
720.2911412	0.676656009
722.4126117	0.682752003
731.8826941	0.701039985
	
