	RS=175.63* 
0	10.95451158
8.628887837	10.57046409
9.585960233	10.38758456
17.25777567	8.570976256
19.17496795	8.253983977
25.88666409	7.659623744
28.76397684	7.595616023
34.51555135	7.726680116
38.34993591	7.866887837
43.14444093	8.043671814
44.57395367	8.0772
47.93894363	8.15644807
51.77332819	8.193023744
57.4548	8.321039767
57.5249027	8.321039767
60.40221544	8.330183977
67.11391274	8.1534
69.0311027	8.165592279
76.70291814	7.99490386
77.65998995	7.970519884
86.28888186	7.751064093
94.91776912	7.126223744
95.87483628	7.077455791
103.5466564	6.70864807
105.463851	6.77570386
112.1755436	7.0104
115.0528564	6.982967953
120.8013799	6.93115193
124.6388201	6.943344209
129.4333181	6.9342
134.2278255	6.888480116
138.0622054	6.86409614
143.8137799	6.78484807
146.6910927	6.720839767
153.4027946	6.77570386
155.3199799	6.7818
162.9918	6.70255193
163.9458255	6.696455791
172.5777637	6.345935907
181.5510765	5.001767953
181.7705235	4.962144209
190.5243892	2.987040058
190.9693853	2.868167953
199.497702	0.865631974
200.1621637	0.682752003
208.4679637	-1.725167953
209.3579745	-1.962912017
217.4443274	-4.10870386
218.5507529	-4.358640058
226.4145892	-6.269735907
227.7435127	-6.617207721
235.3909529	-8.564880116
236.9423745	-8.887967953
244.3612147	-10.18641544
246.1351529	-10.45159228
253.3345274	-11.10996023
255.3309637	-11.25626409
262.3108726	-11.71956023
264.5237235	-11.85062433
271.2811529	-12.21028842
273.7225853	-12.32916023
280.257498	-12.62481544
282.9153637	-12.71625637
289.2277598	-12.95704749
292.1081235	-13.03934363
298.2010726	-13.16736023
301.3039529	-13.22832047
307.1743853	-13.35328842
310.4997637	-13.41424749
316.147698	-13.50873591
319.6955745	-13.56055251
325.1240804	-13.54836023
328.8883529	-13.52397567
334.0943235	-13.46606409
338.0810941	-13.38986409
343.0676549	-13.32585637
347.2769235	-13.24660772
352.040949	-13.14907181
356.4727529	-13.06677567
361.0142804	-13.01191158
365.6685451	-13.00276795
369.9875745	-13.01191158
374.8613235	-13.02715251
378.9609059	-13.04239228
384.0571529	-13.08201544
387.931149	-13.11554363
393.2529451	-13.14602433
396.9074941	-13.17040772
402.4457235	-13.20088842
405.8808255	-13.21307953
411.6415529	-13.21917567
414.8541196	-13.20088842
420.8342941	-13.17040772
423.827451	-13.14907181
430.0331745	-13.09420772
432.7976941	-13.05458456
439.2259529	-12.97228842
441.7740765	-12.95095251
448.4186941	-12.87170386
450.7443196	-12.86256023
457.6145235	-12.80769614
459.720702	-12.78636023
466.8103529	-12.73454363
468.6909451	-12.73454363
476.0061451	-12.77416795
477.6673274	-12.78026409
485.1989235	-12.82598456
486.6406216	-12.83817567
494.391702	-12.91132819
495.610902	-12.91132819
503.5905451	-12.92352047
504.5872471	-12.91742433
512.7833235	-12.83512819
513.5575274	-12.82598456
521.9791529	-12.69492047
522.5338726	-12.68272819
531.1718941	-12.46022433
531.5041529	-12.45412819
540.3707745	-12.32001544
540.4774471	-12.32001544
549.4538294	-12.25600772
549.5635529	-12.25600772
558.4240726	-12.31392047
558.7562941	-12.32001544
567.4004549	-12.46632047
567.9521235	-12.47546409
576.370698	-12.63091158
577.1479529	-12.64005637
585.3440294	-12.7254
586.3437451	-12.74063977
594.3173235	-12.81379228
595.5365235	-12.81683977
603.2906549	-12.81074363
604.729302	-12.79855251
612.263949	-12.73759228
613.9281451	-12.71320772
621.2372804	-12.62176795
623.1209235	-12.59433591
630.2135883	-12.4968
632.3167529	-12.47851158
639.1839059	-12.42669614
641.5094941	-12.41755251
648.1572	-12.41755251
650.7084117	-12.42974363
657.1304941	-12.47546409
659.9011529	-12.48765637
666.1037883	-12.53032819
669.0938941	-12.56080772
675.0771568	-12.63091158
678.2897607	-12.67053591
684.050451	-12.74368842
687.4855529	-12.78940772
693.0267961	-12.8778
696.6813451	-12.92961544
701.9970393	-13.02410386
705.8741607	-13.08506409
710.9704078	-13.1826
715.066902	-13.28013591
719.943702	-13.39596023
724.2657451	-13.49349614
728.9169961	-13.60932047
733.4585607	-13.72209614
737.8902902	-13.82877567
742.6543529	-13.95374363
746.8636588	-14.10004749
751.8470941	-14.30731158
755.833902	-14.51457567
761.0429607	-14.80718456
764.8102471	-15.02663977
770.2387529	-15.35887181
773.7835412	-15.57223205
779.4314941	-15.91665637
782.7569098	-16.13001544
788.6273607	-16.49882433
791.7302039	-16.72742433
797.8231529	-17.18767181
800.703498	-17.42846409
807.0189451	-17.95576795
809.6767922	-18.16607953
816.2117607	-18.70252819
818.6471098	-18.86407181
825.404502	-19.3548
827.6234549	-19.49196023
834.6033451	-20.00707181
836.593698	-20.14423088
843.7961607	-20.53132819
845.5700432	-20.62581544
852.9919529	-20.98547953
854.5434117	-21.05863088
862.1877451	-21.39391274
863.5167059	-21.44877684
871.3805607	-21.71090502
872.49	-21.74443088
880.5763529	-22.0218
881.4602432	-22.05227953
889.7690941	-22.33269498
890.4365883	-22.35403088
898.9680117	-22.60701544
899.4069059	-22.61920772
908.1607529	-22.75636912
908.383251	-22.76246409
917.3534941	-22.98801544
925.7050588	-22.44547181
927.3173883	-22.41194363
934.0504471	-21.86025637
937.2813568	-21.54021544
942.3959098	-20.88184865
947.2422	-20.18385637
950.744349	-19.90648726
957.2060941	-19.58949498
959.0898117	-19.46147953
967.1699883	-18.41906409
967.438251	-18.39163205
975.7836393	-17.82165637
977.1309059	-17.72107181
984.1321529	-17.13585637
987.0948	-16.98955251
992.4775412	-16.62683977
997.0556432	-16.20621544
1000.826055	-15.89227181
1007.019612	-15.29486409
1009.174494	-14.92910386
1016.983506	-13.58493591
1017.519957	-13.48130386
1025.868396	-11.77442433
1026.944349	-11.54582433
1034.213859	-10.32662433
1036.905192	-9.793224326
1042.562298	-8.625839767
1046.869161	-7.738871814
1050.907761	-6.906767953
1056.833055	-5.693664093
1059.2562	-5.038344209
1066.793898	-3.27050386
1067.601588	-3.154680116
1075.947051	-1.731263948
1076.757792	-1.594104006
1084.29549	-0.588263984
1086.721761	-0.277368008
1092.644004	0.399287983
1096.682604	0.731520029
1100.992443	1.060704006
1106.643447	1.313687983
1109.337906	1.432559942
1116.610392	1.856232047
1117.686345	1.914144064
1126.031808	2.447543919
1126.57131	2.490216023
1134.380247	3.176016023
1136.532153	3.300983977
1142.72571	3.706367953
1146.499098	3.925824035
1151.074149	4.123943919
1156.459941	4.392167953
1159.419612	4.4196
1166.420859	4.392167953
1167.765	4.386072105
1176.113439	4.300727895
1176.381702	4.300727895
1184.461953	4.294632047
1186.348647	4.285488128
1192.810392	4.2672
1196.30949	4.27329614
1201.155855	4.285488128
1206.270408	4.401311872
1209.504294	4.477511872
1216.237353	4.818888128
1217.849757	5.03529614
1217.895447	5.041392279
1226.198196	6.147816023
1232.044239	6.678167953
1233.626208	6.821423744
1237.872051	7.068312163
1241.054145	7.071360233
1248.485208	6.967728186
1249.54278	6.946392279
1255.916196	6.912864093
1261.219686	6.867144209
1263.344208	6.909816023
1270.775196	6.998207721
1272.893616	7.040880116
1278.203208	7.117080116
1284.570521	7.357871814
1285.63122	7.449312163
1293.059082	8.656319884
1296.244302	9.262871814
1300.49022	10.15898456
1307.921208	10.49426409
	
