195.27	RS=195.27  
0	11.33246409
9.098280116	11.75003977
18.19960772	9.723119884
27.29788726	8.342376256
36.39921544	8.016239767
45.4974973	7.257287837
54.59577451	6.428232047
63.6971027	6.54710386
72.79538456	9.208007721
81.89671274	9.994392279
88.9132054	10.03096795
90.9949946	10.04011158
100.0932765	10.07668842
109.1946	9.936479535
118.2928819	9.83589614
127.3942054	9.275064093
136.4924873	8.138160233
145.5938201	7.370064093
154.6920927	6.412992279
163.7903745	5.782055791
172.891698	5.266944209
181.9899892	4.843272105
191.0913127	4.657343919
200.1895853	5.093207721
209.2878765	5.248655791
218.3892	4.754880116
227.4874726	4.279391988
236.5888147	3.88924807
245.6870873	3.496056081
254.7853598	3.115056081
263.886702	2.831591988
272.9849745	2.432304006
282.086298	1.905
291.1845892	1.304544064
300.2859127	0.481584013
309.3841853	-0.149352003
318.4824765	-0.66446402
327.5838	-1.149095994
336.6820726	-1.667255936
345.7833961	-2.237232047
354.8817059	-2.862072105
363.9830294	-3.471672105
373.081302	-4.04164807
382.1795745	-4.538472105
391.280898	-4.968239767
400.3791706	-5.419344209
409.4804941	-5.919216023
418.5788039	-6.598919884
427.6770765	-7.171944209
436.7784	-7.629144209
445.8766726	-8.07110386
454.9779961	-8.476487837
464.0763059	-8.930639767
473.1776294	-9.381744209
482.275902	-9.811511581
491.3741745	-10.14374363
500.475498	-10.39672819
509.5737706	-10.64361544
518.6750941	-10.88440772
527.7734039	-10.91793591
536.8747274	-10.75334363
545.973	-10.73810386
555.0712726	-11.10081544
564.1725961	-11.66774363
573.2709059	-12.26515251
582.3722294	-12.91437567
591.470502	-13.45692047
600.5718255	-14.28292819
609.670098	-15.66672047
618.7714216	-16.58721544
627.8696941	-16.66341544
636.9680039	-16.54454363
646.0692902	-16.90116023
655.1676	-17.52904749
664.2689607	-18.31238456
673.3671961	-18.83968842
682.4685568	-19.17192047
691.5667922	-19.72970502
700.665102	-20.36673591
709.7663883	-20.90318456
718.864698	-21.63165637
727.9660588	-22.57348726
737.0642941	-23.28976912
746.1656549	-23.86279228
755.2638902	-24.52725637
764.3622	-25.09723088
773.4635607	-25.60015135
782.5617961	-26.29814363
791.6631568	-27.11195907
800.7613922	-27.93796912
809.8627529	-27.96844865
818.9609883	-27.52953591
828.059298	-26.5176
837.1606588	-23.43912047
846.2588941	-20.17471274
855.3602549	-16.91335251
864.4584902	-13.37157567
873.559851	-9.997439767
882.6581607	-7.885176256
891.7594471	-5.702807721
900.8577568	-2.612135907
909.9559922	0.509015987
919.0573529	3.34975193
928.1555883	5.910071814
937.256949	7.1628
946.3552588	8.08024807
954.6884432	9.031223744
955.4565451	9.119616023
964.5548549	9.412223744
973.6561412	9.168383977
982.754451	8.394192279
991.8527607	7.360919884
1000.954047	7.208519884
1010.052357	7.379207721
1019.153643	7.16889614
1028.251953	7.132319884
1037.353239	7.025639767
1046.451549	7.595616023
1055.55291	9.643871814
1064.651145	12.06703205
	
