	RS=145840.*
0	1.45084807
15.28876795	1.560575965
18.38858456	1.615440058
30.57753591	1.786128041
32.17468726	1.783079971
50.56327181	1.804416023
50.96561005	1.804416023
61.15811814	1.722120029
64.35242549	1.566671959
68.94881005	1.301495994
73.54518995	0.960120029
76.44688726	0.786383977
81.59191274	0.335280007
87.15146177	-0.164592007
92.68053823	-0.405384013
96.17963628	-0.490728004
98.30105098	-0.597408012
103.1869946	-0.960120029
110.188251	-1.313687983
110.4381799	-1.328928041
116.3269181	-1.792224035
121.9139073	-2.014728041
127.9946618	-2.621280116
131.2468819	-3.105911872
133.5603127	-3.462527895
145.1701436	-4.334256081
146.1881745	-4.431791988
150.9735382	-4.916423744
153.5826255	-5.5626
156.898851	-6.40384807
162.7906402	-7.671816023
168.0484402	-7.93089614
168.8073892	-7.958328186
183.2030873	-8.257032047
186.379098	-8.31189614
203.8167127	-8.729471814
209.7420255	-8.698992279
227.225349	-8.961119884
234.9672765	-9.022080116
238.9418618	-9.025128186
241.9776765	-9.089135907
249.7256873	-9.339071814
250.5212108	-9.357360233
264.5420108	-9.506712163
267.8887274	-9.564623744
271.960851	-9.735312163
279.7149637	-9.973056372
285.3781529	-9.91209614
286.6979235	-9.957815442
291.4253745	-10.14374363
301.5691274	-10.36624749
308.9148	-10.54303205
314.8035196	-10.98194363
316.3245059	-11.01242433
320.4453706	-11.12215251
323.2830765	-11.33856023
326.1938941	-11.53363205
332.3935529	-11.52753591
338.0994	-11.74394363
338.1237706	-11.74699228
345.496902	-11.94816023
349.8128804	-12.0396
353.3851274	-12.35049614
355.3419196	-12.49984749
360.3955274	-12.52118456
367.3388804	-12.62176795
367.6436804	-12.62176795
372.9075451	-12.63700772
375.0441961	-12.75587953
378.7902	-12.90523205
384.8709451	-12.85341544
390.226302	-12.94180772
396.6057451	-13.17650386
397.2854804	-13.19174363
408.209502	-13.27099228
419.8436941	-13.81658456
425.4581235	-14.15796023
427.2290294	-14.21892047
434.1998039	-14.32255251
437.4458941	-14.39570386
449.0557529	-15.07845637
449.3879745	-15.07540772
454.7006549	-15.00530386
456.4532549	-15.07540772
471.5652255	-15.77949614
478.301298	-16.07515251
483.8883059	-16.13611158
495.830349	-16.74571158
501.4295235	-16.66646409
507.5224726	-16.79447953
508.3027784	-16.84324749
519.2572726	-17.54733591
523.3507529	-17.58696023
530.510502	-17.60829614
536.6949059	-17.45589614
537.8439706	-17.48637567
548.3229961	-17.84299228
552.9163529	-18.08073591
560.0425784	-18.42820772
567.7997235	-18.48612047
571.7072804	-18.54098456
575.154549	-18.50136023
583.088502	-18.35810386
589.2241274	-18.49221544
597.3134941	-19.06523977
604.4275529	-19.50415251
606.4574941	-19.64740772
612.3767235	-19.46147953
624.2517568	-19.79980772
626.4676588	-19.92477684
629.8143568	-20.10460772
633.9748471	-20.12594363
641.4638039	-20.20519228
649.0716	-20.42464865
659.3341922	-20.64105637
663.857451	-20.65934363
676.4913961	-20.79345637
688.5279451	-21.15921544
693.1426588	-21.16531274
694.3099922	-21.15921544
707.815698	-21.36038456
711.5342432	-21.43963088
717.6699059	-21.45182316
729.4199607	-21.80844093
730.459302	-21.85415907
741.0266941	-22.29002316
745.1993883	-22.86914363
746.6960039	-23.08555135
752.700549	-23.36596912
759.0373529	-23.22880772
765.3984902	-23.05812047
776.0817451	-22.89962316
778.1148117	-22.97582316
781.3395451	-23.07945637
784.329651	-23.10079228
784.3783922	-23.10384093
787.6702471	-22.93924865
790.6756078	-22.86
792.3367529	-22.76246409
794.0253568	-22.57044093
808.0583607	-21.07692047
813.1149451	-20.90318456
816.0166471	-20.79040772
822.5333098	-19.33651158
823.490349	-19.13229614
825.8830588	-18.94027181
828.8579098	-18.75129614
831.8509922	-18.49831158
835.4323922	-17.81556023
839.2423922	-17.13280772
847.2282117	-14.90776795
847.9780078	-14.53286409
854.4884941	-11.24712047
855.0524039	-10.95451158
857.5212393	-10.71981544
862.9558471	-10.27480772
864.111051	-10.10716795
867.2169451	-9.741407721
870.9446432	-9.14704807
876.6322588	-7.735823744
878.8268039	-7.260335907
879.808251	-7.1628
886.3461961	-6.370319884
886.745502	-6.31850386
892.7135098	-5.751576256
894.7587059	-5.541264093
898.8887607	-5.580887837
902.6134078	-5.526023744
908.6332078	-5.279135907
910.4832902	-5.190744209
911.8183529	-5.11149614
914.8327922	-4.696967953
918.1643098	-4.529327895
924.3638941	-4.480559942
927.5216549	-4.309872105
930.9079412	-4.053840058
931.2188432	-4.03555193
934.0748549	-3.438143919
940.2774902	-2.307336052
946.7972039	-1.19786402
949.9701451	-0.74066402
953.1735961	-0.134111999
955.6364039	0.499871996
960.8545412	1.051560015
963.622149	1.155191988
971.6109451	1.240536052
978.3226471	1.280159942
979.5966902	1.252728041
983.5896	1.200912017
988.9602117	1.094231974
999.597702	1.191768026
1010.235192	0.822960015
1011.545847	0.81686402
1023.524502	0.749808012
1031.510247	0.646175965
	
