	RS=21.417* 
0	1.7526
6.48004807	1.194816023
12.96009614	1.051560015
49.67325637	0.981456009
58.32043088	0.966216023
64.79743088	0.963168026
71.27748186	2.014728041
77.76057451	2.417063948
84.23757451	2.371344064
90.71762549	2.380487983
97.19767646	2.404871959
99.3648	2.392679971
103.6777181	2.371344064
110.1577691	2.383536052
116.6378201	2.386583977
123.1178618	2.377440058
129.5979127	2.374391988
136.0779637	2.276855936
142.5580054	2.014728041
149.0380564	1.722120029
152.3146564	0.899160015
157.0634363	-0.289559996
158.8465274	-0.70713598
165.0857745	-2.374391988
168.6519382	-3.12724807
173.1111637	-4.245864093
178.457349	-5.376671814
181.133502	-5.925312163
188.2688618	-7.150607721
189.1588726	-7.327392279
197.1812108	-8.796528186
198.0742726	-8.955023744
205.203549	-9.966960233
207.879702	-10.35100772
213.2289382	-11.07338456
217.6851127	-11.70127181
221.2512765	-12.31087181
227.4966255	-13.4112
229.2766471	-13.68552047
237.3020363	-14.85595251
245.3274255	-15.84655251
247.1074471	-16.03552819
253.3497637	-16.75180772
256.9159274	-17.11756795
261.3751529	-17.6022
266.7213382	-18.19351158
269.3974726	-18.41296795
276.5298	-19.08657567
277.4228618	-19.11705637
285.4452	-19.43709614
286.3382618	-19.47672047
293.4675382	-19.52853591
296.1436726	-19.5072
301.4929274	-19.46757567
305.949102	-19.3548
309.5152471	-19.30603205
315.7605961	-19.20544749
317.5406549	-19.37613591
325.5629745	-20.21433591
333.5883451	-21.51278456
335.3714549	-21.79929498
341.6137529	-22.61006409
345.179898	-23.08250502
349.6391235	-23.61590502
354.9883784	-24.29560772
357.6614804	-24.56078456
364.7937706	-25.35021544
365.6838	-25.42336912
373.7091706	-26.10612047
374.602251	-26.17317684
381.7315274	-26.79801544
384.4076804	-27.02661544
389.756898	-27.34665637
394.2130726	-27.62097684
397.7792549	-27.80385637
404.0215529	-28.12389498
405.8046255	-28.22143088
413.8269451	-28.63900772
421.8523529	-29.19069498
423.6354255	-29.30042316
429.8746726	-29.77591274
433.4408549	-30.03194363
437.9000804	-30.30931274
443.252349	-30.62020772
445.925451	-30.71774363
453.0577784	-31.00730502
453.9477706	-31.05912047
461.9731784	-31.66567181
462.8631706	-31.73272819
469.995498	-32.28746409
472.671651	-32.47948726
478.0209059	-32.69284865
482.4770804	-32.85439228
486.0432255	-33.02203088
492.2855235	-33.31768726
494.0685961	-33.41827181
502.0909529	-33.89375907
510.1132726	-34.38144093
511.8993961	-34.49421544
518.1386804	-34.84473591
521.7048255	-35.05504865
526.164051	-35.2806
531.5163196	-35.55796912
534.1894216	-35.69207953
541.321749	-36.03040772
542.2117784	-36.08222316
550.237149	-36.50894363
551.1271784	-36.55466409
558.2595059	-36.82898456
560.9325706	-36.93566409
566.2848765	-36.98138456
570.744102	-37.03015135
574.3071961	-37.06672819
580.5494941	-37.13683088
582.3295529	-37.16731274
590.3549235	-37.35933591
598.3772804	-37.71595135
600.1634039	-37.77995907
606.402651	-38.06647181
609.9687961	-38.19753591
614.4249706	-38.41089498
619.7772765	-38.67912047
622.4503784	-38.79494363
629.5857568	-39.11803088
630.475749	-39.15461005
638.5011568	-39.50208186
639.391149	-39.5417027
646.5234393	-39.79468726
649.1965412	-39.88612819
654.5488471	-39.95318456
659.0081098	-40.00195367
662.5712039	-39.9989027
668.813502	-40.005
670.5935607	-40.02024093
678.6188941	-40.0812
686.8454432	-39.52341544
688.2810393	-39.42588186
695.0780941	-38.13352819
697.9402078	-37.59707953
703.3046432	-36.20109498
707.599302	-35.03980772
711.5342432	-34.07968726
717.2614471	-32.59531274
719.7638432	-32.21126409
726.9205412	-31.09874363
727.9903922	-31.03168726
736.2199922	-30.54705637
736.5766588	-30.52876912
744.4465412	-30.49524093
746.2357529	-30.51657684
752.6791922	-30.19348726
755.897898	-30.08680772
760.9057412	-29.72409498
765.5569922	-29.40710502
769.1353412	-28.67253591
775.2161607	-27.34360772
777.3649412	-26.67609498
784.8783059	-23.87498456
785.5945412	-23.60066409
793.8210902	-19.92172819
794.5374	-19.59864093
802.0506902	-16.41652819
804.1964941	-15.50517567
810.2802902	-13.23441544
813.8586393	-11.92987181
818.5068393	-10.85392819
823.5178078	-9.622535907
826.7364393	-8.662416023
833.176902	-6.897623744
834.9660393	-6.382512163
842.8390471	-4.620767953
843.1956393	-4.526280116
851.4221883	-2.468880116
852.4950902	-2.197608012
859.6548393	-1.764791988
862.1542588	-1.621536052
867.8813883	-1.335024035
871.8164039	-1.203960015
876.1109883	-1.051560015
879.4425059	-0.966216023
881.475498	-0.9144
881.7711451	-0.911352003
884.3376117	-0.883920029
891.1345922	-0.807720029
892.5672117	-0.509015987
900.7968117	1.280159942
908.4838588	1.767840058
910.8734432	1.950720029
916.1739568	1.618487983
920.947098	1.341120029
923.8610039	1.402079971
931.0238039	1.420367953
931.551102	1.405128041
939.238149	0.5334
941.1005098	0.277368008
946.9282471	-0.128015996
951.1771412	-0.155447997
954.6152941	-0.265176001
961.2507961	-0.326136016
962.3023412	-0.313943991
969.9924393	-0.262128004
971.3305529	-0.252983995
977.6795607	-0.271271996
981.4072588	-0.262128004
985.3696588	-0.231647997
991.4808393	-0.204216005
993.0567059	0.103632001
1000.746804	1.606295994
1001.560596	1.764791988
1008.433851	1.621536052
1011.637302	1.557528041
1016.123949	1.072895994
1021.710957	0.493776001
1023.810996	0.405384013
1031.498043	0.009144
1031.790639	-0.009144
1039.188141	-0.341376001
1041.864294	-0.448056009
1046.875188	-0.487680007
1051.941	-0.512063984
1054.56231	-0.521208012
1062.020757	-0.530352003
1062.249357	-0.530352003
1069.939455	-0.536447997
1072.094412	-0.539495994
1077.626502	-0.545591988
1082.171043	-0.542543991
1085.313549	-0.539495994
1092.247749	-0.551687983
1093.003647	-0.551687983
1100.690694	-0.563880007
1102.324455	-0.563880007
1108.380792	-0.569976001
1112.39811	-0.569976001
1116.067839	-0.585215987
1122.474741	-0.591312017
1123.758012	-0.588263984
1131.445059	-0.6096
1132.554498	-0.612647997
1139.135157	-0.661416023
1142.628153	-0.691895994
1146.822204	-0.70713598
1152.704859	-0.719327968
1154.509251	-0.719327968
1162.199349	-0.710183977
1162.784541	-0.70713598
1169.886396	-0.697991988
1172.858196	-0.704087983
1177.576494	-0.688847997
1182.934902	-0.661416023
1185.263541	-0.655320029
1192.953639	-0.652272032
1193.011608	-0.652272032
1200.640761	-0.646175965
1203.088239	-0.643127968
1208.330859	-0.600456009
1213.161894	-0.545591988
1216.017906	-0.493776001
1223.241651	-0.356615987
1223.704953	-0.350519993
1231.395051	-0.271271996
1233.318357	-0.240792007
1239.082098	-0.234695994
1243.392012	-0.252983995
1246.772196	-0.249935998
1253.471694	-0.219456009
1254.459318	-0.231647997
1262.149416	-0.307847997
1263.5484	-0.323087983
1269.836388	-0.402336016
1273.62198	-0.463295994
1277.526486	-0.426719993
1283.701812	-0.344423999
1285.213608	-0.347471996
1292.903706	-0.359663984
1293.775392	-0.359663984
1300.590679	-0.335280007
1303.852098	-0.316991988
1308.280777	-0.289559996
1313.925679	-0.347471996
1315.967898	-0.390143991
1323.65502	-0.4572
1324.00551	-0.4572
1331.345118	-0.460247997
1334.082216	-0.438912017
1339.03209	-0.377952003
1344.155796	-0.341376001
1346.719212	-0.323087983
1354.235479	-0.307847997
1354.406184	-0.307847997
1362.096282	-0.33223201
1364.309208	-0.35356799
1369.783404	-0.384047997
1374.385914	-0.393191988
1377.473502	-0.40843201
1384.465596	-0.448056009
1385.160623	-0.454152003
1392.850721	-0.435863984
1394.539177	-0.441960015
1400.537694	-0.448056009
1404.615882	-0.472439985
1408.227792	-0.490728004
1414.695714	-0.618743991
1415.914914	-0.633983977
1423.605012	-0.749808012
1424.769294	-0.774191988
1431.291984	-0.960120029
1434.846	-0.917447997
1438.979106	-0.871727968
1444.922706	-0.6096
1446.669204	-0.530352003
1454.356177	-0.381
1454.999412	-0.377952003
1462.046423	-0.359663984
1465.072992	-0.365760015
1469.733396	-0.365760015
1475.152823	-0.445008012
1477.423494	-0.475487983
1485.110616	-0.423671996
1485.22938	-0.423671996
1492.800714	-0.40843201
1495.30311	-0.390143991
1500.487686	-0.426719993
1505.379816	-0.487680007
1508.177784	-0.493776001
1515.459498	-0.466343991
1515.864906	-0.463295994
1523.555004	-0.441960015
1525.533079	-0.4572
1531.241977	-0.545591988
1535.609784	-0.676656009
1538.929098	-0.777239985
1545.68649	-0.96926402
1546.619196	-0.993647997
1554.306318	-0.722375965
1555.763196	-0.697991988
1561.996416	-0.597408012
1565.836777	-0.548639985
1569.683388	-0.499871996
1575.916608	-0.466343991
1577.37051	-0.454152003
1585.060608	-0.487680007
1585.993314	-0.493776001
1592.74758	-0.524256009
1596.066894	-0.579119993
1600.434702	-0.652272032
1606.146577	-0.627887983
1608.1248	-0.618743991
1615.811921	-0.594360015
1616.220306	-0.594360015
1623.50202	-0.649224035
1626.297012	-0.667512017
1631.188992	-0.658368026
1636.376694	-0.63093598
1638.876114	-0.621791988
1646.450423	-0.573023999
1646.566212	-0.573023999
1654.253184	-0.56083201
1656.52698	-0.563880007
1661.943282	-0.548639985
1666.60071	-0.50596799
1669.630404	-0.502919993
1676.680392	-0.496823999
1677.320502	-0.496823999
1685.007623	-0.527304006
1686.757098	-0.5334
1692.697721	-0.554736016
1696.830679	-0.557784013
1700.384694	-0.56083201
1706.91051	-0.600456009
1708.074792	-0.603504006
1715.761914	-0.591312017
1716.98409	-0.579119993
1723.452012	-0.542543991
1727.060796	-0.569976001
1731.138984	-0.612647997
1737.140479	-0.697991988
1738.829082	-0.819912017
1746.516204	-1.246632047
1747.214208	-1.29235193
1754.203177	-1.063752003
1757.290914	-0.975360015
1761.893423	-0.792479971
1767.36762	-0.585215987
1769.580396	-0.603504006
1777.270494	-0.621791988
1777.444177	-0.624839985
1784.957616	-0.649224035
1787.520882	-0.66446402
1792.647714	-0.661416023
1797.597588	-0.682752003
1800.334686	-0.701039985
1807.674294	-0.66446402
1808.024784	-0.66446402
1815.711906	-0.774191988
1817.748023	-0.786383977
1823.402004	-0.792479971
1827.827706	-0.801624035
1831.088977	-0.810768026
1837.904412	-0.832104006
1838.776098	-0.8382
1846.46322	-0.923543991
1847.977992	-0.93573598
1854.153318	-0.954024035
1858.054698	-0.938783977
1861.84029	-0.905256009
1868.131404	-0.850391988
1869.527412	-0.865631974
1877.21751	-1.024127968
1878.20811	-1.033272032
1884.904482	-1.420367953
1888.284816	-1.664208012
1892.59458	-1.9812
1898.361521	-2.417063948
1900.281702	-2.44449614
1907.9718	-2.453640058
1908.438079	-2.453640058
1915.658921	-1.898904006
1918.511808	-1.709928041
1923.34902	-1.399032047
1928.59149	-0.9906
1931.035992	-0.883920029
1938.668196	-0.658368026
1938.72609	-0.655320029
1946.413212	-0.320039985
1948.741777	-0.246888001
1954.100184	-0.143256
1958.821608	-0.048767999
1961.790282	-0.012192
1968.895188	0.112776001
1969.477404	0.115823999
1977.167502	0.158495994
1978.971894	0.164592007
1984.854623	0.286511999
1989.051577	0.438912017
1992.544721	0.899160015
1999.125306	1.645920029
2000.231694	1.67335193
2007.921792	1.545336052
2009.202012	1.530095994
2015.608914	0.874775965
2019.278718	0.667512017
2023.299012	0.502919993
2029.355423	0.323087983
2030.985984	0.252983995
2038.676082	-0.012192
2039.43198	-0.045720002
2046.363204	0.021336
2049.50571	0.060960001
2054.050177	0.143256
2059.585392	0.195071996
2061.740423	0.213359996
2069.427396	0.454152003
2069.659121	0.460247997
2077.117494	0.710183977
2079.735679	0.752856009
2084.804616	0.81686402
2089.81551	0.850391988
2092.494714	0.868679971
2099.88909	1.258824035
2100.181686	1.274063948
2107.868808	1.8288
2109.965796	1.767840058
2115.55578	1.591055936
2120.042502	1.405128041
2123.245879	1.252728041
2130.119208	0.999743991
2130.933	0.978408012
2138.623098	0.618743991
2140.195914	0.603504006
2146.31022	0.530352003
2150.27262	0.518160015
2153.997192	0.515112017
2160.349177	0.512063984
2161.68729	0.515112017
2169.374412	0.509015987
2170.422906	0.512063984
2177.06451	0.551687983
2180.502588	0.554736016
2184.751482	0.573023999
2190.579294	0.603504006
2192.44158	0.603504006
2200.128702	0.606552003
2200.653023	0.606552003
2207.8188	0.566928004
2210.732706	0.579119993
2215.505921	0.603504006
2220.806286	0.600456009
2223.19602	0.594360015
2230.882992	0.545591988
	
