	RS=71.290* 
0	4.236719884
7.857744209	4.248911872
11.78356795	3.678935907
15.71548842	3.057143919
23.57323088	1.944624035
29.98927181	0.295656009
34.58565637	-1.103375965
36.09441544	-1.502663948
36.40835907	-1.584959942
38.32555135	-2.075687983
42.86707181	-3.233927895
45.60112819	-3.73989614
49.32578456	-4.486656081
55.7844973	-5.605271814
57.0677027	-5.754623744
62.24321005	-6.696455791
68.53123088	-7.647432047
68.70496912	-7.674864093
75.16368186	-8.60450386
79.9978054	-9.29335193
81.6223946	-9.570719884
88.08110735	-10.71372047
91.46437991	-11.30807953
94.54286177	-11.89634363
101.0015745	-13.09116023
102.9279127	-13.44472819
107.4602873	-14.18234363
113.922051	-15.32534363
114.3944873	-15.40459228
120.3807637	-16.12696795
125.8610618	-16.74876023
126.8394765	-16.83715251
133.2981799	-17.41017567
137.3276363	-17.77898456
139.7568927	-17.91004749
146.2156054	-18.34896023
148.7911691	-18.49526409
152.6743181	-18.67509614
159.1360726	-18.93417567
160.2577529	-18.97989614
165.5947853	-19.34870386
171.7243274	-19.75104093
172.053498	-19.77237684
178.5152618	-20.17471274
183.187851	-20.44598456
184.9739745	-20.46427181
191.4326873	-20.53132819
194.6574765	-20.59228726
197.8914	-20.68067953
204.3501127	-20.89404093
206.121	-20.955
210.8088255	-21.13178456
217.2675382	-21.4122
217.5845235	-21.42439228
223.729302	-21.61946409
229.054149	-21.73833591
230.1880147	-21.76272047
236.6467274	-21.83892047
240.5176726	-21.86635135
243.1084726	-21.89987953
249.5671853	-21.95474363
251.987298	-21.96998456
256.025898	-22.01265637
262.4846108	-22.17115135
263.4508402	-22.20163088
268.9463745	-22.33574363
274.9143637	-22.49728726
275.4050873	-22.50947953
281.8638	-22.61615907
286.3839892	-22.64664093
288.3225127	-22.64664093
294.7812255	-22.66797684
297.8475127	-22.69540772
301.2399382	-22.7076
307.701702	-22.75636912
309.3140873	-22.76551274
314.1603961	-22.78684865
320.6191274	-22.81427953
320.7806804	-22.81427953
327.0778216	-22.80818456
332.2442039	-22.79904093
333.5396039	-22.78989498
339.998298	-22.73503088
343.7107784	-22.68626409
346.4570294	-22.63444865
352.9157235	-22.48509498
355.1773529	-22.43937684
359.3744549	-22.38451274
365.833149	-22.3266
366.6408765	-22.32050502
372.2948941	-22.31745637
378.107451	-22.30831274
378.7536255	-22.31440772
385.2123196	-22.43023088
389.5740255	-22.53691274
391.674102	-22.60092047
398.1327961	-22.82342316
401.0406	-22.93924865
404.5915274	-23.06116912
411.0502216	-23.28976912
412.5041235	-23.32634363
417.5120039	-23.38730502
423.970698	-23.41778456
431.1060765	-23.30805637
438.2384039	-23.18613591
444.6940471	-23.05812047
445.3767961	-23.04592819
452.5091235	-22.88743088
459.644502	-22.82647181
465.423498	-22.80818456
466.7798804	-22.80513591
473.9152216	-22.81732819
481.0506	-22.82342316
486.1468471	-22.78075135
488.1829274	-22.76551274
495.3183059	-22.66492819
502.4536471	-22.56434363
506.8701961	-22.50947953
509.5890255	-22.48204865
516.7244039	-22.43632819
523.8566941	-22.38755907
527.5996471	-22.36622316
530.9920726	-22.35098456
538.127451	-22.30526409
545.2628294	-22.23820772
548.3229961	-22.21382316
552.3981706	-22.17724865
559.533549	-22.07361544
566.6658765	-21.93645637
569.0432941	-21.85415907
573.8012549	-21.68956912
580.9365961	-21.43048726
588.0719745	-21.28723088
589.7666804	-21.24760772
595.2073529	-21.11349498
602.3396804	-21.07082316
609.4750216	-21.1836
610.4960941	-21.20493591
616.6104	-21.26894363
623.7457784	-21.21712819
630.8811568	-21.13178456
631.2194432	-21.12873591
638.0134471	-21.03424865
645.1487883	-20.89708726
651.9427922	-20.72944865
652.2842039	-20.72335135
659.4195451	-20.60447953
666.5549607	-20.47951274
672.6722432	-20.31187181
673.687251	-20.27529498
680.8256432	-19.97659228
687.9580078	-19.79371274
693.3955922	-19.67788726
695.093349	-19.65655135
702.2286902	-19.51634363
709.3610549	-19.40661544
714.1189412	-19.28774363
716.4994471	-19.22373591
723.6318117	-18.74824749
730.7671529	-17.61743977
734.8483922	-17.09927953
737.9024941	-16.68475251
745.0348588	-16.35556795
752.173251	-15.91970386
755.5717412	-15.59052047
759.3055412	-15.09064749
766.4440078	-13.52092819
773.576298	-11.01242433
776.2950902	-9.851135907
780.7116393	-7.964423744
787.8470549	-5.611367953
794.9793451	-3.974591988
797.0184393	-3.523488128
802.1178117	-2.404871959
809.250102	-1.609344064
816.3854432	-1.091183977
817.7478902	-0.9906
823.5208588	-0.768095994
830.653149	-0.5334
837.7915412	-0.018288
838.4712393	0.03048
844.9239059	0.466343991
852.0592471	0.762
855.7930471	0.926591988
859.1945883	1.075943991
863.5440902	1.194816023
867.0981059	1.289304006
869.0701529	1.325879971
874.998498	1.322832047
878.9486941	1.395983977
882.8988902	1.469136052
888.8242588	1.6002
890.8024078	1.655063948
898.699749	1.837944064
898.7028	1.837944064
906.6031922	1.932432047
908.5782902	1.944624035
914.5036588	1.962912017
918.4508039	1.999487983
922.404051	2.304287983
928.3293451	3.087624035
930.3044432	3.377183977
938.2049098	4.367783977
	
