	RS=68.547* 
0	4.57809614
7.650480116	4.084319884
14.60296795	3.12724807
15.30096023	2.996183977
22.95144093	2.474975965
29.20898456	2.301240058
30.60192047	2.304287983
38.2524	2.267712017
43.81804633	2.270759942
45.90288186	2.301240058
53.55335907	2.417063948
58.42101544	2.398775965
61.20384093	2.368295994
68.85127181	2.429255936
73.02398456	2.410967953
76.50175367	2.395728041
77.1144	2.395728041
84.15528186	2.395728041
87.63	2.157983977
91.80576372	1.874520029
99.4531946	2.063495994
102.2390618	2.215895994
107.1036765	2.471927895
114.7572	2.471927895
116.8420309	2.474975965
122.4046309	2.471927895
130.0551127	2.545080116
131.448051	2.529840058
137.7055946	2.36524807
138.9126	2.346959942
145.3591181	2.243328041
146.0510201	2.234183977
160.6600726	2.154936052
175.263051	2.621280116
189.8690618	2.627375965
204.4720402	2.602991988
219.075	2.612135907
233.6840618	2.624327895
248.2900726	2.624327895
262.893051	2.609088128
267.763749	2.58775193
275.4142402	2.618232047
277.4990618	2.636519884
283.0616618	2.685288128
290.7121529	2.551175965
292.1081235	2.532888128
298.3656765	2.493264093
306.013098	2.496311872
306.711102	2.496311872
313.6635706	2.420112017
321.3140804	1.734312017
329.5375784	-0.213359996
330.9091784	-0.554736016
337.7641274	-3.169919884
340.5012255	-4.230624035
345.9845745	-6.297167953
350.0963235	-8.061960233
354.2080726	-9.717023744
359.6914216	-11.68603205
362.4285196	-12.53947181
369.2804549	-14.28597567
370.6520549	-14.48714363
378.8755529	-15.55089614
387.099051	-16.17573591
388.470651	-16.27327181
395.322549	-16.78533591
398.065749	-16.97126409
403.5460471	-17.45894363
407.6547451	-17.87042433
411.7695451	-18.33981544
417.2498804	-18.99208842
419.9930804	-19.47367181
426.8449784	-20.70506409
428.2165784	-20.88489498
436.4370255	-21.97912819
444.6635745	-22.71979228
446.0321235	-22.82342316
452.8840216	-23.1648
455.6272216	-23.33548726
461.1075196	-23.81707181
465.2193059	-24.18283088
469.3310549	-24.59126409
474.8113529	-25.146
477.551502	-25.42032047
484.406451	-26.12745637
485.778051	-26.22194363
494.001549	-26.71267181
502.2219961	-27.27350502
503.5905451	-27.37104093
510.4454941	-27.82214363
513.1856804	-28.00502316
518.6690294	-28.33115907
522.7807784	-28.60852819
526.8925274	-28.89808726
532.3758765	-29.28213591
535.1160255	-29.48025637
541.9679235	-29.97098456
543.3364726	-30.06242316
551.5599706	-30.66897684
559.7865196	-31.04692819
561.1551059	-31.10179228
568.0070039	-31.30905637
570.7471529	-31.37915907
576.230502	-31.41268726
580.342251	-31.43402316
584.454	-31.44316912
589.937349	-31.45840772
592.677498	-31.46145637
599.5324471	-31.46145637
600.9009961	-31.46145637
609.1214804	-31.45535907
617.3449784	-31.53155907
618.7165784	-31.54375135
625.5714902	-31.61080772
628.3116393	-31.623
633.7920117	-31.58947181
637.9037607	-31.55899228
642.0155098	-31.52241544
647.4958078	-31.47974363
650.2390078	-31.47364865
657.0909059	-31.4706
658.4625059	-31.48888726
666.6860039	-31.64738456
674.906451	-32.26307953
676.278051	-32.36671274
683.129949	-32.82695907
685.873149	-33.00679228
691.3534471	-33.32683088
695.4651961	-33.59505637
699.5769451	-33.89071274
705.0572432	-34.26561544
707.8004432	-34.39667953
714.6523412	-34.67404865
716.0239412	-34.70147953
724.2443883	-34.83559228
732.4710117	-34.94836912
733.8426117	-34.96665637
740.6914588	-34.93007953
743.4316078	-34.91484093
748.9149568	-34.99408726
753.0267059	-35.02456912
757.1384549	-35.00018456
762.6218039	-35.02152047
765.3619529	-35.04895135
772.213851	-35.24402316
773.585451	-35.27755135
781.808949	-35.32327181
789.4686117	-34.80511274
791.8277607	-34.61308726
797.131251	-34.03701544
801.849549	-33.46704093
804.7969412	-33.11652047
811.8683607	-32.39109498
812.4566039	-32.28136912
820.1192432	-30.90062316
821.887098	-30.55010502
827.7789059	-29.17545637
831.9089607	-28.00197684
835.4445961	-26.49626409
841.927698	-23.14346409
843.1073098	-22.59787181
850.766898	-19.73884865
851.9465098	-19.26336023
858.4296117	-16.85848842
861.968298	-15.61795251
866.092251	-13.59712819
871.9901607	-10.67714363
873.7548902	-9.954767953
881.4176039	-6.083807721
882.0058471	-5.849112163
889.0802432	-2.81635193
892.0277098	-1.645920029
896.7429568	-0.868679971
902.049498	-0.301752003
904.4055961	0.027432001
911.1447568	1.030224035
912.0652588	1.167383977
918.6276117	1.575816023
923.3154	1.840991988
925.1898902	1.8288
931.7522432	1.780032047
934.5655412	1.746504006
938.3145961	1.7526
944.873898	1.743455936
945.8127059	1.75564807
951.436251	1.712975965
952.2318117	1.719071959
957.0628471	1.764791988
958.0016549	1.795271959
964.5609568	1.850136052
968.3129883	1.847087983
971.1233098	2.063495994
977.6855883	3.12724807
979.5632039	3.368040058
984.2479412	3.80695193
990.8102941	3.617975965
	
