	RS=52270.1*
0	0.768095994
9.89990386	0.743712017
10.43025637	0.74066402
19.79980772	0.719327968
20.86051274	0.716279971
29.69971274	0.694943991
31.29076912	0.691895994
39.59961544	0.670560015
41.72102549	0.66446402
49.49647181	0.646175965
52.15128186	0.637031974
59.39637451	0.615695994
62.58153823	0.594360015
69.29628186	0.542543991
73.00874363	0.475487983
79.19923088	0.207264002
83.44205098	0.012192
89.09913823	-0.350519993
91.9734	-0.509015987
94.38742009	-0.624839985
97.3714054	-0.777239985
104.9822618	-1.143
107.6492618	-1.277112017
109.6578927	-1.395983977
122.1882255	-2.063495994
123.7975691	-2.100071959
125.428251	-2.2098
131.143251	-2.523743919
132.2161436	-2.578608012
153.7594054	-3.645408012
154.7378201	-3.694175965
176.3725274	-4.888992279
198.3973598	-6.897623744
199.0008765	-6.93724807
201.7166363	-7.260335907
203.4113235	-7.440167953
221.287851	-9.128760233
221.6261745	-9.159239767
241.4442765	-10.55522433
243.2578402	-10.67104749
243.9771637	-10.72286409
244.2392873	-10.74115251
244.4922765	-10.75943977
266.8371637	-12.22247953
281.3090618	-13.28318456
282.9488873	-13.41424749
289.3801598	-13.91107181
289.4655127	-13.91716795
306.1228402	-14.55115251
312.045102	-14.77975251
312.0755745	-14.77975251
318.7598549	-14.94739228
321.179949	-15.00835251
322.633851	-15.04187953
334.676502	-15.23085637
334.743549	-15.23085637
352.1689784	-15.52956023
357.2652255	-15.61795251
357.3109529	-15.61795251
360.9959745	-15.70024749
362.3828294	-15.73377567
379.8966255	-16.02638456
400.8546765	-16.383
402.0799784	-16.39519228
402.7809961	-16.38909614
428.7134039	-16.14220772
429.457098	-16.13001544
438.6346216	-15.91970386
439.4606549	-15.90751158
440.289702	-15.87398456
456.1880804	-15.56003977
456.8433706	-15.55394363
476.1341745	-15.22171158
477.0668804	-15.18513591
483.6779745	-14.86814363
510.7777529	-13.64284749
511.1739706	-13.62760772
511.5671745	-13.61541544
512.8168471	-13.54531158
538.6455961	-12.56080772
538.9503961	-12.53947181
548.1675451	-11.78356795
566.1020039	-8.961119884
566.3549745	-8.92149614
584.4814216	-6.02589614
593.5857961	-5.352287837
600.6937529	-4.50189614
610.6302255	-3.486911872
619.7742255	-2.877311872
619.8626294	-2.871216023
622.6515196	-2.572511872
628.9181883	-2.090928041
635.9987607	-1.6764
638.0682902	-1.514855936
646.0662393	-0.911352003
647.4135059	-0.804672032
647.8188393	-0.774191988
657.3225568	-0.106679998
658.1577059	-0.070104001
666.829251	0.3048
668.9049568	0.390143991
676.3359451	0.542543991
679.6491568	0.6096
685.8426393	0.627887983
690.3933568	0.643127968
695.3494078	0.655320029
701.1406078	0.673608012
704.8591529	0.6858
711.8848078	0.70713598
714.3658471	0.716279971
722.6290078	0.74066402
723.8725412	0.746760015
733.3762588	0.780287983
	
