	RS=212.54* 
0	13.73733591
6.946392279	12.21028842
13.89278456	10.63142433
20.84222316	9.704832047
23.61895135	9.421367953
27.79166409	8.979407721
34.73805637	8.016239767
41.68444633	7.641335907
47.24704633	7.153655791
48.63388726	7.062216023
55.58028186	7.08964807
62.52667181	7.735823744
69.47611274	8.753855791
70.86904633	8.897112163
76.42555367	9.543287837
83.37194363	9.567671814
90.31833823	9.52804807
94.488	9.415271814
97.26472354	9.323832047
104.2141691	9.076944209
110.6271637	8.951976256
111.1605637	8.942832047
118.11	8.778239767
125.2667073	5.580887837
128.6164564	4.334256081
132.4203637	2.831591988
139.1259637	0.301752003
139.5740201	0.2286
146.7307181	-1.072895994
147.3159382	-1.146047997
149.6385127	-1.426463948
153.8874255	-1.947671959
160.1449598	-2.410967953
161.0410726	-2.560319884
168.1947382	-3.782567953
170.6544765	-4.175759942
175.3514363	-4.751832047
181.1609235	-5.471160233
182.505102	-5.56869614
189.6618	-6.001512163
191.6734726	-6.135623744
196.8154471	-6.150864093
202.1829892	-6.156960233
203.9721637	-6.09904807
211.1258108	-5.87349614
212.6894363	-5.821680116
218.2825274	-5.614416023
223.1989529	-5.40410386
225.4392255	-5.34009614
232.5928726	-5.199887837
233.711502	-5.18464807
239.7465382	-5.154167953
244.217949	-5.129783977
246.9001853	-5.10235193
254.0599529	-5.007864093
254.7274471	-4.995671814
261.2136	-4.849367953
265.2369637	-4.815840058
268.3672471	-4.742688128
275.5239637	-4.56590386
275.7464618	-4.559808012
282.6776108	-4.389119884
286.2559598	-4.33730386
289.8343274	-4.276343919
296.7654765	-4.1148
296.9879745	-4.11175193
304.1446726	-3.925824035
307.2719235	-3.846575965
311.2983382	-3.767327895
317.7814216	-3.590543919
318.4550549	-3.566159942
325.608702	-3.28269614
328.2939706	-3.209543919
332.7654	-3.087624035
338.8004549	-2.996183977
339.9190471	-2.987040058
347.0726941	-2.868167953
349.3099529	-2.828543919
354.2294294	-2.764535907
359.8164	-2.679191988
361.3861274	-2.67309614
368.5397745	-2.767583977
370.328949	-2.788919884
375.6934216	-2.846832047
380.8384471	-2.645664093
382.8501196	-2.569464093
390.0068549	-2.307336052
391.3448941	-2.243328041
397.160502	-1.947671959
401.8544294	-1.700783977
404.314149	-1.508759942
411.4708471	-0.950975965
412.3669784	-0.819912017
418.6244941	0.374904006
422.8734255	1.328928041
425.7812294	1.944624035
432.9348765	2.420112017
433.3829235	2.450591988
440.0915745	3.023616023
443.8924216	3.34670386
447.2452216	3.874008012
454.3989059	4.843272105
461.5556039	5.809487837
464.9114549	6.294119884
468.712302	6.763512163
475.417902	7.577328186
475.865949	7.62
483.0195961	8.317992279
485.9274	8.601455791
490.1793451	8.83310386
496.436898	9.153144209
497.3330294	9.134855791
504.4866765	8.99464807
506.9463961	8.979407721
511.6403235	8.98550386
517.4558941	8.9916
518.7970216	8.863583977
525.9537196	8.034528186
527.9654294	7.818119884
533.1074039	7.360919884
538.4718765	6.31850386
540.261051	5.94664807
547.417749	4.602480116
548.9813745	4.3434
554.5744471	3.325367953
559.4939235	2.468880116
561.7280941	2.127504006
568.8817784	1.158239985
570.0003706	1.036320029
576.0384765	0.66446402
580.5099059	0.399287983
583.1921235	0.320039985
590.3488216	0.143256
591.0163529	0.131064002
597.5025059	0.042672
601.528902	-0.024383999
604.6592039	-0.079247997
611.812851	-0.216407993
612.0384	-0.219456009
618.969549	-0.359663984
622.5448471	-0.438912017
626.1231961	-0.509015987
633.0543451	-0.637031974
633.2798941	-0.640079971
640.4335412	-0.731520029
643.5638432	-0.771143991
647.5871883	-0.826008012
654.0733412	-0.905256009
654.7439607	-0.911352003
661.9006588	-0.978408012
664.5828393	-1.005839985
669.0543059	-1.04546402
675.0924117	-1.100327968
676.2079529	-1.112520029
683.364651	-1.191768026
685.5988588	-1.2192
690.521349	-1.237487983
696.1114078	-1.255775965
704.8286432	-1.335024035
706.6209059	-1.350263948
711.9822902	-1.438655936
717.1273529	-1.554479971
719.1420393	-1.594104006
726.2957607	-1.722120029
727.636851	-1.746504006
733.4494078	-1.837944064
738.143298	-1.932432047
740.6030549	-1.975104006
747.7597529	-2.084832047
748.6558471	-2.097024035
754.916451	-2.215895994
759.1653451	-2.304287983
762.070098	-2.407920029
769.2237451	-2.651759942
769.6717922	-2.67004807
776.3804432	-2.90169614
780.1812902	-3.011424035
783.5371412	-3.108959942
790.6907883	-3.368040058
797.8445098	-3.593591988
801.2003607	-3.7338
805.0012078	-3.938016023
811.7098588	-4.245864093
812.1548549	-4.26415193
819.3115529	-4.587240058
822.2193568	-4.712208012
826.4652	-4.928616023
832.7258039	-5.300471814
833.621898	-5.352287837
840.7755451	-5.751576256
843.2383529	-5.87349614
847.9322432	-6.074664093
853.747851	-6.315455791
855.0858902	-6.379464093
862.2425883	-6.742176256
864.254298	-6.845807721
869.3963098	-7.135367953
874.7637961	-7.440167953
876.5499568	-7.574280116
883.7066549	-8.135112163
885.2702432	-8.269223744
890.8633529	-8.702039767
895.7827922	-9.034271814
898.017	-9.15009614
905.1706471	-9.473183977
906.2922902	-9.534144209
912.3273451	-9.970007721
916.7988117	-10.36015251
919.4840432	-10.60094363
926.6376902	-11.11605637
927.3083098	-11.15567953
933.7914117	-11.18616023
937.8147568	-11.30807953
940.9450588	-11.46657567
948.1017568	-11.86891158
948.3273059	-11.88110386
955.2584549	-12.35354363
958.8368039	-12.56690386
962.412102	-12.72844749
969.343251	-12.98143205
969.565749	-12.99362433
976.7224471	-13.42339228
979.852749	-13.65808842
983.8791451	-13.98422433
990.365298	-14.61211158
991.0327922	-14.69745637
998.1864393	-15.70024749
1000.871745	-16.04467181
1005.343212	-16.34337567
1011.381243	-16.64817567
1012.496859	-16.73961544
1019.653557	-17.30349614
1021.890741	-17.49856795
1026.807204	-17.75764749
1032.397188	-18.07463977
1033.963902	-18.22094363
1041.117549	-18.81530386
1042.909812	-19.00123205
1048.274247	-19.40052047
1053.41931	-19.78152047
1055.427894	-20.00402316
1062.584592	-20.81479228
1063.925757	-20.97938456
1069.738239	-21.68652047
1074.435255	-22.32050502
1076.895012	-22.65883088
1084.048659	-23.56713591
1084.941702	-23.66162316
1091.202306	-24.25293591
1095.454251	-24.59126409
1098.359004	-24.86863088
1105.512651	-25.70683088
1105.963749	-25.77693591
1112.669349	-26.65475907
1116.470196	-27.16377684
1119.822996	-27.48381544
1126.979694	-27.92577684
1135.428741	-27.2796
1137.681255	-26.82849498
1143.880839	-25.23744093
1148.382741	-24.17064093
1152.329961	-23.11298456
1159.084302	-20.16556912
1160.779008	-19.40052047
1169.228055	-16.47443977
1169.79189	-16.34337567
1177.677102	-14.50847953
1180.493451	-14.07871158
1186.126149	-13.26794363
1191.195012	-11.9634
1194.575196	-11.14043977
1201.896498	-10.28395251
1203.024243	-10.16812819
1211.47329	-8.98855193
1212.598059	-8.781287837
1219.925388	-7.367016023
1223.302596	-6.336792279
1228.37451	-4.751832047
1234.007208	-2.907791988
1236.823557	-2.008632047
1244.708694	-0.073151998
1245.272604	0.082296003
1253.721577	2.456688128
1255.41018	2.66090386
1262.173823	3.42290386
1266.114792	4.0386
1270.61982	4.703064093
1276.816279	6.598919884
1279.068792	7.223760233
1287.517914	8.857487837
1292.864118	8.894064093
	
