	RS=72.003* 
0	4.517135907
2.987040058	4.008119884
5.974080116	3.764280116
8.961119884	3.691127895
13.32890386	3.621024035
17.69668842	3.453383977
19.2786	3.386327895
19.76323088	3.364991988
22.06447181	3.227832047
26.43225637	2.959608012
30.79699228	2.609088128
35.16782316	2.316479971
39.53255907	2.151887983
48.25898456	-1.712975965
48.7619027	-1.965959942
56.98235907	-6.641592279
57.99124633	-7.037832047
60.74968726	-8.08024807
65.70573823	-9.960864093
67.2785027	-10.54303205
74.43215907	-12.49375251
76.56881005	-13.01496023
83.15248726	-14.37132047
85.85911274	-14.90776795
91.87891274	-15.63319228
95.14636912	-16.03857567
100.6022873	-16.48358456
104.4366765	-16.76704749
109.3287127	-17.01088842
113.7239235	-17.20596023
118.0520873	-17.39493591
123.0142309	-17.59000772
126.7754618	-17.77593591
132.3014873	-18.03501544
135.4988363	-18.17827181
141.5917946	-18.48002433
144.2252618	-18.58670386
150.879051	-18.88845637
152.9486363	-18.9738
160.169349	-19.22068842
161.6720108	-19.30298456
169.4596471	-19.80895135
170.3953853	-19.85162316
178.7469127	-20.21128726
179.1187598	-20.22347953
187.8451853	-20.55571274
188.0341598	-20.55875907
196.5685598	-20.74164093
197.3244765	-20.75078456
205.2919529	-20.90623088
206.6147745	-20.94585637
214.0153274	-21.30856912
215.9020402	-21.40305637
222.7417529	-21.64689498
225.1892873	-21.717
231.4651274	-21.84196912
234.4826363	-21.92121544
240.1915529	-22.08580772
243.769902	-22.17115135
248.9118765	-22.27478456
253.057149	-22.35707953
257.635251	-22.40584865
262.3474471	-22.50643088
266.3616765	-22.56739228
271.6377637	-22.61615907
275.085051	-22.64054363
280.9250108	-22.68626409
283.8114765	-22.74417684
290.2122765	-22.81123088
292.5318	-22.85390502
299.5025745	-22.95448726
301.2582255	-22.98192047
308.7928726	-23.08555135
309.9816	-23.10993591
318.0801196	-23.28976912
318.7080255	-23.30195907
327.3704549	-23.46655135
327.4314	-23.46655135
336.1547745	-23.5458
336.657702	-23.54884865
344.878149	-23.53970502
345.948	-23.54275135
353.6015235	-23.51532047
355.238298	-23.50617684
362.327949	-23.42083088
364.5255451	-23.38730502
371.0513235	-23.27147953
373.8128294	-23.22575907
379.774698	-23.23490502
383.1031274	-23.24404865
388.4980726	-23.30500772
392.3934255	-23.34767953
397.224498	-23.42083088
401.6806726	-23.47569498
405.9478726	-23.50312819
410.9679196	-23.53360772
414.674298	-23.50617684
420.2613059	-23.47264865
423.3946216	-23.46655135
429.5485529	-23.50312819
432.1210471	-23.53970502
438.8358	-23.60371274
440.8444216	-23.63419228
448.126098	-23.67991274
449.5677961	-23.68600772
457.4163961	-23.68905637
458.2942216	-23.68905637
466.7036804	-23.72867953
467.0145451	-23.73172819
475.7409706	-23.83231274
475.9909274	-23.83535907
484.4643451	-23.93594363
485.2812255	-23.94813591
493.1907706	-24.02433591
494.5715235	-24.03652819
501.9141451	-24.06395907
503.8587706	-24.07615135
510.6375196	-24.08224865
513.1491059	-24.10358456
519.3608941	-24.17978456
522.4363529	-24.21026409
528.0873196	-24.29560772
531.726651	-24.33218456
536.8106941	-24.38095135
541.016949	-24.39314363
545.5341059	-24.39924093
550.3041961	-24.38704865
554.2574804	-24.41752819
559.5914804	-24.45410502
562.9808549	-24.50592047
568.8848294	-24.61564865
571.7072804	-24.67965637
578.1720765	-24.8412
580.4306549	-24.9174
587.4593235	-25.16124093
589.1570804	-25.2222
596.7465706	-25.48127953
597.8774039	-25.50261544
606.0399196	-25.67025637
606.6038294	-25.67635135
615.3272039	-25.73731274
623.9834941	-25.56052819
625.4312941	-25.52090502
632.6459607	-25.18257684
635.5293568	-25.04541544
641.302251	-24.70099228
645.6334471	-24.45105637
649.9585412	-24.21026409
655.7315098	-23.92070502
658.6210078	-23.74696912
665.832549	-23.37206409
667.277298	-23.28367181
675.9335883	-22.71674363
684.5930039	-22.01265637
686.034702	-21.89987953
693.2523451	-21.51887953
696.1387922	-21.22322316
701.9087098	-20.44293591
706.2368549	-19.60778456
710.565	-18.24227953
716.3409451	-16.54149614
719.2273922	-16.01723977
726.4420588	-14.41399228
727.8837568	-14.01775251
736.5400471	-12.02740772
745.2024393	-11.03680772
746.6442117	-10.81735251
753.8588039	-9.67435193
756.745251	-8.714232047
762.5150941	-6.958583977
766.8462902	-5.647944209
771.1745098	-4.334256081
776.9443529	-2.636519884
779.833851	-1.773936052
787.0484432	-0.822960015
788.4901412	-0.597408012
788.7918902	-0.554736016
797.1495568	0.670560015
801.6514588	0.896112017
805.3303412	1.078991988
808.8385922	1.194816023
813.5112	1.252728041
820.5216	1.59715193
821.6920588	1.630679971
829.8728432	1.929383977
832.2107098	1.993391988
838.053702	2.112263948
843.8936432	2.127504006
846.2345607	2.161032047
854.4153451	2.179320029
855.5827529	2.194559942
862.5962039	2.499359942
867.2688117	3.19735193
870.7769883	3.621024035
878.9578471	4.251959942
	
