	RS=222.33* 
0	13.90192819
6.412992279	14.22501544
11.48181544	14.10309614
12.82293591	13.93850386
19.23592819	13.38072047
22.96667953	13.24356023
25.64892047	12.85036795
32.05886409	11.83843205
34.44544865	11.51534363
38.46880772	10.91183977
44.8818	10.03096795
45.92726177	9.884664093
51.29478995	9.564623744
57.40908186	9.326880116
57.70778456	9.329928186
64.11772819	9.22629614
68.8908973	9.195816023
70.53071814	9.159239767
72.87463088	9.204960233
76.94371274	9.284207721
80.36966177	9.284207721
82.58556372	9.253728186
83.35365637	9.244583977
89.76665098	8.99769614
91.85452354	8.817864093
96.1765946	8.479535907
102.5895799	8.092439767
103.3363436	8.101583977
109.0025745	8.247887837
114.8181637	8.409432047
115.4125181	8.424671814
121.8255127	8.30275193
126.2969235	8.257032047
128.2385073	8.22655193
134.648451	8.278367953
137.7817946	8.257032047
141.0614363	8.23569614
147.4744309	8.110728186
149.2636054	8.08024807
153.8843745	8.013192279
160.2943274	7.885176256
160.7454255	7.869935907
166.7073127	7.668767953
172.2241853	7.421880116
173.120298	7.382255791
179.533302	7.126223744
183.7060147	6.958583977
185.9432363	6.873239767
192.3562402	6.736080116
195.1908765	6.669023744
198.7692255	6.571487837
205.1791598	6.449567953
206.6726873	6.437376256
211.5921637	6.40689614
218.002098	6.39470386
218.154498	6.39470386
224.415102	6.352032047
229.6332765	6.24535193
230.8280873	6.224016023
237.2380402	6.123432047
241.1181382	6.086855791
243.6510255	6.068567953
250.0640108	6.065519884
252.599949	6.083807721
256.4770147	6.10209614
262.886949	6.2484
264.0817598	6.24230386
269.296902	6.220967953
275.5605382	6.047232047
275.7098873	6.041135907
282.1228726	5.858255791
287.042349	5.897880116
288.5328255	5.900928186
294.9458108	5.983223744
298.5272108	5.849112163
301.3588147	5.760719884
307.7718	5.836919884
310.0090402	5.800344209
314.1817529	5.742432047
320.5947196	5.782055791
321.4878	5.78510386
327.0046726	5.803392279
332.9696294	5.803392279
333.4176765	5.803392279
339.8276294	5.779007721
344.4514216	5.739383977
346.2405961	5.72109614
352.6536	5.623560233
355.936302	5.605271814
359.0666039	5.577839767
365.4765196	5.504687837
367.4180941	5.48944807
371.8895235	5.458967953
378.2994765	5.474207721
378.8968726	5.471160233
384.7124804	5.48335193
390.378702	5.437632047
391.1223961	5.431535907
397.5354	5.48030386
401.8635451	5.620512163
403.9484039	5.699760233
410.3613706	5.736335907
413.3453745	5.78510386
416.7713235	5.846064093
423.1843274	5.760719884
424.8241529	5.806439767
429.5972941	5.931407721
436.0072471	6.059423744
436.3059451	6.074664093
442.420251	6.342887837
447.7877745	6.300216023
448.8302039	6.284976256
455.2431706	6.257544209
459.2726549	6.297167953
461.6561745	6.291071814
468.0661274	6.272783977
470.7544471	6.257544209
474.4790941	6.220967953
480.892098	6.214871814
482.2332255	6.230112163
487.305102	6.25449614
493.7150549	6.141719884
502.154949	5.961887837
503.1638549	5.931407721
510.5948804	5.468112163
512.6126549	5.343144209
519.0378255	5.02310386
522.0614549	4.88289614
527.4777196	5.358383977
531.5072039	5.71804807
535.9146	5.468112163
540.9560039	5.169407721
544.3575451	4.989576256
550.4048039	4.65429614
552.7974765	4.477511872
559.8536039	3.95630386
561.2373706	3.785616023
569.2993529	2.785872105
569.677302	2.74015193
578.1171961	1.694687983
578.7481529	1.615440058
586.5601784	0.637031974
588.1969529	0.432815987
595.0000726	-0.176783995
597.6457529	-0.414528004
603.4400039	-0.841247997
607.0945529	-1.112520029
611.879898	-1.344167953
616.540302	-1.581912017
620.3198294	-1.767840058
625.989102	-1.9812
628.7628117	-2.066544064
635.437902	-2.093975965
637.2027059	-2.100071959
644.886702	-2.334767953
645.639549	-2.356104006
654.0824941	-2.599943919
654.335502	-2.606040058
662.5223883	-2.801111872
663.781251	-2.831591988
670.9623568	-3.145535907
673.230051	-3.252216023
679.405302	-3.532632047
682.678851	-3.697224035
687.8421451	-3.941064093
692.127651	-4.160519884
696.2850902	-4.34644807
701.576451	-4.590288128
704.7250588	-4.72135193
711.0222	-5.010912163
713.1649529	-5.10844807
720.471	-5.48030386
721.6048471	-5.544312163
729.9198	-6.050280116
730.0447412	-6.059423744
738.4877607	-6.589776256
739.3686	-6.638544209
746.9276549	-7.056119884
748.814349	-7.153655791
755.367549	-7.452360233
758.263149	-7.586471814
763.8074432	-7.793735907
767.711949	-7.958328186
772.2474117	-8.162544209
777.160749	-8.412480116
780.6903568	-8.60450386
786.609549	-8.99769614
789.130251	-9.13790386
796.055298	-9.707880116
797.5670941	-9.820656372
805.504098	-10.44549614
806.0100393	-10.48512047
814.4500078	-11.00327953
814.952898	-11.03376023
822.889902	-11.53667953
824.401698	-11.61897567
831.3328471	-11.98778456
833.850498	-12.10056023
839.7696902	-12.27124749
843.2962471	-12.40840772
848.2127098	-12.58823977
852.7450471	-12.76807181
856.6526039	-13.01800772
862.1938471	-13.38986409
865.092498	-13.66418456
871.6426471	-14.26159228
873.5323922	-14.43227953
881.0914471	-15.13636795
881.9723607	-15.19732819
890.4153059	-15.63319228
890.5371961	-15.63928842
898.8552	-15.87703205
899.9859961	-15.90446409
907.2950941	-15.96542433
909.4347961	-15.97456795
915.7349883	-16.02028842
918.8835961	-16.03552819
924.1749568	-16.12087181
928.3323961	-16.20012047
932.614851	-16.3068
937.7781451	-16.46834363
941.0577961	-16.46529614
947.2269451	-16.43481544
949.4976902	-16.44396023
956.6757451	-16.44396023
957.9376588	-16.46529614
966.1245451	-16.57502433
966.3775529	-16.58112047
974.8174471	-16.78228842
975.5733451	-16.79752819
983.2603922	-17.02612819
985.0190941	-17.08099228
991.7003607	-17.23339228
994.4678941	-17.30959228
1000.140255	-17.44065637
1003.916694	-17.55647953
1008.580149	-17.65706409
1013.365494	-17.75155251
1017.020043	-17.80946409
1022.814294	-17.85823205
1025.462988	-17.92223977
1032.260043	-18.03806409
1033.902957	-18.06549614
1041.708843	-18.15693591
1042.342851	-18.16607953
1050.782745	-18.29409614
1051.157643	-18.30323977
1059.222639	-18.50136023
1060.606443	-18.51964749
1067.665659	-18.68119228
1070.055243	-18.71167181
1076.105553	-18.84883205
1079.504043	-18.96465637
1084.542396	-19.14753591
1088.949792	-19.35175251
1092.985341	-19.54682316
1098.398592	-19.83638456
1101.42531	-19.97049498
1107.847392	-20.41855135
1109.868255	-20.50999228
1117.296192	-20.73554363
1118.305098	-20.78126409
1126.744992	-21.00072047
1135.04469	-20.66239228
1137.952494	-20.52218456
1143.347439	-20.20824093
1149.159996	-19.84247953
1151.647212	-19.6596
1159.949961	-19.13534363
1160.367498	-19.11096023
1168.25271	-18.63852047
1171.571949	-18.43125637
1176.549357	-18.11121544
1182.779451	-17.67535251
1184.852106	-17.44065637
1193.154855	-16.43176795
1193.986953	-16.30375251
1201.454553	-14.76451158
1205.191404	-14.04213591
1209.757302	-13.19783977
1216.398906	-11.90853591
1218.057	-11.63726409
1226.356698	-10.17117567
1227.603357	-9.942575674
1234.659447	-8.900160233
1238.810859	-8.287512163
1242.959145	-7.738871814
1250.018286	-6.647687837
1251.261894	-6.449567953
1259.564718	-4.075175965
1261.225788	-3.66064807
1267.86129	-1.764791988
1272.43329	-0.640079971
1276.164114	0.176783995
1283.63469	1.819655936
1284.466788	1.999487983
1292.766486	3.742943919
1294.842192	4.166616023
1301.06931	5.5626
1306.049694	6.379464093
1309.369008	6.77570386
1317.257196	7.266432047
1317.668706	7.281671814
1325.97138	7.586471814
1328.461721	7.869935907
1334.271079	8.485632047
1339.669223	8.808719884
1342.573902	9.092183977
1350.876577	9.345167953
1358.853318	9.960864093
1361.517192	10.17117567
1363.452702	10.32662433
1366.832886	10.44854363
1374.812604	10.59484749
1376.031804	10.60399228
1382.789196	10.57960772
1388.604804	10.49426409
1390.768914	10.46683205
1398.748482	10.38148842
1401.183906	10.3632
1403.982023	10.34186409
1406.725223	10.32052819
1413.759882	10.24127953
1414.704792	10.22908842
1422.68451	10.15593591
1426.338984	10.12545637
1430.664079	10.06144749
1438.643796	9.966960233
1438.918086	9.960864093
1446.623514	9.9822
1451.491086	9.960864093
1454.600106	9.902952512
1462.579823	9.814560233
1464.067212	9.796271814
1470.559392	9.838943628
1476.646314	9.796271814
1478.53911	9.762743628
1486.518679	9.689592279
1489.225416	9.68044807
1494.498396	9.625583977
1501.798416	9.561576256
1502.474988	9.555480116
1510.454706	9.433560233
1514.377518	9.354312163
1518.434423	9.29335193
1526.413992	9.198864093
1526.953494	9.204960233
1534.390584	9.253728186
1539.532596	9.21410386
1542.370302	9.192767953
1550.340792	9.195816023
1552.108721	9.22324807
1558.308306	9.29944807
1564.684698	9.29030386
1566.278796	9.278112163
1574.24631	9.174480116
1577.260823	9.104376256
1582.213823	9.034271814
1589.885616	8.948928186
1590.184314	8.945880116
1598.151679	9.015983977
1602.510408	9.006839767
	
