	RS=160.36* 
0	10.18641544
7.964423744	9.424416023
12.74368842	8.705087837
15.92884749	8.019287837
23.89632047	7.0866
25.49042316	6.949439767
31.86074363	6.696455791
31.89427181	6.696455791
38.23106409	6.291071814
39.82516912	6.224016023
42.50435907	6.01370386
47.78958995	5.602223744
50.97475367	5.510783977
55.75706177	5.1816
63.72148726	4.861559942
71.6340973	3.910583977
76.7334	3.060191988
79.54670735	2.602991988
87.45931274	0.957072032
89.74531274	0.441960015
95.37496912	-0.908304006
102.7633181	-2.368295994
103.2875745	-2.462783977
111.2032309	-4.19709614
115.7752309	-5.205983977
119.1158363	-5.971032047
127.028451	-7.586471814
128.7871436	-8.00404807
134.9441073	-9.640823744
141.805149	-10.80211158
142.8567127	-10.9728
150.7723691	-12.15542433
154.8170618	-12.61567181
158.6849745	-13.03324749
166.6006402	-13.54836023
167.8289745	-13.59407953
174.5132363	-13.81963205
180.8439382	-13.90497567
182.425851	-13.92631158
190.341498	-14.13967181
193.855851	-14.29512047
198.2541127	-14.38656023
206.1697598	-14.59687181
206.8708147	-14.61820772
214.0823745	-14.64868842
219.8857598	-14.66087953
221.9980402	-14.65173591
229.9106363	-14.59687181
232.8976726	-14.56639228
237.823251	-14.49933591
245.7358471	-14.35607953
245.9095853	-14.35303205
253.6484618	-14.18843977
258.9276	-14.07566409
261.5641274	-14.0208
269.4767235	-13.85620772
271.9395127	-13.83487181
277.3923892	-13.79829614
284.9514255	-13.84706409
285.3049853	-13.84706409
293.2176	-13.98727181
297.9694402	-14.08176023
301.1332471	-14.14881544
309.0458618	-14.3256
310.9813529	-14.36522433
316.9615274	-14.50238456
323.9932471	-14.58772819
324.8741235	-14.59992047
332.7897706	-14.62735251
337.0082294	-14.56943977
340.7024039	-14.50543205
348.615	-14.37741544
350.0231745	-14.36827181
356.5306471	-14.28902433
363.0351059	-14.28292819
364.4432804	-14.27987953
372.3589274	-14.28292819
376.050051	-14.28597567
380.2684726	-14.31036023
388.1841196	-14.31950386
389.0619451	-14.32255251
396.0967529	-14.41094363
402.0738765	-14.52372047
404.009349	-14.57858456
411.9249961	-14.92300772
415.0918726	-15.09979228
419.8376294	-15.34667953
427.7532765	-15.6972
428.1038039	-15.70939228
435.6658726	-15.95932819
441.115698	-16.05686409
443.5815196	-16.08124749
451.4941529	-16.12696795
454.1336941	-16.14830386
459.406749	-16.16049614
467.1456255	-16.13916023
467.3223961	-16.13916023
475.2350294	-16.07210386
480.1575196	-16.01419228
483.1506765	-15.98371158
491.0632726	-15.86788842
493.1755529	-15.83436023
498.9789196	-15.77644749
506.1874471	-15.76120772
506.8915529	-15.76120772
514.804149	-15.79473591
519.1993784	-15.91665637
522.7167451	-16.00504749
530.6293784	-16.17878456
532.2143235	-16.22145637
538.5450255	-16.383
545.2262549	-16.56283205
546.4576216	-16.59636023
554.3733059	-16.78533591
558.2412	-16.8402
562.285902	-16.92249614
570.198498	-17.02307953
571.2561451	-17.04136795
578.1141451	-17.18157567
584.2680765	-17.51076023
586.0267784	-17.64182433
593.9424255	-18.34286409
597.2799706	-18.60803977
601.8550216	-18.87016795
609.7707059	-19.19630386
610.2980039	-19.20544749
617.683302	-19.25421544
623.309898	-19.20544749
625.595898	-19.19020772
633.5115451	-19.25421544
636.3217922	-19.33041544
641.4241412	-19.48586409
649.3397883	-19.72055907
654.9785883	-19.69007953
660.6173883	-19.60778456
662.479749	-19.58035135
666.2592393	-19.431
671.8980393	-19.2024
675.6227607	-19.05609614
677.5398902	-18.96465637
683.1817412	-18.70252819
688.7626471	-18.48002433
688.8205412	-18.47697567
694.4593412	-18.37943977
700.1011922	-18.28190386
701.9026078	-18.25752047
705.7399922	-18.21484749
711.3818432	-18.16607953
715.0424941	-18.13864749
717.0206432	-18.10512047
722.6624941	-18.01672819
728.1855059	-17.91004749
728.3012941	-17.90395251
733.9431451	-17.60829614
739.5819451	-17.35836023
741.3253922	-17.2974
745.2207451	-17.00174363
750.8625961	-16.56283205
754.4684039	-16.22450386
756.5044471	-15.88007953
762.1432471	-14.72793591
767.6082902	-13.71904749
767.785098	-13.68552047
773.423898	-12.74368842
779.062698	-11.75308842
780.751302	-11.48181544
784.704549	-10.71067181
790.3464	-9.59510386
793.8942393	-8.83310386
795.9852	-8.247887837
801.627051	-6.63549614
807.0342	-5.160264093
807.265851	-5.132832047
812.904651	-4.48970386
818.546502	-3.794759942
820.1772117	-3.557016023
824.185302	-3.3528
829.8271529	-2.89864807
833.317098	-2.447543919
835.4690039	-2.151887983
841.1078039	-0.877824035
846.4601098	0.618743991
846.7466039	0.682752003
852.3884549	1.953767953
858.0272549	3.029711872
859.6030471	3.230880116
863.6691059	3.794759942
869.3109568	4.1148
872.7430078	4.175759942
874.9497568	4.450080116
880.5885568	5.151119884
885.8859451	5.757671814
886.6205607	5.821680116
893.9906039	6.467855791
898.6905961	6.574535907
902.0982393	6.644639767
910.205949	6.687312163
910.7576549	6.662928186
918.3136588	6.2484
919.3682549	6.138671814
922.8246393	5.782055791
926.4212941	5.4102
934.5259529	5.440680116
934.894749	5.440680116
942.6335883	5.458967953
946.9618078	5.571744209
950.7382471	5.690616023
958.8459568	5.977128186
959.0287922	5.992367953
966.9535922	6.830567953
971.1019529	7.684007721
975.061302	8.555735907
983.1690117	10.07059228
	
