	RS=11433.9*
0	0.512063984
10.03706409	0.50596799
10.30833591	0.50596799
20.07717684	0.493776001
20.61667181	0.493776001
30.11119228	0.478536016
30.92500772	0.478536016
40.14825637	0.448056009
41.2302973	0.445008012
50.18531814	0.438912017
51.53863088	0.441960015
60.22543088	0.454152003
61.84391814	0.472439985
70.2624973	0.56083201
72.1553027	0.566928004
80.29651274	0.594360015
82.46363628	0.557784013
90.33357451	0.295656009
92.76892354	0.2286
98.66376372	-0.024383999
100.2639637	-0.091440004
103.2357637	-0.213359996
109.6609436	-0.734568026
119.0609745	-1.481328041
128.4610054	-2.21284807
131.0731436	-2.417063948
132.432549	-2.429255936
137.8579946	-2.642616023
147.2549745	-3.026664093
156.6550147	-3.410711872
162.7540471	-3.66064807
164.5036147	-3.73989614
166.0550363	-3.846575965
166.2927892	-3.861816023
175.4520255	-4.507991988
184.8490147	-5.169407721
194.2490363	-5.836919884
196.599051	-5.998464093
203.6490765	-6.074664093
222.4430363	-6.303264093
226.2774255	-6.348983977
228.596949	-6.443471814
231.8430765	-6.568439767
241.243098	-6.93115193
250.6400873	-7.296912163
258.1107382	-7.589519884
260.0370765	-7.650480116
260.610102	-7.665719884
284.5155637	-8.439912163
290.023302	-8.628887837
291.163251	-8.75995193
292.5927637	-8.9154
312.5236216	-11.34465637
319.0158765	-12.13713591
321.9236804	-12.50899228
324.5754255	-12.59738456
340.614	-12.88999228
346.4630941	-13.14907181
353.793549	-13.65808842
356.5763745	-13.77391158
368.6921745	-14.38351158
373.9560765	-14.55115251
385.6756216	-14.72793591
388.5712216	-14.80413591
396.6667274	-14.98092047
401.7355529	-15.04492819
417.5516294	-15.16075251
420.5661059	-15.17903977
424.668702	-15.20037567
429.5759745	-15.23390386
449.4276	-15.37411158
452.5640039	-15.42897567
452.6432549	-15.42897567
457.4499196	-15.63319228
480.6056039	-17.16938456
481.3035706	-17.19986409
484.558851	-17.36750386
485.3269529	-17.40712819
508.5831706	-17.89480772
513.1826294	-17.95576795
516.9530039	-17.87956795
532.9336471	-17.69668842
536.7040216	-17.66011158
548.789349	-17.57476795
552.7029706	-17.19072047
556.567851	-16.83410386
560.2346039	-16.50187181
580.2051059	-14.77670386
583.7498941	-14.44142433
584.4052216	-14.38046409
588.4590765	-14.27073591
603.8392726	-13.93240772
607.2865784	-13.83182433
620.0028255	-13.16431158
624.2029784	-12.88694363
627.4582588	-12.60347953
630.8781059	-12.27124749
651.1198471	-10.32357567
654.2958393	-10.06754363
655.6339529	-9.991343628
659.9590471	-9.720071814
674.754051	-9.351264093
677.8356117	-9.259823744
691.2680941	-8.8392
695.699898	-8.586216023
698.4096117	-8.363712163
701.2930078	-8.08024807
721.8334471	-4.828032047
725.6342941	-4.370832047
727.1004	-4.276343919
735.4946039	-3.685032047
745.5530039	-3.389375965
747.4305451	-3.313175965
748.7990941	-3.252216023
751.8989607	-3.112008012
759.3635098	-2.712719884
759.8389412	-2.688335907
767.7759451	-2.255520029
771.302502	-2.063495994
775.716	-1.880616023
783.2384432	-1.591055936
783.6591059	-1.575816023
791.5961098	-1.267967953
795.1744588	-1.143
799.5360902	-0.9906
807.1104	-0.734568026
807.4761451	-0.719327968
815.4162	-0.420623999
819.0463412	-0.268223999
823.3562549	-0.082296003
830.9823568	0.265176001
831.2963098	0.277368008
833.6493568	0.344423999
840.8761529	0.557784013
841.5619529	0.573023999
851.1417961	0.633983977
851.7513961	0.637031974
861.4074393	0.670560015
861.9438902	0.673608012
871.6731568	0.719327968
872.1334078	0.722375965
881.941851	0.755904006
882.322851	0.755904006
892.2074941	0.804672032
892.5122941	0.807720029
902.4732117	0.829056009
902.7047883	0.829056009
912.7388549	0.847343991
912.8943059	0.847343991
923.007549	0.85953598
923.083749	0.85953598
933.2731922	0.874775965
	
