	RS=77522.9*
0	0.603504006
9.991343628	0.600456009
11.10386409	0.600456009
19.98268726	0.597408012
22.20467953	0.594360015
29.97707953	0.591312017
33.30549498	0.591312017
39.96537451	0.591312017
44.40631274	0.585215987
49.95671814	0.58216799
55.51017451	0.579119993
59.94806177	0.576071996
66.61098995	0.569976001
77.71485637	0.524256009
79.9338	0.493776001
80.48548726	0.469391988
88.4803946	0.094488001
88.81262549	0.079247997
89.92514363	0.024383999
99.91648726	-1.136904006
109.9108819	-2.538983977
119.9083181	-3.953256081
122.5875127	-4.41350386
128.8846819	-6.074664093
129.0187946	-6.10209614
129.1529073	-6.138671814
153.0248363	-12.20723977
153.3083073	-12.23162433
159.0111127	-12.67358456
183.8065853	-14.00860772
183.9986108	-14.05127953
184.181502	-14.06042433
188.5553745	-14.28597567
188.8449382	-14.30121544
214.6645529	-15.44116795
218.4349274	-15.61185637
218.7122873	-15.62404749
234.9246	-16.39823977
247.7353529	-16.94383205
248.3114108	-16.96516795
248.5826873	-16.97431158
278.1909637	-17.84603977
278.4469853	-17.85213591
279.3705382	-17.87652047
308.0766	-17.98929614
308.308251	-17.98929614
309.4908765	-17.99234363
337.9713706	-18.66290386
338.1603451	-18.66595251
362.105451	-18.00453591
362.2548	-18.00148842
367.213902	-17.89176023
386.2090216	-17.80946409
386.8857059	-17.80032047
394.9293451	-17.74850386
410.8155196	-17.46199228
411.1629961	-17.4498
421.3341706	-17.20291158
434.9221784	-16.84629614
435.5348294	-16.82496023
446.1814726	-16.51711158
459.0927961	-16.16963977
468.0326039	-15.87093591
469.1756039	-15.80692819
483.037902	-14.60906409
500.713251	-13.24051158
501.935502	-13.09420772
506.9799196	-12.78636023
507.5407784	-12.74673591
531.1414216	-10.96670386
533.3908471	-10.83259228
537.2465745	-10.12240772
554.9036549	-6.86104807
555.0956804	-6.827519884
564.8035529	-4.94995193
566.0806471	-4.8006
575.6270039	-3.416808012
578.964549	-3.112008012
579.3363961	-3.084575965
579.9398941	-3.04190386
586.5449235	-2.258567953
597.4628804	-0.996695994
607.1006549	-0.259080007
610.7155784	-0.033528
613.5715529	0.143256
616.7414804	0.341376001
623.9713274	0.320039985
626.3823059	0.313943991
636.0200432	0.496823999
637.2239883	0.502919993
645.6609059	0.551687983
650.4798117	0.566928004
655.2986432	0.579119993
663.7325098	0.588263984
664.9364549	0.588263984
674.5772432	0.600456009
676.9882588	0.603504006
684.2181059	0.612647997
690.2409568	0.618743991
693.8558432	0.624839985
703.4967059	0.637031974
	
