	RS=76.150* 
0	5.190744209
8.08329614	3.712464093
12.12494363	3.172967953
16.16354363	2.788919884
24.24988726	2.490216023
32.33013591	2.401824035
36.37483088	2.380487983
38.62120772	2.350008012
40.41343088	2.322575965
48.49672819	2.350008012
55.19928186	-0.124967999
61.90488186	-9.841992279
68.60743088	-12.49375251
74.59675367	-13.68552047
75.31303088	-13.82877567
79.96123088	-14.48714363
82.01557991	-14.57553591
88.72117991	-14.80413591
95.42677991	-15.06016795
102.1293382	-15.51432047
108.8349382	-15.92884749
111.4135436	-16.18487953
115.5374873	-16.32508842
122.2430873	-16.51101544
128.9486873	-16.6116
135.6512363	-16.82191158
142.3568363	-16.99869614
142.878051	-17.00783977
149.0593946	-17.12976023
155.7649946	-17.2974
162.4705853	-17.46199228
169.1731529	-17.55647953
174.3303637	-17.57476795
175.8787529	-17.58391158
182.581302	-17.57172047
189.286902	-17.54428842
195.989451	-17.55952819
202.695051	-17.65401544
205.7948618	-17.72716795
209.400651	-17.81860772
216.1032	-17.97100772
222.8088	-18.15998456
229.511349	-18.37639228
236.216949	-18.60499228
237.2563274	-18.62632819
242.922549	-18.73300772
249.625098	-18.80920772
256.330698	-18.92807953
263.0332471	-19.11400772
268.7116726	-19.29383977
269.7388471	-19.32736795
276.4444471	-19.51024865
283.1470147	-19.72055907
289.8526147	-20.02840772
296.5551637	-20.41245637
300.1731382	-20.58009498
303.2607637	-20.70506409
309.9663637	-20.85746409
316.6688941	-20.97024093
323.3744941	-21.16226409
330.0770804	-21.35124093
331.628502	-21.40000772
336.7826804	-21.57069498
343.4852294	-21.78405637
350.1908294	-22.02789498
356.8964294	-22.36012819
363.089949	-22.6314
363.5989784	-22.65273591
370.3045784	-22.91486409
377.0071274	-23.21356912
383.7127274	-23.56408726
390.4183274	-23.89022316
394.5422804	-24.03652819
397.1208765	-24.12492047
403.8264765	-24.39009498
410.5290255	-24.67965637
417.2346255	-24.88387181
423.9371745	-25.03932047
426.0067784	-25.15514363
430.6427745	-25.40203088
437.3453235	-25.70987953
444.0509235	-26.10002316
450.7534726	-26.45054363
457.4590726	-26.56636912
462.9789961	-26.45359228
468.4928549	-26.17012819
470.9434216	-26.07259228
474.0127784	-25.93847953
479.529651	-25.65501544
484.4308216	-25.49042316
485.0465235	-25.45994363
490.5633961	-25.22524865
496.0803059	-24.91435135
497.9151706	-24.81986409
501.5971784	-24.56383088
507.114051	-24.19197684
511.4025706	-23.86279228
512.6309235	-23.78354363
518.1477961	-23.38730502
523.6647059	-23.05812047
524.8930216	-22.98801544
529.1846294	-22.83256912
534.698451	-22.66797684
538.3743196	-22.58872819
540.2183745	-22.56739228
545.7352471	-22.51862316
551.2521196	-22.48204865
551.8647706	-22.479
556.7690294	-22.44547181
562.285902	-22.42108726
565.3461059	-22.42413591
567.8027745	-22.42718456
573.3196471	-22.41194363
578.8365196	-22.34793591
584.3534294	-22.25344865
589.870302	-22.15286409
592.3239196	-22.11019228
595.3871745	-22.05532819
600.907098	-21.98217684
605.8083059	-21.97607953
606.4209196	-21.96388726
611.9408804	-21.89683088
617.454702	-21.82977684
619.2957059	-21.80539228
622.9746255	-21.68347181
628.491498	-21.47620772
632.7770039	-21.29942316
634.0084078	-21.23846409
639.5252432	-20.99157684
645.0421529	-20.71115907
646.2674549	-20.64715135
650.5589883	-20.38807181
656.075898	-20.08632047
659.7548549	-19.8882
661.5928078	-19.78761544
667.1096432	-19.46757567
672.6265529	-19.11705637
673.2392039	-19.08047953
678.1464393	-18.79092047
683.660298	-18.49831158
686.7266039	-18.35505637
689.1802588	-18.20570386
694.6970941	-17.84603977
700.2109529	-17.44675251
700.2140039	-17.44675251
705.7308393	-16.96516795
711.247749	-16.45005637
713.6983529	-16.20621544
716.7646588	-15.80692819
722.2814941	-15.03578456
727.1857529	-14.28597567
727.7984039	-14.16405637
733.3152393	-13.1064
738.832149	-12.17066409
740.670102	-11.86891158
744.3490588	-11.34770386
749.8689451	-10.55827181
754.157502	-9.942575674
755.3828039	-9.717023744
760.9026902	-8.698992279
766.416549	-7.684007721
767.641851	-7.443216023
771.9365098	-7.019544209
777.4533451	-6.315455791
780.979902	-5.86435193
781.129251	-5.846064093
782.9702549	-5.699760233
788.4870902	-5.1816
794.004	-4.599432047
794.616651	-4.556759942
799.5209098	-3.934967953
805.0377451	-3.072383977
808.101	-2.66395193
810.5546549	-2.481072105
816.0714902	0.441960015
821.5884	1.889759942
828.525651	2.429255936
829.9308117	2.538983977
831.116451	2.630424035
838.2670471	2.621280116
840.6506039	2.633472105
846.6064078	2.612135907
850.1817059	2.642616023
854.9426432	2.703575965
859.7097568	2.697480116
863.2850549	2.685288128
869.2408588	2.724911872
871.6212902	2.913888128
878.7719607	3.895343919
879.960651	4.050791988
888.3000117	4.736591988
	
