	RS=155.03* 
0	9.281160233
7.680960233	8.714232047
9.774935907	8.369807721
15.35887181	6.797039767
19.55292047	5.967983977
23.03983088	5.705855791
29.32480772	5.422392279
30.72384093	5.422392279
38.4048	5.306567953
39.09974363	5.294376256
46.08271274	5.062728186
48.87468186	4.998719884
53.76367181	4.971287837
58.65266177	4.989576256
61.44463088	5.1054
66.18731814	5.434583977
68.4276	5.590032047
69.12558995	5.6388
71.07326177	5.772912163
76.8035027	6.163055791
78.19948726	6.227064093
84.48751274	6.534912163
87.97442549	6.650735907
92.16847646	6.647687837
97.7524054	6.62635193
99.84637991	6.55015193
107.5273436	6.02589614
114.0622564	4.95604807
120.5971691	2.953511872
127.1320819	1.392936052
133.2524618	0.2286
139.3698	-0.737616023
139.7355637	-0.792479971
145.4871382	-1.59715193
151.6044765	-2.795016023
157.7248471	-3.675888128
163.8391529	-4.453127895
169.9595235	-4.94995193
171.9437745	-5.10235193
176.0768618	-5.40715193
182.1942	-5.928360233
188.3115382	-6.501383977
194.4319274	-6.912864093
200.098149	-7.284719884
204.142851	-7.61390386
205.7613382	-7.7724
211.4275598	-8.22655193
217.0938	-8.784335907
223.1136	-9.247632047
229.1334	-9.543287837
235.1532	-9.762743628
236.3510618	-9.790175674
241.173	-9.872471814
247.1928	-9.863328186
253.2126	-9.8298
259.4945235	-9.790175674
265.7764471	-9.756647488
268.5592726	-9.741407721
272.0583892	-9.698735907
278.3403127	-9.576816023
284.6222363	-9.509760233
290.9041598	-9.457944209
297.1891529	-9.406128186
300.767502	-9.390887837
303.4710765	-9.409176256
309.753	-9.412223744
316.0349235	-9.317735907
322.3168471	-9.284207721
328.5987706	-9.238487837
332.9635274	-9.211055791
334.8806941	-9.186671814
341.1626549	-9.125712163
347.4445784	-9.15009614
353.7752804	-9.198864093
360.1028941	-9.22324807
365.1717196	-9.247632047
366.4335961	-9.250680116
372.7612471	-9.244583977
379.091949	-9.265919884
384.5356726	-9.281160233
389.9763451	-9.29335193
395.4170549	-9.272016023
397.383	-9.272016023
400.8607784	-9.275064093
406.301451	-9.317735907
412.9796294	-9.409176256
419.6608216	-9.543287837
426.339	-9.659112163
429.5912294	-9.689592279
433.0171784	-9.744455791
439.6983706	-9.790175674
446.376549	-9.82370386
453.0547274	-9.966960233
459.7329059	-10.20775251
461.7872549	-10.28090386
466.414098	-10.43025637
473.0922765	-10.53083977
479.7735059	-10.65580772
486.4516471	-10.72286409
493.1298255	-10.74115251
493.9954471	-10.75029614
499.8110549	-10.82649614
506.4891961	-10.86916795
513.1704255	-10.92098456
519.8455529	-11.03985637
526.2036765	-11.11910386
526.5267451	-11.12215251
533.2049235	-11.19835251
539.883102	-11.29588842
546.5642941	-11.39647181
553.2424726	-11.44219228
558.4119059	-11.47876795
559.923702	-11.48486409
566.6018804	-11.60983205
573.2800216	-11.79271158
579.961251	-12.03045637
586.6363784	-12.39316795
590.6109451	-12.53642433
593.3175706	-12.63091158
599.995749	-12.88084749
606.6769784	-13.02105637
613.3551196	-13.10030386
620.033298	-13.07896795
622.8191745	-13.07896795
626.7144902	-13.08811158
633.3927059	-13.09116023
640.073898	-13.10335251
646.7520393	-13.13078456
653.4302549	-13.20698456
655.0274039	-13.23136795
660.1083961	-13.31671158
666.7866117	-13.47216023
673.4678039	-13.64589614
680.1459451	-13.92631158
686.8272117	-14.14881544
687.2233922	-14.16100772
693.5053529	-14.33474363
700.1834941	-14.47190386
706.8647607	-14.64868842
713.2776902	-14.80413591
719.4347098	-15.00225637
719.6937451	-15.0114
726.1098	-15.3162
732.5258549	-15.50517567
738.9388588	-15.72158456
745.3578902	-15.8496
751.642902	-15.98980772
751.7708941	-15.98980772
758.186949	-16.16354363
764.6030039	-16.39519228
771.0190588	-16.54454363
777.4350393	-16.66646409
783.8510941	-16.73352047
787.8988471	-16.60550386
791.952702	-16.38604749
796.0035059	-15.93189614
800.0543098	-15.50517567
804.1050393	-15.29181544
806.8695961	-15.20037567
808.1558432	-15.15160772
812.2066471	-15.01444749
816.260502	-14.83461544
820.3082549	-14.62125637
824.3621098	-14.45971158
828.4128393	-14.26159228
829.900302	-14.20367953
832.4636432	-14.097
836.5144471	-13.95679228
840.565251	-13.82877567
844.6160549	-13.71295251
848.6668588	-13.59407953
852.7175883	-13.48435251
853.8057451	-13.47216023
856.7714432	-13.44167953
860.8222471	-13.43863205
864.873051	-13.38681544
868.9238549	-13.38376795
872.9746588	-13.29232819
877.0253883	-13.21917567
877.7203412	-13.21612819
881.0761922	-13.19479228
885.1269961	-13.20088842
889.1778	-13.22222433
893.2316549	-13.21917567
897.2794078	-13.19479228
901.3331883	-13.17040772
901.6350117	-13.17040772
905.3839922	-13.12468842
909.4347961	-13.08811158
913.4856	-13.06677567
917.5364039	-13.03324749
921.5872078	-13.00276795
925.5404549	-12.97838456
925.6409883	-12.97533591
929.6887412	-12.80464749
933.7425961	-12.61872047
937.7934	-12.35659228
941.8442039	-12.09751158
945.8950078	-11.85672047
949.455051	-11.66469614
949.9458117	-11.62202433
953.9965412	-11.32941544
958.0503961	-11.00937567
962.098149	-10.71372047
966.1520039	-10.40587181
970.2028078	-10.10107181
973.3696471	-9.838943628
974.2536117	-9.771888419
978.3043412	-9.491471814
982.3551451	-9.192767953
986.405949	-8.884919884
990.4567529	-8.580119884
994.5075568	-8.241792279
997.2750902	-8.00709614
998.5583607	-7.940039767
1002.612141	-7.714487837
1006.662945	-7.479792279
1010.713749	-7.257287837
1014.764553	-7.046976256
1018.815357	-6.848855791
1021.189761	-6.739128186
1022.195541	-6.684264093
1022.866161	-6.644639767
1026.91689	-6.455664093
1030.967694	-6.281928186
1035.021549	-6.144767953
1039.072353	-5.989319884
1043.123157	-5.79424807
1045.101306	-5.675376256
1047.173961	-5.547360233
1051.22469	-5.279135907
1055.275494	-5.010912163
1059.326298	-4.72135193
1063.377102	-4.450080116
1067.430957	-4.203191988
1069.0098	-4.126991988
1071.481761	-3.989832047
1075.53249	-3.761232047
1079.583294	-3.50215193
1083.634098	-3.230880116
1087.684902	-2.916935907
1091.735706	-2.572511872
1092.921345	-2.462783977
1095.78651	-2.310383977
1099.837239	-2.06044807
1103.891094	-1.801367953
1107.938847	-1.648967953
1111.992702	-1.575816023
1116.043506	-1.52704807
1116.829839	-1.514855936
1120.09431	-1.45084807
1124.145039	-1.325879971
1128.195843	-1.051560015
1132.246647	-0.603504006
1136.300502	-0.112776001
1140.348255	0.633983977
1140.741459	0.70713598
1144.40211	1.420367953
1148.452839	2.621280116
1148.806455	2.691383977
1152.503643	3.410711872
1156.554447	3.791711872
1160.605251	4.18795193
1164.656055	5.553455791
1169.41089	6.306312163
1174.162749	6.39470386
1178.914608	6.86409614
1181.289012	7.202423744
1183.669443	7.476744209
1188.421302	7.92784807
1193.173161	8.53744807
1197.927996	9.796271814
	
