	RS=112.85* 
0	6.7056
8.811767953	6.751319884
9.695687837	6.638544209
17.62963205	5.544312163
19.39137567	5.282183977
26.4414	4.608575965
29.08706409	4.562856081
31.96437684	4.526280116
35.25926409	4.486656081
38.78275135	4.511040058
40.58107181	4.526280116
44.07103088	4.556759942
48.48148726	4.57809614
52.8888973	4.611624035
58.17717451	4.639056081
61.70066177	4.64210386
67.87286177	4.657343919
70.51852819	4.64515193
77.56855367	4.581143919
79.33029265	4.550664093
87.26423628	4.453127895
88.14816372	4.440935907
96.95992354	4.285488128
105.4150819	2.249424035
106.4117745	2.023871959
113.8671799	-0.652272032
115.8575235	-1.45084807
122.3223382	-1.694687983
125.3093745	-1.886712017
130.7805382	-4.736591988
134.7581745	-6.897623744
139.2356873	-8.321039767
144.2069745	-9.896856372
147.6877946	-10.8966
153.6557745	-12.46936795
156.1429529	-12.99057567
163.1076255	-14.09090386
164.598102	-14.27987953
172.5533745	-15.18818456
173.053251	-15.24609614
181.505349	-16.25498456
182.0052255	-16.34642433
189.960498	-18.44649614
191.4509745	-18.91588842
198.4156471	-21.96693591
200.9028255	-22.84171274
206.8738471	-24.87777684
210.3516255	-26.02382316
215.3259637	-27.43504865
219.8004255	-28.61157684
223.7811127	-29.63570502
229.2492255	-31.02559228
232.2362618	-31.86074363
238.7010765	-33.72916912
240.6914108	-34.08273591
248.1468255	-35.18306409
249.1435274	-35.23792819
257.5986765	-35.69207953
266.1909892	-35.45433591
267.8765235	-35.33851274
274.780251	-34.77463088
278.1513382	-34.35705637
283.3756147	-33.68954363
288.4322363	-33.10432819
291.9648765	-32.70808726
298.710102	-32.01924093
300.5602402	-31.83331274
308.984898	-30.88843088
309.149502	-30.87319228
317.7448471	-30.06547181
319.2627451	-29.93135907
326.3341274	-29.34309498
329.5406294	-29.12668726
334.9294726	-28.78226409
339.8154255	-28.55975907
343.5218039	-28.39821544
350.0932726	-28.22143088
352.114098	-28.16047181
360.3711196	-27.91967953
360.7064294	-27.90748726
369.2987235	-27.73070502
370.6459529	-27.68803088
377.8910549	-27.37713591
380.926851	-27.22168726
386.483349	-26.92298456
391.204698	-26.52369498
395.0756804	-26.22194363
401.4794941	-25.61234363
403.6679745	-25.39288726
411.7573784	-24.84424865
412.2603059	-24.80462316
420.8526	-24.18892819
422.0321745	-24.11577684
429.4448941	-23.57932819
432.3100216	-23.34463088
438.0372255	-22.90572047
442.5879059	-22.46680772
446.6295196	-22.13457684
452.862702	-21.59507953
455.224902	-21.36038456
463.140549	-20.38807181
463.8141451	-20.31796912
472.4095274	-19.74189498
473.4183961	-19.67788726
480.9987706	-19.15972819
483.6962804	-18.99818456
489.591102	-18.61718456
493.9741274	-18.43735251
498.1833961	-18.30628842
504.2519745	-18.05025637
506.7757274	-17.94662433
514.5267706	-17.62658456
515.3680216	-17.59000772
523.9603529	-17.10842433
524.8046549	-17.05660772
532.5526471	-16.56892819
535.082502	-16.40128842
541.1449784	-16.03247953
545.357298	-15.80692819
549.7403235	-15.56918456
555.6351451	-15.33753591
558.3296039	-15.24914363
565.9130294	-15.13332047
566.924949	-15.11503205
575.5142294	-14.84985637
576.1908765	-14.82547181
584.1095745	-14.53591158
586.4687235	-14.44447181
592.6988549	-14.21892047
596.7465706	-14.11223977
601.2942	-13.99641544
607.0214039	-13.87449614
609.8834804	-13.81048842
617.299251	-13.66723205
618.4788255	-13.64284749
627.0711568	-13.31061544
627.577098	-13.29232819
635.663451	-12.89913591
637.8518941	-12.81683977
644.2557451	-12.60957567
648.1297412	-12.47851158
652.8480393	-12.33830386
658.4046117	-12.17371158
661.4404078	-12.09141544
668.6855098	-11.79271158
670.032702	-11.72870386
678.6249961	-11.14958456
678.9633568	-11.11910386
687.2172902	-10.32357567
689.2381529	-10.04316023
695.8096588	-9.098280116
699.516	-8.827007721
704.398902	-8.45515193
709.7938471	-8.022335907
712.9942471	-7.751064093
720.0686432	-7.065264093
721.5865412	-6.906767953
730.1789098	-5.821680116
730.3464902	-5.800344209
738.7712039	-4.764024035
740.6244117	-4.514088128
747.363498	-3.58749614
750.8992078	-3.310127895
755.9557922	-2.798064093
761.1770549	-1.661159942
764.5481607	-0.762
771.4579529	0.612647997
773.1404549	1.149095994
781.732749	3.712464093
787.3289098	4.050791988
792.9280471	4.57504807
793.3791451	4.64515193
794.988498	4.892039767
798.5242078	5.303519884
804.1202941	5.617464093
808.2442471	5.654039767
809.7164549	5.647944209
815.3125412	5.678423744
820.908702	5.846064093
821.4969451	5.894832047
826.5047883	6.342887837
831.5310117	6.077712163
832.104	6.047232047
834.7557451	5.617464093
837.7001607	5.10235193
843.2962471	5.084064093
848.0084432	5.084064093
861.2672432	5.129783977
874.5199412	4.56895193
887.7787412	4.514088128
901.0314393	3.453383977
914.2871883	3.246119884
927.5399607	3.337559942
938.4396117	3.316224035
940.7987607	3.139440058
944.038749	3.05104807
949.6349098	2.880359942
954.0514588	3.185159942
955.2309961	3.240024035
960.8271568	3.2004
966.4262941	2.706624035
967.3041568	2.782824035
972.0224549	3.480816023
977.6185412	4.788408012
980.5629568	5.398007721
983.214702	5.55955193
988.8107883	4.684775965
993.8156549	4.172711872
994.406949	4.1148
1000.006161	3.447288128
1005.602247	3.465575965
1007.074455	3.697224035
1011.198408	4.828032047
1016.794494	5.64489614
1020.327153	5.593080116
1022.390655	5.647944209
1027.989792	6.303264093
1033.585953	7.107935907
	
