127.31	RS=127.31  
0	7.991855791
8.567928186	7.665719884
17.13585637	5.86130386
25.70378456	1.956816023
34.27475907	-10.55827181
41.08094363	-14.81023205
42.84268726	-15.91056023
51.41061544	-16.12087181
59.97854363	-16.48663205
68.54647181	-16.63598456
77.1144	-16.48967953
85.12454363	-16.27632047
93.13163628	-16.12087181
101.1387382	-16.13916023
109.1488819	-16.23669614
117.1559745	-16.38604749
125.1630765	-16.76095251
133.1732201	-17.40103205
141.1803127	-18.22094363
149.5623127	-19.09572047
157.9443127	-20.73859228
166.3263127	-21.82367953
174.7083127	-22.81732819
183.1268873	-23.52141544
191.5454618	-23.68905637
199.9640363	-23.58847181
208.3826108	-23.22271274
216.8042363	-22.48814363
225.2228108	-22.08275907
233.6413853	-21.62860772
242.0599598	-21.4122
250.6827637	-21.28113591
259.302498	-20.88489498
267.925302	-20.61057684
276.5480873	-20.38807181
285.1708726	-20.18690502
293.3303745	-20.28444093
301.4898765	-20.4216
309.6493598	-20.40026409
317.8058294	-20.20214363
325.9652941	-20.01316912
334.1247961	-19.45233591
342.4001235	-18.75434363
350.678502	-18.09292819
358.9538294	-17.69059228
366.7292804	-17.62048842
374.5016804	-17.47418456
382.2770941	-17.26692047
390.0525451	-16.95907181
397.4013059	-16.61769614
404.7500294	-16.20621544
412.095702	-15.57527953
419.4444255	-14.88947953
426.793149	-14.37741544
434.647851	-14.01165637
442.5025529	-13.61541544
450.3572549	-13.1826
458.2119196	-12.71016023
466.0696726	-12.21638456
473.9243745	-11.71651158
481.7790765	-11.56411158
489.1765784	-11.52143977
496.5710294	-11.59763977
503.9684941	-11.72870386
511.3659961	-12.05483977
518.7604471	-12.21943205
527.5661235	-12.18590386
536.374851	-12.27429614
545.1805274	-12.33830386
553.9862039	-12.58519228
562.7918804	-12.78026409
571.5975196	-12.94485637
580.4031961	-13.05153591
589.2088726	-13.21003205
598.014549	-13.33195251
606.8202255	-13.45082433
615.6289529	-13.59103205
624.4345922	-13.75257567
633.2403059	-13.89887953
642.0459451	-14.00860772
650.8516588	-13.99641544
659.657298	-13.72819228
668.4630117	-13.30452047
677.268651	-12.74978456
686.0773412	-12.18590386
694.8830549	-11.48486409
703.6886941	-10.29614363
712.4944078	-8.60755193
721.3000471	-6.818376256
730.1057607	-5.55955193
738.9114	-4.815840058
747.7170393	-3.88010386
756.5258039	-2.8956
764.2250549	-1.584959942
771.9273568	-0.646175965
779.6296588	-0.502919993
788.6090549	-0.646175965
796.1589568	-0.752856009
797.591502	-0.774191988
806.573949	-0.313943991
815.5533451	3.910583977
824.5357922	4.965192279
833.5182393	4.745735907
842.4977098	4.666488128
851.4801568	4.968239767
860.4595529	5.952744209
869.442	7.443216023
	
