	RS=100.29* 
0	4.977383977
6.452616023	5.266944209
12.90218456	5.303519884
15.32229614	5.318760233
19.35175251	5.321807721
25.80436912	5.358383977
30.64459228	5.367528186
32.25698456	5.398007721
38.70655135	5.532119884
45.15611814	5.715
45.96688726	5.739383977
51.60873823	5.955792279
58.06135367	6.1722
61.28613823	6.269735907
64.51396912	6.24535193
70.96353823	6.196583977
76.60843088	6.144767953
77.4131027	6.138671814
83.86571814	6.105144209
90.31833823	6.0198
91.93072354	6.007607721
96.76790735	5.986271814
100.5718054	6.10209614
103.2174765	6.184392279
107.2530255	6.09904807
109.6700873	6.053328186
116.1227073	5.974080116
122.5722765	5.980176256
129.0218363	6.050280116
135.4744564	6.126480116
137.8976201	6.138671814
141.9270765	6.17524807
148.3766363	6.187439767
153.2138201	6.156960233
154.8262054	6.144767953
161.2788255	6.25144807
167.7314363	6.361176256
168.5361127	6.370319884
174.1810147	6.434328186
180.6336255	6.507480116
183.8584147	6.528816023
187.0831853	6.534912163
193.5358147	6.565392279
199.1776471	6.592823744
199.9884255	6.595871814
206.4379853	6.62330386
212.8906147	6.647687837
214.499949	6.63549614
218.8128765	6.583680116
219.3401745	6.577583977
225.7927853	6.47090386
229.822251	6.412992279
232.2423637	6.214871814
238.6949745	5.25170386
245.1445529	3.386327895
253.1059274	-3.73989614
255.7058618	-5.007864093
261.0703529	-6.760464093
266.2702402	-8.257032047
269.0317274	-8.278367953
276.831549	-8.345423744
276.9961529	-8.345423744
284.9544765	-8.397239767
287.3928765	-8.446007721
292.918902	-8.592312163
297.9541853	-8.68070386
300.8802765	-8.741664093
308.5185637	-8.857487837
308.841651	-8.863583977
316.8030255	-8.98550386
319.0798726	-9.022080116
324.7644	-9.037319884
329.6412	-9.128760233
332.7288255	-9.208007721
340.2025274	-9.275064093
340.6902	-9.281160233
348.6546255	-9.339071814
350.7669059	-9.36650386
356.612949	-9.4488
361.3281961	-9.51890386
364.5773745	-9.59815193
371.8895235	-9.872471814
372.538749	-9.896856372
380.5001235	-10.56132047
382.450851	-10.71067181
388.464549	-11.14958456
393.0152294	-11.44219228
396.4228726	-11.68298456
403.5765196	-12.4206
404.387298	-12.4968
412.3486726	-13.05153591
414.1378471	-13.19479228
420.313098	-13.72819228
424.6961235	-14.16710386
428.2744726	-14.50238456
435.257451	-15.07540772
436.2358471	-15.16075251
444.1972216	-15.86788842
445.8218294	-15.96237567
452.1585961	-16.36166409
456.3831196	-16.58416795
460.1230216	-16.76704749
466.9444471	-17.20291158
468.0843961	-17.28520772
476.0457706	-17.93747953
477.5088255	-18.10816795
484.0071451	-18.82444749
488.0701529	-19.17192047
491.9715706	-19.52548726
498.6314804	-19.97354363
499.9329451	-20.05584093
507.8943196	-20.73554363
509.1927706	-20.85136912
515.8556941	-21.40000772
519.757149	-21.72004865
523.8171059	-22.08885637
530.3184765	-22.68626409
531.7814941	-22.79904093
539.7429059	-23.32024865
540.8798039	-23.39949498
547.7072941	-23.92984865
551.4410941	-24.17368726
555.6656549	-24.41143088
562.0054726	-24.71623088
563.6300804	-24.79243088
571.5914549	-25.28620772
572.5668	-25.34412047
579.5528294	-25.8318
583.1281274	-26.14879228
587.5172549	-26.51455135
593.6894549	-27.01442316
595.4755784	-27.16072819
603.4400039	-27.76118456
604.2537961	-27.84043088
611.4013784	-28.54452047
614.8151235	-28.84932047
619.3658039	-29.26689498
625.376451	-29.79724865
627.3271412	-29.96488726
635.2885529	-30.62935135
635.9377412	-30.67812047
643.2498902	-31.33344093
646.5021568	-31.67176912
651.211302	-32.21735907
657.0634471	-32.85744093
659.1756902	-33.11042316
667.137102	-34.06444865
667.6248117	-34.12235907
675.1014902	-35.14648726
678.186102	-35.62807181
683.059851	-36.44493591
688.7504432	-37.40200772
691.0242393	-37.72814363
698.985651	-38.9382
699.3118078	-38.99001544
706.9469883	-40.0751027
709.873098	-40.52925637
714.911451	-41.25468186
720.4343883	-41.94962549
722.8727883	-42.33367181
730.8342	-43.36084633
730.9988039	-43.37913823
738.7956117	-44.21733823
741.5600941	-44.4947027
746.76	-44.92751814
752.1214588	-45.4853027
754.7214117	-45.65294363
762.682749	-46.0949027
770.7446941	-45.57978995
773.0734078	-45.25975367
778.8066393	-44.45812819
783.4639922	-43.61992819
786.8717098	-42.80611274
793.8516	-41.12361544
794.9336549	-40.77918995
802.998651	-38.29202316
804.2422588	-37.90492819
811.0605961	-35.64940772
814.6328432	-34.16503088
819.1194902	-32.10458456
825.023502	-29.08401544
827.1845607	-28.10560772
835.2465059	-24.75280772
835.4141607	-24.69184865
843.311502	-22.28087953
845.8047451	-21.73224093
851.3734471	-20.86051274
856.1954039	-20.20824093
859.4353922	-19.84857684
866.5830117	-18.81835251
867.4974117	-18.64461544
875.5593568	-16.77923977
876.9735961	-16.37995251
883.621302	-14.38656023
887.3642549	-13.04848842
891.3631922	-11.55192047
891.686298	-11.43
897.7548393	-9.153144209
899.7482432	-8.250935907
907.8132393	-4.931664093
908.145498	-4.846319884
915.8722078	-2.74929614
918.5361568	-2.170175965
923.9341529	-0.768095994
928.9267412	0.472439985
931.999149	0.74066402
935.6202117	1.021079971
940.0610941	1.225295994
948.1260902	1.621536052
948.8880902	1.706879971
950.0799059	1.840991988
956.1881098	2.377440058
964.2470039	3.572256081
970.5777059	4.364735907
973.1349451	4.306824035
982.0229607	3.938016023
982.2697922	3.925824035
983.2360588	3.916680116
990.910902	4.224527895
999.7988432	4.687824035
1002.22809	4.87070386
1003.739961	4.992623744
1008.686859	4.901183977
1017.571749	4.852416023
1022.1468	5.0292
1024.191996	5.1816
1040.550588	3.057143919
1042.089843	2.89255193
1059.990741	2.298191988
1068.159396	2.423159942
1086.8406	2.59384807
1090.84869	2.578608012
1113.004659	2.73710386
1155.582153	2.599943919
1164.787098	2.465832047
1171.867596	2.450591988
1180.816557	2.225040058
1204.785996	2.2098
1207.949859	2.255520029
1261.411823	2.267712017
1273.683	2.493264093
1274.79549	2.490216023
1286.72838	2.8956
1331.966921	2.337816023
1333.5	1.962912017
1343.412102	1.929383977
1344.902616	1.210056009
1356.698286	1.392936052
1362.641886	1.566671959
1373.24589	1.609344064
1374.105521	1.569720029
1374.913212	1.517904006
1385.17878	1.08813598
1394.679521	1.100327968
1414.79022	0.911352003
1416.323298	1.246632047
1418.41731	1.2192
1423.961604	1.216152003
1425.455094	1.914144064
1450.067694	1.722120029
1458.272886	1.682495994
1664.793192	1.764791988
1667.109702	1.764791988
1749.149718	1.52095193
	
