	RS=205.26* 
0	12.67053591
7.104887837	12.63396023
14.20977567	11.18311158
20.42769498	10.28090386
21.31466409	10.11021544
28.4226	9.592055791
35.52748726	9.180576256
40.85844093	9.07084807
42.63237451	9.0678
49.73726177	8.848344209
56.84215367	8.662416023
61.28613823	8.68070386
63.94704093	8.76909614
71.05192819	8.763
78.15986177	8.887967953
81.70773823	8.90930386
85.26474902	8.930639767
92.37268726	8.91844807
94.74097991	8.945880116
99.47757451	8.99769614
102.1384819	8.68070386
106.5824618	8.141207721
113.687349	8.714232047
120.7922363	8.113776256
122.5661745	8.046719884
125.6233181	7.92784807
127.8971235	7.836407721
135.0020201	7.973567953
142.109949	8.363712163
142.9969181	8.382
149.2148363	8.433816023
156.3197235	8.519160233
163.4246108	7.519416023
171.8645235	6.147816023
174.117	6.199632047
180.3074873	5.373623744
184.8093892	4.812791988
188.7474	4.64210386
195.5017598	3.81304807
197.1873127	3.691127895
205.6302765	2.350008012
206.191098	2.243328041
214.0701892	0.810768026
216.8834873	-0.039623999
222.5131529	-1.737359942
227.5758765	-2.913888128
230.956098	-3.745991988
238.2682471	-4.80364807
239.3960108	-4.94690386
247.8389745	-5.934455791
248.9636873	-6.09295193
256.2788873	-7.126223744
259.6560765	-7.662671814
264.7188	-8.546592279
270.3484471	-9.689592279
273.1617637	-10.35710386
281.0408363	-12.46022433
281.6016765	-12.61567181
290.0446402	-15.34667953
291.7301745	-15.87398456
298.4845529	-17.70278456
302.4225637	-18.50136023
306.9244471	-19.39137567
313.1149529	-20.33015907
315.3674294	-20.58619228
323.8073235	-21.00376912
332.7867196	-20.79650502
333.0885059	-20.78431274
341.7661529	-20.50999228
342.372702	-20.48255907
350.745549	-20.19604865
351.6538471	-20.14727953
359.7249451	-19.63826409
360.9350294	-19.54377684
368.7043784	-18.77263205
370.2161745	-18.65071158
377.6868255	-17.83994363
379.4973196	-17.61743977
386.6662216	-16.9164
388.778502	-16.68475251
395.6456549	-15.93494363
398.0596471	-15.72158456
404.625051	-15.17599228
407.3438804	-15.03883205
413.6044471	-14.93824749
416.6250255	-14.95653591
422.5838804	-14.89862433
425.9061706	-14.83156795
431.5632765	-14.71269614
435.1873529	-14.59382433
440.5426726	-14.41399228
444.471549	-14.34388842
449.5221059	-14.22196795
453.7496804	-14.11528842
458.501502	-14.01775251
463.0308255	-14.04213591
467.4778471	-14.097
472.3150216	-14.17929614
476.4572804	-14.27683205
481.5962039	-14.2494
485.4366765	-14.21587181
490.877349	-14.01775251
494.4160726	-13.85011158
500.1584941	-13.59407953
503.3955059	-13.41424749
509.4427274	-12.83512819
512.374902	-12.51813591
518.7238726	-11.96035251
521.357349	-11.73784749
528.0050549	-11.44219228
530.3367451	-11.38427953
537.2862	-11.19835251
539.3161784	-11.15567953
546.5673451	-11.06423977
548.2955745	-11.04290386
555.8485274	-10.93317567
557.2749706	-10.90879228
565.1296726	-10.68019228
566.2544039	-10.64361544
574.4139059	-10.52779228
575.2338	-10.51255251
583.695051	-10.37843977
584.2131961	-10.37843977
592.9761961	-10.41806409
593.1926294	-10.41806409
602.1720255	-10.21994363
602.2604294	-10.21994363
611.1514216	-9.872471814
611.5415745	-9.857232047
620.1308549	-9.482328186
620.8197059	-9.464039767
629.110251	-9.22324807
630.103902	-9.198864093
638.0896471	-9.003792279
639.3850471	-9.003792279
647.0720941	-9.06170386
648.6661922	-9.058655791
656.0514902	-9.034271814
657.9474117	-9.015983977
665.0309607	-9.006839767
667.2316078	-8.970264093
674.0103568	-8.848344209
676.5127529	-8.763
682.9897529	-8.513064093
685.793898	-8.421623744
691.969149	-8.183880116
695.0780941	-8.098535907
700.9485451	-7.9248
704.3561883	-7.818119884
709.9279412	-7.638287837
713.6374078	-7.528560233
718.9074117	-7.3914
722.9185529	-7.275576256
727.8868078	-7.144512163
732.202749	-7.001255791
736.8662039	-6.848855791
741.4838941	-6.693407721
745.842549	-6.54710386
750.7650393	-6.419087837
754.8219451	-6.309360233
760.0493098	-6.220967953
763.8043922	-6.150864093
769.3304549	-6.08990386
772.7837883	-6.056376256
778.6116	-5.964935907
781.7632588	-5.922264093
787.8896941	-5.78815193
790.7426549	-5.733287837
797.1738902	-5.590032047
799.722051	-5.541264093
806.4551098	-5.41324807
808.7014471	-5.370576256
815.7362549	-5.26084807
825.020451	-5.087112163
826.6602393	-5.056632047
834.3015961	-4.907280116
835.6397098	-4.88289614
843.5827412	-4.80364807
844.6191059	-4.791456081
852.8639607	-4.776216023
853.598502	-4.776216023
862.1481568	-4.751832047
862.577898	-4.751832047
871.429302	-4.703064093
871.5572941	-4.703064093
880.5397412	-4.666488128
880.7073961	-4.669535907
889.5192117	-4.72135193
889.9915922	-4.7244
898.4986078	-4.809743919
899.2728117	-4.809743919
907.4780039	-4.837175965
908.5539568	-4.831080116
916.4574	-4.80364807
917.835102	-4.785359942
925.4367961	-4.675632047
927.119298	-4.666488128
934.4161922	-4.6482
936.4004432	-4.64515193
943.3955883	-4.636008012
945.6815883	-4.639056081
952.3750588	-4.632959942
954.9658588	-4.639056081
961.3544549	-4.663440058
964.2439529	-4.660391988
970.333851	-4.623816023
973.525098	-4.608575965
979.316298	-4.581143919
982.8062432	-4.550664093
988.2956941	-4.507991988
992.0904393	-4.462272105
997.2750902	-4.386072105
1001.371659	-4.328159942
1006.254561	-4.2672
1010.652804	-4.200143919
1015.230906	-4.136135907
1019.937	-4.029456081
1024.210302	-3.922775965
1029.218145	-3.742943919
1033.189698	-3.599688128
1038.49929	-3.35889614
1042.169094	-3.191256081
1047.78051	-2.929127895
1051.14849	-2.770632047
1057.064706	-2.5146
1060.127961	-2.383536052
1066.3428	-2.148840058
1069.107357	-2.042159942
1075.623945	-1.758695994
1078.086753	-1.648967953
1084.908141	-1.533144064
1087.0692	-1.496567953
1094.189361	-1.255775965
1096.048596	-1.188720029
1103.470506	-0.865631974
1105.027992	-0.798575965
1112.754702	-0.63093598
1114.007388	-0.600456009
1122.035847	-0.252983995
1122.986859	-0.207264002
1131.316992	0.243840004
1131.966255	0.277368008
1140.598212	1.29235193
1140.945651	1.328928041
1149.882408	2.5146
1149.925047	2.52069614
1158.904443	3.139440058
1159.160502	3.157727895
1167.883839	3.742943919
1168.441647	3.770375965
1176.866361	4.27024807
1177.725843	4.245864093
1185.845757	4.075175965
1187.006988	4.163567953
1194.825153	4.700016023
1196.288208	4.818888128
1203.804549	5.672328186
1205.569353	5.830823744
1212.783945	6.370319884
1214.853549	6.39775193
1221.763341	6.70864807
1224.134694	6.858
1228.005639	7.153655791
1230.742812	7.360919884
1233.415839	7.711439767
1239.722208	8.281416023
1243.724196	8.519160233
1247.711004	8.68375193
1255.6998	7.793735907
1256.208792	7.760207721
1263.688596	7.196328186
1268.687286	7.101839767
1271.680518	7.046976256
1279.669314	7.056119884
1281.168906	7.08050386
1287.65811	7.196328186
1293.653502	7.324344209
1295.646906	7.367016023
1303.635702	7.662671814
1306.135121	7.726680116
1311.627623	7.970519884
1318.616592	8.15035193
1319.61642	8.217407721
1327.605216	9.186671814
1331.101188	10.06144749
1335.594012	11.10996023
1343.582808	12.97533591
	
