45.32	RS=45.32   
0	2.496311872
7.946135907	4.069080116
15.88922433	2.993135907
23.83535907	2.081783977
31.78149498	1.801367953
40.85844093	1.700783977
49.93843088	1.469136052
51.18506177	1.328928041
59.01537451	0.435863984
68.09536912	0.222504006
77.17231274	0.411480007
86.25230735	0.548639985
95.32925098	-0.012192
104.4061946	-1.405128041
113.4861799	-3.822191988
122.5631235	-7.339583977
131.6431181	-11.83233591
140.7200618	-16.38909614
149.8000564	-18.23923205
158.877	-18.73910386
167.9569853	-19.57120772
177.0339382	-19.63521544
186.1108726	-19.56511274
195.1908765	-19.55596912
204.2678108	-19.61997684
213.3478147	-19.67179228
222.424749	-19.76627953
231.5047529	-19.97354363
240.5816873	-20.17775907
249.6616726	-20.2692
258.7386255	-20.29053591
267.8155598	-20.33625637
276.8955637	-20.42464865
285.972498	-20.52827953
295.052502	-20.86965637
304.1294363	-21.19884093
313.2094216	-21.47620772
322.2863745	-21.61336912
331.3663784	-21.76272047
340.4432941	-22.05227953
349.523298	-22.33269498
358.600251	-22.74112819
367.6772039	-23.24709498
376.7571706	-23.70124865
385.8341235	-23.98471274
394.9141274	-24.21940772
403.9910804	-24.40533591
413.0710471	-24.41752819
422.148	-24.32913591
431.2280039	-24.28951274
440.3049196	-24.16454363
449.3818726	-23.99995135
458.4618765	-23.88717684
467.5388294	-24.02128726
476.6187961	-24.23464865
485.695749	-24.59431274
494.7757529	-24.88996912
503.8527059	-25.30754363
512.9326726	-25.83789498
522.0096255	-25.89885637
531.0865784	-26.05125637
540.1665451	-26.27071274
549.243498	-26.51455135
558.323502	-26.7462
567.4004549	-26.85287953
576.4804216	-26.91384093
585.5573745	-27.00832819
594.6373784	-27.09062316
603.7142941	-27.19120772
612.7912471	-27.70327181
621.871251	-28.58414363
630.9482039	-29.49549498
640.0282078	-30.07766409
649.1051607	-30.80918456
658.1850902	-31.30295907
667.2620432	-31.81197684
676.3420471	-32.72027953
685.419	-33.09213591
694.4990039	-31.02559228
703.5759568	-27.25521544
712.6559607	-24.11272819
721.7328393	-22.95753591
730.8097922	-21.47925637
739.8897961	-18.19656023
748.966749	-14.92300772
758.0467529	-11.30807953
767.1237059	-8.129016023
776.2037098	-4.062983977
776.8498471	-3.944111872
785.2805883	-2.377440058
794.3605922	-0.938783977
803.4375451	-0.374904006
811.7708039	0.728472032
820.1070393	1.313687983
828.440298	1.243583977
836.7735568	1.274063948
845.1097922	1.356359942
853.443051	2.033016023
861.7763098	3.57530386
870.1125451	3.514343919
	
