210.17	RS=210.17  
0	14.15796023
9.128760233	13.30452047
18.25447181	10.82344749
27.38323088	8.564880116
36.51199228	7.662671814
45.6377027	7.85469614
54.76646177	7.415783977
63.89522549	6.989064093
73.02398456	6.970776256
82.14969265	7.61390386
91.27845637	8.884919884
100.4072201	9.317735907
109.5329235	9.37564807
118.6616873	9.589007721
121.1061799	9.576816023
127.790451	9.546335907
136.9192054	8.848344209
146.0449181	8.433816023
155.1736819	7.93089614
164.3024363	6.793992279
173.428149	6.181344209
182.5569127	6.422135907
191.6856765	7.034783977
200.8113892	7.498080116
209.9401529	7.763255791
219.068898	7.882128186
228.1976618	7.936992279
237.3233745	7.336535907
246.4521382	3.005327895
255.580902	1.575816023
264.7066147	0.737616023
273.8353598	-0.268223999
282.9641235	-0.960120029
292.0898363	-1.505712017
301.2186	-2.118359942
310.3473637	-2.4384
319.4761274	-2.950464093
328.6018216	-3.27355193
337.7306039	-3.523488128
346.859349	-3.797808012
355.9850804	-4.029456081
365.1138255	-4.105656081
374.2425706	-4.401311872
383.3713529	-4.739640058
392.4970471	-4.974335907
401.6258294	-5.03224807
410.7545745	-5.166360233
419.8803059	-5.498592279
429.009051	-5.839967953
438.1377961	-6.233160233
447.2665784	-6.409944209
456.3922726	-6.534912163
465.5210549	-6.717792279
474.6498	-6.836664093
483.7754941	-7.071360233
492.9042765	-7.327392279
502.0330216	-7.46150386
511.1587529	-7.717535907
520.287498	-7.738871814
529.4162804	-7.54989614
538.5450255	-7.281671814
547.6707196	-7.147560233
556.799502	-7.046976256
565.9282471	-7.09269614
575.0539784	-7.202423744
584.1827235	-7.644383977
593.3115059	-8.15035193
602.440251	-8.90930386
611.5659451	-9.567671814
620.6947274	-9.814560233
629.8235098	-9.98829614
638.9492039	-9.970007721
648.077949	-9.83589614
657.2066941	-9.927335907
666.3323883	-10.17117567
675.4612078	-10.71981544
684.5899529	-11.22883205
693.718698	-12.18285637
702.8443922	-12.6492
711.9732117	-13.36547953
721.1019568	-13.84401544
730.227651	-14.12747953
739.3563961	-14.53286409
748.4851412	-14.71269614
757.6139607	-15.00225637
766.7396549	-15.38020772
775.8684	-15.93799228
784.9971451	-16.76704749
794.1228393	-17.23339228
803.2516588	-17.42236795
812.3804039	-17.58086409
821.509149	-17.80946409
830.6348432	-18.09597567
839.7635883	-18.32762433
848.8924078	-18.80311158
858.018102	-19.10486409
867.1468471	-19.49196023
876.2755922	-19.70836912
885.4013607	-19.90953591
894.5301059	-20.07412819
903.658851	-20.57095135
912.7875961	-20.79345637
921.9132902	-20.91537684
931.0421098	-20.72944865
940.1708549	-20.33015907
949.296549	-18.71776795
958.4252941	-16.6878
967.5540393	-15.41068842
976.6828588	-14.22501544
985.8085529	-12.63396023
994.937298	-11.98473591
1004.066043	-10.24127953
1013.191812	-9.110471814
1022.320557	-8.019287837
1031.449302	-7.251192279
1040.578047	-7.120128186
1049.703741	-6.574535907
1058.576502	-5.239512163
1058.832561	-5.199887837
1067.961306	-2.295144064
1077.090051	5.154167953
1086.215745	8.324087837
1095.34449	9.45489614
1104.47331	9.765792279
1113.599004	9.430512163
1122.727749	8.872728186
1131.856494	9.012935907
1140.985239	11.64640772
1150.111008	12.65224749
	
