	RS=113.96* 
0	7.802880116
8.781287837	6.486144209
9.409176256	6.409944209
17.56257567	4.904232047
18.81835251	4.72744807
26.34386409	4.319016023
28.22752819	4.218432047
29.31261544	4.178808012
35.12515135	3.971543919
37.63365637	3.901440058
43.90644093	3.718559942
44.22952819	3.712464093
47.04283088	3.65455193
52.68772819	3.526535907
56.45201005	3.389375965
61.46596912	3.224783977
65.86118456	3.154680116
70.2503027	3.102864093
75.27035907	3.099816023
79.0315946	3.096767953
84.67648726	3.108959942
87.81288186	3.105911872
94.08566177	3.105911872
96.59111814	3.102864093
103.4917946	3.078480116
105.3724054	3.075432047
112.9009691	3.096767953
114.1567436	3.096767953
122.3101436	3.145535907
122.9380309	3.13029614
131.7193181	2.51155193
139.0710927	0.438912017
143.5973745	-0.621791988
146.4259181	-2.392679971
153.7776927	-7.574280116
155.4754309	-8.84224807
161.1325274	-9.689592279
167.3565382	-11.17396795
168.484302	-11.45743205
175.8391274	-12.96619228
179.2345853	-13.64894363
183.1939529	-14.67612047
190.5457274	-16.99869614
191.112651	-17.10537567
197.897502	-18.97075251
202.990698	-20.25700772
205.2523274	-20.84527181
212.6071529	-22.70150502
214.8718147	-23.21661544
219.9619598	-24.31389498
226.7498618	-25.86837684
227.3167853	-25.95981544
234.6655274	-28.24581544
238.6279274	-29.93440772
242.0203529	-31.27552819
249.3751598	-34.31438456
250.5059745	-34.69843088
256.7299853	-36.67353591
262.3870726	-37.84092047
264.0817598	-38.15791274
271.4335529	-39.38625637
274.2651382	-39.86784093
278.7883598	-40.50182549
286.1431853	-41.07484633
294.967149	-40.63898456
295.500549	-40.58716912
303.7972147	-39.3954
304.8518108	-39.21861544
312.6242294	-37.77081544
314.2091745	-37.47515907
321.4542765	-35.91763088
323.5635059	-35.48786409
330.2812726	-33.87547181
332.920851	-33.27806409
339.1113196	-32.15030502
342.2720941	-31.63214363
347.9383529	-30.85185637
351.6294765	-30.36722316
356.7684	-29.68142316
360.9868216	-29.14802316
365.5953961	-28.47441544
370.3411529	-27.80995135
374.4254804	-27.28264865
379.6954471	-26.58465637
383.2524765	-26.19146409
389.0497784	-25.56967181
392.0825235	-25.33192819
398.4071235	-24.87472819
400.9095196	-24.71318456
407.7614549	-24.27427181
409.7396039	-24.14015907
417.1188	-23.53970502
418.5666	-23.39949498
426.4730941	-22.80513591
427.3966471	-22.76246409
435.8274255	-22.38146409
436.2236804	-22.35403088
445.0537274	-21.68042316
445.1847706	-21.66823088
453.8807235	-20.84832047
454.539102	-20.78126409
462.7077196	-19.99183088
463.8964471	-19.89124865
471.5378039	-19.37003977
473.2477274	-19.2786
480.3648	-18.8976
482.6050726	-18.77567953
489.1917961	-18.41601544
491.9624549	-18.26971158
498.0188294	-18.01367953
501.316749	-17.87347181
506.8488765	-17.61134363
510.6710804	-17.39798456
515.6758726	-17.11147181
520.0253745	-16.87372819
524.5059196	-16.62074363
529.3827196	-16.35252047
533.3329529	-16.11782433
538.740102	-15.78559228
542.163	-15.59052047
548.0913451	-15.24609614
550.9899961	-15.09369614
557.4487274	-14.75232047
559.8200804	-14.62430386
566.8030216	-14.28292819
568.6470765	-14.18234363
576.1604039	-13.81048842
577.4771235	-13.77086409
585.514698	-13.54226409
586.3041196	-13.51483205
594.8690294	-13.24965637
595.1342039	-13.24051158
603.9612	-12.82293591
604.2263745	-12.80769614
612.7881961	-12.32611158
613.5807059	-12.28648842
621.6182804	-11.81404749
622.938051	-11.7348
630.4452393	-11.27455251
632.2923451	-11.16482433
639.2753607	-10.74724749
641.6466393	-10.61313591
648.1023568	-10.34796023
651.0010078	-10.25347181
656.9324039	-10.1346
660.3583529	-10.07363977
665.7594	-9.948671814
669.715698	-9.851135907
674.5894471	-9.689592279
679.0669412	-9.537192279
683.4164432	-9.403080116
688.4243607	-9.262871814
692.2464902	-9.177528186
697.7786549	-9.086087837
701.0735607	-9.043416023
707.136	-8.9916
709.9036078	-8.964167953
716.4902941	-8.91235193
718.7275529	-8.881871814
725.8445883	-8.763
727.5576	-8.735567953
735.2020078	-8.595360233
736.3845961	-8.580119884
744.556302	-8.494776256
745.2146432	-8.491728186
753.9136471	-8.519160233
754.0416393	-8.519160233
762.8687098	-8.53135193
763.2648902	-8.52830386
771.6987568	-8.433816023
772.6223098	-8.412480116
780.5257529	-8.141207721
781.9766039	-8.068055791
789.3558	-7.525512163
791.333949	-7.342632047
798.1827961	-6.6294
800.6912941	-6.39775193
807.0128432	-5.779007721
810.0426117	-5.522976256
815.8398393	-5.169407721
819.3999568	-4.953
824.6699607	-4.562856081
828.754251	-4.239767953
833.4969568	-3.916680116
838.1115961	-3.563111872
842.3270039	-3.255264093
847.4689412	-2.96875193
851.154	-2.724911872
856.8202588	-2.316479971
859.9840471	-2.026920029
866.1776039	-1.405128041
868.8110432	-1.133856009
875.531898	-0.381
876.1292941	-0.329184013
877.6410902	-0.201168008
884.8892432	0.42976799
886.4681607	0.521208012
889.5404941	0.63093598
894.2405607	0.792479971
895.2982078	0.954024035
903.5979059	1.935479971
904.1252039	1.953767953
912.9522	3.675888128
918.7342471	3.971543919
924.5162941	4.18490386
930.2922393	4.206240058
934.1480039	4.18490386
936.0743607	4.19404807
941.8533568	4.322064093
947.6354039	4.526280116
953.417451	4.7244
955.3407568	4.846319884
959.1933961	5.18769614
964.9754432	6.364223744
970.7544393	7.171944209
976.5365607	6.986016023
	
