	RS=112064.*
0	0.777239985
21.03729498	0.615695994
31.55899228	0.606552003
33.24453591	0.621791988
36.81679228	0.6858
42.08068726	0.850391988
42.7421027	0.862583977
52.59933823	0.896112017
63.11798456	0.984504006
68.37883088	0.938783977
75.98968726	0.758952003
84.15832354	0.603504006
89.27896912	0.603504006
119.5395127	0.48463201
167.4357892	0.051816001
175.9336147	-0.018288
197.3732363	-0.088391997
198.8240873	-0.091440004
203.2101637	-0.124967999
215.6856255	-0.164592007
240.569502	-2.179320029
246.8697127	-3.258311872
259.5219637	-6.803135907
265.8526471	-8.08329614
271.8663637	-9.003792279
274.021302	-9.198864093
278.6451127	-9.814560233
278.9834363	-9.832847488
283.6255529	-10.66495251
285.820098	-10.99413591
290.5658363	-11.51229614
295.1866147	-11.89329614
304.2879382	-12.19809614
309.7133745	-12.48460772
310.8076147	-12.53032819
317.3394765	-12.66748842
327.882498	-12.81683977
336.3345961	-13.05153591
342.750651	-13.17345637
349.0996216	-13.35023977
393.9417961	-14.27073591
399.8640765	-14.43837567
404.9725274	-14.63649614
412.9278	-14.77060772
421.3250549	-14.99616023
432.514251	-15.25219228
435.864	-15.48688842
438.765702	-15.67281544
451.6465529	-15.85874363
463.2198	-15.63014363
473.6317784	-15.75816023
474.7808804	-15.77644749
486.4211745	-15.80387953
497.8481235	-15.55394363
515.2065059	-15.68805637
532.5282765	-15.48079228
550.0299059	-15.49603205
555.7449059	-15.36496795
560.0943706	-15.33448842
568.0587961	-15.23085637
580.2904216	-15.15465637
584.5149451	-15.15770386
590.6719274	-15.10588842
597.8042549	-15.10893591
601.8763784	-15.07540772
607.9358039	-14.90472047
611.587302	-14.86204749
625.8884941	-14.62430386
630.856749	-14.45971158
635.5933529	-14.13052819
640.5158432	-13.91716795
645.3591568	-13.59407953
648.2059412	-13.43558456
668.7403529	-12.82293591
671.6603607	-12.61567181
673.766502	-12.52727953
677.0736117	-12.50594363
683.4713607	-12.21943205
688.9547098	-12.04874363
693.112149	-11.99387953
697.9463098	-12.04264749
706.3434902	-11.94511158
712.0981529	-11.74089614
713.2715883	-11.73784749
718.6330471	-11.75613591
724.1072432	-11.69822433
729.0420117	-11.59154363
729.7796039	-11.54887181
735.3116941	-11.29588842
741.2340117	-11.18006409
746.4307922	-11.23187953
746.8971451	-11.22578456
752.3531098	-11.20749614
757.7022902	-11.00937567
758.0559059	-11.00023205
764.2524393	-11.1252
769.2725607	-10.96060772
775.2771059	-10.62227953
775.7799961	-10.58265637
781.3152117	-10.29614363
792.629349	-10.07973591
798.9447961	-9.784079535
801.7977568	-9.738360233
806.9824078	-9.613392279
812.285898	-9.567671814
817.7235568	-9.659112163
821.5427098	-9.927335907
823.2556471	-9.985247488
827.3490902	-9.713976256
828.8426549	-9.717023744
834.4539961	-9.549383977
838.965051	-9.512807721
844.7014078	-9.348216023
845.9876549	-9.22324807
851.1052588	-8.930639767
851.9068471	-8.939783977
862.5656941	-8.875776256
864.1719961	-8.775192279
874.2181922	-8.013192279
876.7480471	-8.028432047
879.3693568	-8.110728186
889.5954117	-7.8486
890.9120941	-7.802880116
896.7399059	-7.69924807
902.518902	-7.84250386
902.5767961	-7.839455791
908.3284078	-7.528560233
925.6562432	-7.360919884
928.9024078	-7.516367953
931.4170078	-7.632192279
935.4006902	-7.363967953
937.2325412	-7.24509614
942.9902549	-7.46150386
959.580498	-7.351776256
966.057498	-7.281671814
971.9523568	-7.351776256
977.716098	-7.202423744
980.0935529	-7.205471814
989.2467059	-7.24509614
1012.371843	-6.806183977
1030.40691	-6.867144209
1031.9004	-6.845807721
1044.558753	-6.690360233
1047.832302	-6.656832047
1059.402498	-6.77875193
1069.692549	-6.650735907
1070.219847	-6.641592279
1100.355459	-6.71169614
1104.893898	-6.726935907
1133.709702	-6.659880116
1145.023839	-6.644639767
1169.362149	-6.63244807
1171.907259	-6.650735907
1179.944796	-6.714744209
1197.293988	-6.672071814
1206.840345	-6.672071814
1232.035161	-6.611112163
1237.808055	-6.537960233
1261.984812	-6.516623744
1267.7394	-6.620255791
1270.031502	-6.592823744
1285.110023	-6.031992279
1296.698377	-5.809487837
1302.971184	-5.55650386
1314.056796	-5.215128186
1318.766016	-4.94995193
1330.275192	-4.56895193
1334.575879	-4.511040058
1335.673188	-4.450080116
1341.833184	-4.309872105
1353.3882	-3.867911872
1367.030977	-3.614927895
1383.520686	-2.97484807
1393.902192	-2.82244807
1399.836714	-2.487167953
1400.626098	-2.43535193
1410.64491	-2.011679971
1411.842679	-1.783079971
1425.464321	-0.999743991
1428.9024	-0.548639985
1431.456588	0.173735998
1436.37	1.085087983
1436.997906	1.146047997
1441.283412	1.508759942
1443.85278	1.588008012
1448.924694	1.804416023
1456.026623	1.44475193
1459.065396	1.347216023
1464.13731	1.304544064
1475.686223	1.411224035
1479.352902	1.459991988
1489.493604	1.609344064
1499.634306	1.6764
1500.259086	1.670304006
1519.91571	1.380744064
	
