	RS=156.13* 
0	9.75969614
6.02284807	8.964167953
12.04264749	7.674864093
12.31696795	7.638287837
18.06549614	6.644639767
24.08529498	5.809487837
24.63393591	5.727192279
30.11119228	5.391912163
36.13099228	5.151119884
36.95090502	5.126735907
42.15384093	5.090160233
48.17364093	4.928616023
49.27091814	4.95909614
54.19648726	5.096255791
60.21628726	5.382767953
61.58484093	5.358383977
66.23913823	5.4864
72.26198456	5.660135907
73.90181005	5.70890386
78.28483088	5.992367953
84.30463088	6.370319884
86.22182549	6.492239767
90.32748186	6.48309614
96.35032354	6.452616023
98.53574363	6.434328186
102.3701235	6.40689614
108.3929745	6.40689614
110.8557637	6.382512163
114.4127745	6.361176256
120.4356255	6.300216023
123.1727235	6.291071814
126.4584765	6.284976256
132.4813181	6.309360233
135.4927436	6.31850386
138.5011181	6.31850386
138.8638309	6.31850386
144.5239691	6.31850386
147.8066618	6.31850386
150.5437691	6.3246
156.5666108	6.336792279
160.1236402	6.367271814
162.5894618	6.391655791
168.6092618	6.312407721
172.443651	6.281928186
174.6321127	6.2484
177.2290147	6.187439767
180.6549637	6.105144209
184.7575598	5.986271814
186.6778147	5.858255791
192.6976147	5.449823744
197.0775892	5.376671814
198.7204471	5.379719884
204.7402471	5.437632047
209.394549	5.154167953
210.763098	5.03529614
216.782898	4.687824035
221.7084765	4.517135907
222.805749	4.42569614
228.8286	3.922775965
234.0284873	3.407664093
234.851451	3.5052
240.871251	4.27329614
246.3454471	4.974335907
246.894102	5.001767953
252.9169529	5.227319884
258.6654765	5.431535907
258.9367529	5.40715193
264.9595853	4.754880116
270.9793853	3.980688128
279.4619745	2.28904807
281.7754147	1.764791988
287.9415127	0.615695994
292.5683745	0.009144
296.421051	-0.438912017
303.3613529	-1.3716
304.9005892	-1.609344064
313.3801274	-2.657856081
314.1542941	-2.731008012
321.862698	-3.493008012
324.9442216	-3.66064807
330.3422549	-3.944111872
335.7372	-4.258056081
338.8187235	-4.401311872
346.5301784	-4.593335907
347.3012941	-4.608575965
355.780851	-4.8006
357.3231196	-4.849367953
364.2634216	-5.03529614
368.119149	-5.163312163
372.7399274	-5.306567953
378.9121274	-5.465064093
381.222498	-5.510783977
389.7020549	-5.538216023
398.1815745	-5.388864093
400.4949961	-5.349239767
406.6610941	-5.315712163
411.2879745	-5.315712163
415.140651	-5.309616023
422.0809529	-5.312664093
423.6232216	-5.34009614
432.1027784	-5.510783977
432.8708804	-5.535167953
440.582298	-5.849112163
443.6638216	-5.964935907
449.0618549	-6.239255791
454.459851	-6.440423744
457.5413745	-6.513576256
465.2528294	-6.882383977
466.0239451	-6.9342
474.500451	-7.589519884
476.0457706	-7.687055791
482.9830216	-8.241792279
486.838749	-8.5344
491.4625784	-8.83310386
497.6286765	-9.336023744
499.945149	-9.534144209
508.4216549	-10.24127953
516.9011745	-10.81125637
519.2145961	-10.96975251
525.3837451	-11.32941544
530.0075745	-11.60373591
533.863302	-11.82319228
540.8036039	-12.13103977
542.3428216	-12.21333591
550.8223784	-12.54861544
551.5934941	-12.56995251
559.301898	-12.80464749
562.3864726	-12.91742433
567.7845059	-13.15516795
573.179451	-13.40205637
576.2609745	-13.53312047
583.9724294	-13.92936023
584.7435451	-13.96593591
593.223102	-14.49628842
594.7653706	-14.56943977
601.7056726	-14.82242433
605.555298	-14.99311158
610.1821784	-15.24914363
616.3482765	-15.53870386
618.661698	-15.67586409
627.1443059	-16.18183205
635.6237883	-16.58416795
637.9372471	-16.74571158
644.1033451	-17.18157567
648.7301883	-17.50161544
652.582902	-17.76069614
659.5232039	-18.28495251
661.0655098	-18.38858456
669.5449922	-18.95856023
670.3130941	-19.01647181
678.021498	-19.59254363
681.1061098	-19.74189498
686.5041059	-19.94001544
691.899051	-20.15642316
694.9835883	-20.26615135
702.6950432	-20.42464865
703.4661961	-20.43988726
711.942702	-20.61972047
713.4880588	-20.63495907
720.4253098	-20.71420772
724.277949	-20.77516912
728.9047922	-20.86660772
735.0708902	-20.99767181
737.384349	-21.03729498
745.8639059	-21.18969498
754.3433883	-21.40610502
756.6568471	-21.44267953
762.8259961	-21.51583088
767.4497883	-21.54021544
771.3055529	-21.56155135
778.2458549	-21.69261544
779.7851098	-21.717
788.2645922	-21.86330502
789.0357451	-21.87854363
796.744149	-22.11933591
799.8287607	-22.26868726
805.2267568	-22.56129498
810.621702	-22.84780772
813.7062393	-22.98801544
821.4146432	-23.30805637
822.1857961	-23.34158456
830.6653529	-23.77135135
832.2046078	-23.81097684
839.1449098	-23.91765637
842.997549	-23.97556912
847.6243922	-24.05481544
853.7935412	-24.16454363
856.103949	-24.20112047
864.5865568	-24.26817684
872.7338549	-24.13101544
876.6292078	-24.05176912
880.8811529	-23.95727953
888.6718588	-23.82621544
889.028451	-23.82012047
897.172698	-23.66467181
900.7175607	-23.61895135
905.3230471	-23.56408726
912.7602117	-23.44216912
913.4703451	-23.42997684
921.6176432	-23.26843088
924.8027883	-23.15260772
929.7649412	-22.93924865
936.8515412	-22.66797684
937.9122393	-22.61311274
946.0596117	-22.18944093
948.8941922	-22.07361544
954.2038588	-21.82672819
960.9368432	-21.58898456
962.3542078	-21.50668726
970.5015059	-21.13483088
972.9794941	-21.02815135
978.6488039	-20.84832047
985.0221451	-20.50694363
986.796102	-20.47036912
994.940349	-20.09546409
997.0678471	-19.95525637
1003.090698	-19.59864093
1009.110498	-19.31212819
1011.234945	-19.20544749
1019.385294	-18.80920772
1021.153149	-18.68728842
1027.532592	-18.06244749
1033.201902	-17.58086409
1035.67989	-17.32483205
1043.827188	-16.41043205
1045.244553	-16.26717567
1051.97151	-15.45336023
1057.287204	-14.75536795
1060.121859	-14.48714363
1068.266106	-13.61846409
1069.329855	-13.52702433
1076.416455	-12.78940772
1081.372506	-12.28343977
1084.563753	-11.85367181
1092.711051	-10.66190386
1093.418208	-10.53998456
1100.858349	-9.37869614
1104.189792	-8.570976256
1105.460859	-8.263128186
1109.002596	-7.38835193
1117.152945	-4.002024035
1117.506561	-3.88010386
1125.300243	-0.179831992
1129.549212	1.380744064
1133.447541	2.846832047
1141.594839	6.044183977
1149.723906	7.357871814
1150.272561	7.446264093
1151.799612	7.443216023
1158.947157	7.3914
1162.007361	7.723632047
1167.621753	8.23264807
1172.212059	8.345423744
1176.2994	8.53744807
1182.419808	7.763255791
1184.973996	7.491983977
1192.630608	6.528816023
1193.651643	6.4008
1202.326239	5.605271814
1202.835306	5.605271814
1211.003961	5.513832047
1213.043055	5.535167953
1219.678557	5.367528186
1223.250804	5.221223744
1228.353153	5.081016023
1233.455502	4.334256081
1237.027749	3.907535907
1243.663251	3.66064807
1245.705396	3.636264093
1253.871	3.919727895
1254.379992	3.934967953
1263.054588	4.535424035
1264.078823	4.611624035
1271.73231	5.071871814
1274.286498	5.129783977
1280.406906	5.18464807
1284.491196	5.157216023
1289.081502	5.17855193
1294.69902	5.455919884
1297.759223	5.742432047
1304.906694	7.062216023
1306.43382	7.38835193
1315.111392	9.622535907
	
