	RS=227.42* 
0	14.38960772
6.300216023	13.17955251
12.60347953	11.61592819
13.01496023	11.53363205
18.90674363	10.31443205
26.03296912	9.546335907
26.60294363	9.494519884
34.29914363	9.229344209
39.04792819	9.083039767
41.99534363	9.055607721
49.69154363	9.238487837
52.06593823	9.281160233
57.38774363	9.332976256
65.0808973	9.482328186
72.39914363	7.647432047
73.20686177	6.39470386
79.72043628	-3.745991988
81.25357991	-4.303775965
87.03868726	-6.419087837
87.28557451	-6.412992279
94.35693823	-6.190487837
97.42322549	-6.135623744
101.6751799	-5.836919884
108.9934309	-5.757671814
113.5959127	-5.666232047
116.3116819	-5.623560233
123.6299235	-5.501639767
129.8143181	-5.358383977
130.9481745	-5.361432047
138.2664255	-5.160264093
145.1213745	-4.998719884
146.0327235	-4.980432047
151.9763235	-4.785359942
158.8343235	-4.626864093
162.2511382	-4.706111872
165.6892726	-4.791456081
172.5411892	-5.309616023
178.3994363	-5.934455791
179.3991892	-6.047232047
186.2541382	-6.745223744
193.1090873	-7.09269614
194.544702	-7.150607721
199.9640363	-7.476744209
206.8189853	-7.808976256
210.693	-8.013192279
213.9269235	-8.214360233
221.0318108	-8.671560233
226.8382471	-9.031223744
228.139749	-9.131807721
235.2476873	-9.625583977
242.3525745	-10.10412047
242.9804618	-10.14679228
249.4605127	-10.65276023
256.568451	-11.21359228
259.1257274	-11.39647181
263.6733382	-11.73175251
270.7812765	-12.22552819
275.2740255	-12.55166409
277.8892147	-12.65834363
284.994102	-13.06982433
292.3184363	-13.52397567
298.9935637	-13.46606409
303.0047235	-13.14907181
305.6686726	-12.91437567
312.340749	-12.47241544
313.6940804	-12.42669614
319.0158765	-12.24381544
324.380349	-12.03655251
325.6910039	-11.98473591
332.3660941	-11.67383977
335.0697059	-11.49096023
339.0381706	-11.23187953
345.713298	-10.91793591
345.7559745	-10.91488842
352.3884255	-10.59484749
356.4422804	-10.38758456
359.0635529	-10.26566409
365.7356294	-9.854184558
367.1316	-9.817607721
372.4107196	-9.67130386
377.8179059	-9.704832047
379.0858471	-9.707880116
385.7609745	-9.838943628
388.5041745	-9.945624326
392.433051	-10.07973591
399.1081784	-10.09192819
399.1934941	-10.09192819
405.1096726	-10.07059228
409.8798	-10.00963205
411.1081529	-9.997439767
417.1096471	-9.957815442
420.5691196	-9.930384558
423.1111784	-9.936479535
429.8625059	-9.960864093
431.2554255	-9.963911581
436.6107451	-10.03096795
441.1370549	-10.08278456
443.3651235	-10.11021544
450.1134	-10.15593591
451.0186471	-10.15898456
456.8647274	-10.2108
460.8972255	-10.24737567
463.6130039	-10.25347181
470.3673451	-10.27176023
470.7788549	-10.27176023
476.9936941	-10.14983977
480.6604471	-10.08583205
483.6200804	-10.04316023
490.2464294	-9.963911581
490.5420765	-9.960864093
496.8758294	-9.997439767
501.0637784	-10.01267953
503.5021784	-10.06449614
510.1285274	-10.18641544
511.5915451	-10.20165637
516.7579274	-10.24432819
522.116298	-10.32357567
523.3873274	-10.30833591
530.0136765	-10.19251158
532.641051	-10.13155251
536.6400255	-9.973056372
543.1658039	-9.701783977
543.5742255	-9.689592279
550.5084255	-9.497567953
553.6935706	-9.409176256
557.4426255	-9.3726
564.2152726	-9.314687837
564.3768255	-9.314687837
571.3110255	-9.250680116
574.7430765	-9.198864093
578.2452255	-9.046464093
585.1794255	-8.778239767
585.2708804	-8.775192279
592.1136255	-8.400287837
595.7925451	-8.193023744
599.0478255	-7.99795193
605.9820255	-7.644383977
606.320349	-7.62609614
612.9162255	-7.38530386
616.845102	-7.24204807
619.8504255	-7.174992279
626.6840549	-6.946392279
626.7845883	-6.946392279
633.7187883	-6.7818
636.5199568	-6.763512163
640.6529883	-6.797039767
646.3589098	-6.86409614
646.9654588	-6.873239767
653.2778549	-6.943344209
656.1977883	-6.952487837
659.590251	-6.955535907
665.9026471	-6.925055791
666.0336902	-6.925055791
672.2150432	-6.9342
675.8726432	-6.973823744
678.5304902	-7.074407721
685.6170902	-7.367016023
685.7115961	-7.370064093
692.7036902	-7.534655791
695.550549	-7.565135907
699.7933412	-7.53770386
705.4412941	-7.437119884
706.8799412	-7.3914
713.9665412	-7.068312163
715.3350902	-7.01649614
721.0561922	-6.757416023
725.2259098	-6.565392279
728.1458432	-6.419087837
735.1197059	-6.208776256
735.2324432	-6.205728186
740.9779529	-6.083807721
745.010451	-6.02589614
746.7233883	-5.998464093
752.468898	-5.922264093
754.9042471	-5.903976256
758.2174588	-5.87044807
763.9598432	-5.855207721
764.7949922	-5.852160233
770.4917607	-5.79424807
774.6887883	-5.79424807
777.0236039	-5.809487837
783.5523961	-5.78510386
784.8264393	-5.763767953
790.0842393	-5.742432047
794.9640902	-5.699760233
796.6161568	-5.64489614
803.148	-5.419344209
805.1017412	-5.34009614
809.6767922	-5.038344209
815.2424432	-4.678680116
816.2087098	-4.669535907
823.0362	-4.590288128
825.3800941	-4.56895193
829.8667412	-4.477511872
835.5177451	-4.328159942
836.6973568	-4.285488128
843.527898	-4.04164807
845.6553961	-3.992880116
850.3553883	-3.925824035
855.796098	-3.819143919
857.1860039	-3.822191988
864.0165451	-3.697224035
865.933749	-3.66369614
870.7891922	-3.560064093
876.0714	-3.633216023
877.5587883	-3.642359942
884.3315098	-3.599688128
885.983502	-3.57835193
891.1011059	-3.474719884
895.8956039	-3.447288128
897.8737529	-3.429
904.643349	-3.459480116
905.8077059	-3.453383977
911.4159961	-3.706367953
915.7228588	-3.864864093
917.2833961	-3.861816023
923.1507961	-3.81
925.6349607	-3.819143919
929.0181961	-3.837432047
934.8855961	-3.89229614
935.5500393	-3.8862
940.7529961	-3.922775965
945.4621412	-3.928872105
947.0684432	-3.910583977
953.3838902	-3.828288128
955.3742432	-3.791711872
959.6994117	-3.553967953
964.381098	-3.227832047
965.6338588	-3.087624035
971.5713568	-2.316479971
973.384902	-2.042159942
977.5088549	-1.392936052
982.3948078	-0.697991988
983.443302	-0.563880007
989.3808	0.451104006
991.3986117	0.819912017
995.3549098	1.688591988
1001.328945	2.837688128
1002.066612	2.96570386
1007.303055	3.5814
1012.737588	4.145280116
1013.27709	4.209288128
1020.351561	4.79755193
1023.405588	5.077967953
1027.429008	5.666232047
1034.076639	6.55929614
1034.506455	6.562344209
1041.583902	6.489192279
1044.741588	6.55015193
1048.661349	6.723887837
1055.412639	7.037832047
1055.735745	7.050023744
1062.813192	7.30910386
1066.080639	7.367016023
1069.890639	7.434071814
1076.75169	7.39444807
1076.968161	7.3914
1084.045608	7.437119884
1087.41969	7.501128186
1091.120004	7.62609614
1098.090741	7.915655791
1098.197451	7.92175193
1105.274898	8.180832047
1108.758741	8.257032047
1112.352345	8.324087837
1119.429792	8.491728186
1126.333557	8.659367953
1127.311953	8.68375193
1132.731306	8.52830386
1135.194039	8.436864093
1136.687604	8.38504807
1143.079251	8.165592279
1146.038847	8.214360233
1150.961412	8.186928186
1158.846549	7.955280116
1159.340361	7.940039767
1166.731761	7.757160233
1172.6418	7.687055791
1174.613847	7.662671814
1182.499059	8.001
1185.94629	8.058912163
1190.378094	8.08329614
1198.263306	7.943087837
1199.247804	7.9248
1206.148443	7.909560233
1212.549243	7.738871814
1214.030604	7.729728186
1221.915741	7.99795193
1225.856859	8.07110386
1229.797902	8.15644807
1237.683039	7.677912163
1239.158298	7.61390386
1245.5652	7.306055791
1252.465914	7.299960233
1253.450412	7.290816023
1261.332498	7.32129614
1265.767279	7.400544209
1269.214584	7.452360233
1277.099796	7.879080116
1279.068792	8.031480116
1284.981882	8.516112163
1292.373282	8.6868
1292.867094	8.714232047
1300.752306	9.211055791
1305.674796	9.771888419
1308.634392	10.19860772
1316.519604	11.79271158
1318.982412	12.67053591
1324.40169	14.37132047
1332.283777	14.89862433
	
