	RS=167.92* 
0	10.95451158
9.083039767	9.67130386
18.16912819	7.839455791
27.25216912	7.01649614
30.50133591	6.976871814
36.33520772	6.906767953
38.47795135	6.879335907
45.41824633	6.797039767
54.50433823	6.522719884
63.58737451	6.053328186
71.89622549	2.770632047
72.96911814	2.267712017
80.20507646	0.222504006
82.34782009	-0.277368008
88.50782549	-1.511808012
91.72651274	-2.033016023
96.81667646	-3.249167953
101.1052054	-4.285488128
105.1224765	-5.666232047
110.4808564	-7.501128186
113.4313181	-8.15949614
119.8626	-9.67130386
121.7371181	-9.948671814
129.2412927	-11.03376023
130.0459691	-11.1252
138.3517691	-11.94816023
138.6199946	-11.97559228
146.6575691	-12.60043205
154.9633691	-13.20393591
157.3773892	-13.38376795
163.2722108	-13.74952819
166.7560726	-13.96288842
171.5780108	-14.12443205
176.1347745	-14.26463977
179.8868618	-14.33169614
185.5134765	-14.42313591
188.1926618	-14.40789614
194.8921598	-14.32864749
196.4984618	-14.31036023
204.2708618	-14.18234363
204.8042618	-14.17624749
213.1131127	-14.04213591
213.6495637	-14.03299228
221.4189127	-13.93850386
223.0282471	-13.92021544
229.7277637	-13.85011158
232.41	-13.82877567
238.0335637	-13.80439228
241.785651	-13.80439228
246.3424147	-13.84096795
251.1643529	-13.88668842
254.6482147	-13.94155251
260.5430363	-14.05737567
262.9540147	-14.10004749
269.9217382	-14.20977567
271.2628471	-14.22501544
279.3004402	-14.29207181
279.5686471	-14.29512047
287.877498	-14.43532819
288.6821745	-14.44752047
296.183298	-14.56639228
298.0608765	-14.59992047
304.489098	-14.67916795
307.4365274	-14.72793591
312.794898	-14.77365637
316.8152294	-14.77060772
321.103749	-14.75841544
326.1938941	-14.73707953
329.409549	-14.74317567
335.5725961	-14.74317567
337.7184	-14.73707953
344.954349	-14.72488842
346.0242	-14.72183977
354.333051	-14.7066
362.6358	-14.75232047
363.7117529	-14.76146409
370.944651	-14.84680772
373.0874039	-14.86509614
379.250451	-14.91691158
382.4661059	-14.94129614
387.559302	-14.98092047
391.8447706	-15.01749614
395.865102	-15.08455251
401.2265235	-15.18818456
404.1739529	-15.28572047
410.6052255	-15.56308842
412.4797529	-15.62709614
419.9839274	-15.86179228
420.7855529	-15.88007953
429.0913529	-16.02638456
429.3626294	-16.03247953
437.4002039	-16.27936795
438.7382804	-16.32508842
445.7060039	-16.69694363
448.1169451	-16.82496023
454.0148549	-17.22424749
457.498698	-17.49247181
462.3206549	-17.98015251
466.8774	-18.44954363
470.6264549	-18.80311158
476.256102	-19.28164749
478.9353059	-19.44319228
485.6348039	-19.79980772
487.2411059	-19.86991274
495.0135059	-20.20824093
495.5499196	-20.22347953
503.8557196	-20.45512819
504.3891196	-20.47341544
512.1645706	-20.68372819
513.7708726	-20.73554363
520.4703706	-20.955
523.1495745	-21.01900772
528.7761706	-21.14092819
532.5282765	-21.26589498
537.0819706	-21.31466409
541.9069784	-21.33904865
545.3908216	-21.30856912
551.2856804	-21.19274363
553.6966216	-21.15921544
560.6673961	-21.06472819
562.0054726	-21.06777684
570.0430471	-21.06777684
570.3112726	-21.07082316
578.6201235	-21.18969498
579.421749	-21.20798456
586.9228726	-21.43963088
588.800451	-21.49144865
595.2317235	-21.60117684
598.1791529	-21.68042316
603.5375235	-21.82367953
607.5578549	-21.93340772
611.8463745	-22.11324093
616.9395706	-22.28087953
620.1521745	-22.40889498
626.3152588	-22.69845637
628.4609883	-22.80818456
635.6939607	-23.15260772
636.7638117	-23.17699228
645.0725883	-23.26538456
653.4424588	-22.79599228
654.4269568	-22.70150502
661.8092039	-21.69261544
663.7782	-21.4122
670.179	-20.40331274
673.1324941	-20.01926409
678.5487961	-19.32127181
682.4867883	-18.84578456
686.9124902	-18.29409614
691.8350549	-17.74850386
695.2823607	-17.35531158
701.189349	-16.62988842
703.6521568	-16.30070386
710.5405922	-15.36801544
712.018902	-15.15465637
719.8949607	-14.11528842
720.388698	-14.0208
728.7584941	-12.31696795
729.2492549	-12.19504749
737.1252393	-9.348216023
738.600498	-8.808719884
745.4920588	-6.409944209
747.9517412	-5.63270386
753.8618549	-4.285488128
757.3061098	-3.480816023
762.2286	-2.261616023
766.6573529	-1.048512017
770.5983961	-0.024383999
776.0116471	1.194816023
778.9681922	1.840991988
785.3628902	3.179064093
787.3350117	3.541775965
794.7172588	5.117592279
795.7017568	5.2578
800.5205883	5.7912
804.0715529	6.184392279
810.4296393	7.00430386
812.755302	7.303007721
813.2948039	7.363967953
821.439051	7.357871814
822.5211059	7.354823744
830.1228	7.193280116
831.7504588	7.1628
838.8096	6.876287837
840.9767607	6.78484807
847.490298	6.440423744
850.2029883	6.260592279
856.1740471	5.894832047
859.4323412	5.684519884
864.8577961	5.507735907
868.6586432	5.468112163
873.5445961	5.443728186
877.8818941	5.452871814
882.2283451	5.538216023
887.1112471	5.63270386
890.9120941	5.724144209
896.337549	5.885687837
899.5958432	5.903976256
905.563851	6.004560233
908.2795922	6.062471814
914.7932039	6.114287837
916.9633412	6.263639767
924.0195059	6.675119884
925.6470902	6.85190386
933.2427568	8.037576256
934.3308393	8.196071814
942.4721098	9.515855791
943.0176393	9.60729614
951.6984117	10.92403205
	
