	RS=224.38* 
0	13.98117567
6.598919884	14.24330386
13.19783977	12.89303977
19.79980772	11.54887181
26.39872819	11.03376023
32.99764865	10.83563977
34.73805637	10.75943977
39.59656912	10.48512047
46.19853823	10.02792047
52.8005027	9.53109614
59.39942549	9.546335907
65.99834363	10.72896023
69.47611274	10.85697567
72.59726177	10.99718456
79.19923088	10.91793591
85.79814902	10.78992047
92.39707646	10.77467953
98.9959946	10.57046409
102.8821946	10.41806409
104.2111181	10.36624749
105.5979637	10.32662433
112.1968819	10.13155251
118.7958	10.04925637
125.3947181	10.03401544
131.9966873	9.585960233
138.5986564	9.265919884
138.9491745	9.259823744
145.1975745	9.153144209
151.7964927	8.473439767
158.3954108	8.397239767
164.9943382	8.92149614
171.596298	9.043416023
173.6750363	8.958071814
178.1952255	8.744712163
184.7941529	8.644128186
191.3930618	8.723376256
197.9950402	8.503919884
204.593949	8.421623744
208.413102	8.333232047
211.1959274	8.272271814
217.7948363	8.37895193
224.3937637	8.357616023
230.9957235	8.208264093
237.594651	8.107680116
243.148098	8.23569614
244.1935598	8.269223744
250.7924873	8.397239767
257.3944471	8.592312163
263.9933745	8.54049614
270.592302	8.354567953
277.1912108	7.973567953
277.8861637	7.985760233
283.7931892	8.14730386
290.395149	8.866632047
296.9940765	8.513064093
303.5929853	8.284464093
310.1919127	8.061960233
312.6242294	8.019287837
316.7908216	7.961376256
323.3928	7.988807721
329.9917274	8.031480116
336.5906549	8.247887837
343.1895451	8.543544209
347.3622765	8.702039767
349.7915235	8.741664093
356.390451	8.799576256
362.9924294	8.891016023
369.5913196	9.479280116
376.1902471	9.546335907
382.0972726	9.6774
382.7922255	9.686544209
389.3911529	8.711183977
395.9900804	8.442960233
402.5889706	8.476487837
409.190949	8.446007721
415.7898765	8.317992279
416.8353196	8.29970386
422.3888039	8.22350386
428.1403784	7.985760233
428.9876941	7.952232047
435.5896726	7.882128186
442.191651	7.76630386
448.7905784	7.720583977
451.5612	7.796783977
455.3895059	7.936992279
461.9883961	7.491983977
468.5873235	7.193280116
475.189302	7.32129614
481.7882294	7.525512163
486.2992471	7.876032047
488.3871196	8.037576256
494.9860471	8.144255791
501.5880255	7.662671814
508.1900039	7.263383977
514.7888941	6.93115193
521.0372941	6.370319884
521.3878216	6.339839767
527.986749	5.86130386
534.5887274	5.724144209
541.1876549	6.028944209
547.7865451	6.050280116
554.3854726	7.074407721
555.7723274	7.293864093
560.987451	8.116823744
567.5863784	8.3058
574.1883196	8.202167953
580.7872471	8.238744209
587.3861745	8.60755193
590.5103745	8.778239767
593.9881529	9.003792279
600.5870804	8.939783977
607.1859706	8.662416023
613.784898	9.174480116
620.3868765	9.558528186
625.2484588	9.628632047
626.9858039	9.643871814
633.5846941	9.887711581
640.1867098	10.19556023
646.7856	10.83259228
653.3844902	11.53363205
659.9865059	11.43304749
665.984949	11.06423977
671.8676039	11.01852047
671.9833922	11.01852047
677.9819098	10.94841544
683.7517529	10.70457567
683.9834039	10.69543205
689.9818471	10.37539228
695.632851	10.10412047
695.9833412	10.08583205
701.8446393	9.781032047
707.513949	9.52804807
707.7060117	9.51890386
713.5673098	9.174480116
719.398098	8.970264093
719.4316588	8.967216023
725.2960078	8.775192279
731.1573059	8.589264093
731.285298	8.586216023
737.0186039	8.211312163
742.879902	7.815071814
743.1663961	7.796783977
748.744251	7.562087837
754.605549	7.281671814
755.0474941	7.257287837
760.469898	6.85495193
766.3311961	6.361176256
766.9316432	6.309360233
771.7200393	5.891783977
777.1059059	5.434583977
778.8127412	5.294376256
782.494749	5.117592279
787.8805412	4.855464093
790.6968902	4.700016023
793.2664078	4.514088128
798.655251	4.096511872
802.5779883	3.794759942
804.0410432	3.718559942
809.999898	3.493008012
814.4622117	3.325367953
815.9618039	3.240024035
821.9206588	2.868167953
826.3433098	2.566416023
827.8794393	2.481072105
833.8413451	2.142744064
838.2244078	1.892808012
839.8002	1.783079971
845.7621059	1.365504006
850.1116078	1.054608012
851.2850432	0.954024035
856.8141568	0.469391988
861.9957568	-0.012192
862.3370941	-0.036575999
867.8631568	-0.441960015
873.3891451	-0.807720029
873.9164432	-0.847343991
878.9152078	-1.170431974
884.4411961	-1.490471959
885.8402549	-1.566671959
889.9642078	-1.834895994
895.4901961	-2.258567953
897.7609412	-2.401824035
901.4673568	-2.545080116
907.4444432	-2.767583977
909.6847529	-2.874264093
913.4216039	-3.151632047
919.4017412	-3.5814
921.6054393	-3.73684807
925.378902	-3.9624
931.3559883	-4.355591988
933.529251	-4.477511872
937.333149	-4.629911872
942.9872039	-4.831080116
945.4529883	-4.922519884
948.6412588	-5.056632047
954.2982902	-5.288280116
957.373749	-5.391912163
959.9523451	-5.458967953
965.609451	-5.623560233
969.2975607	-5.733287837
971.2635059	-5.800344209
976.9175607	-5.955792279
981.2182471	-6.09295193
982.5715412	-6.132576256
988.2286471	-6.306312163
993.1420588	-6.443471814
993.882702	-6.461760233
999.5367568	-6.574535907
1004.904243	-6.672071814
1005.062745	-6.675119884
1010.271804	-6.772655791
1015.63929	-6.867144209
1016.986557	-6.897623744
1021.006851	-7.056119884
1026.374412	-7.275576256
1028.913345	-7.382255791
1031.741898	-7.516367953
1037.109459	-7.781544209
1040.834106	-7.982712163
1043.309043	-8.040623744
1049.511753	-8.208264093
1052.757843	-8.284464093
1055.714388	-8.418576256
1061.917098	-8.753855791
1064.678604	-8.884919884
1068.116757	-8.982455791
1074.319392	-9.113519884
1076.602341	-9.159239767
1080.522102	-9.278112163
1086.724812	-9.509760233
1088.523102	-9.582912163
1092.924396	-9.729216023
1099.127106	-9.921239767
1100.446839	-9.957815442
1104.982302	-10.14679228
1110.837498	-10.38148842
1112.370651	-10.45463977
1116.695745	-10.67714363
1122.54789	-10.95146409
1124.291412	-11.04595251
1128.403161	-11.28674363
1134.291843	-11.59763977
1136.215149	-11.69517567
1140.177549	-11.83538456
1146.063255	-12.04874363
1148.13591	-12.13408842
1151.948961	-12.35659228
1157.834592	-12.68272819
1160.059647	-12.79855251
1163.720298	-12.87170386
1169.609055	-13.02410386
1171.98651	-13.10030386
1175.494761	-13.26794363
1181.380392	-13.51178456
1183.907196	-13.60627181
1187.266098	-13.67942433
1193.151804	-13.78000772
1195.831008	-13.82572819
1199.03751	-13.92021544
1204.98111	-14.09090386
1207.751694	-14.1732
1210.921659	-14.28292819
1216.862208	-14.48409614
1219.675506	-14.60906409
1222.802757	-14.71879228
1228.746357	-14.92910386
1231.596192	-15.04187953
1234.686906	-15.14551158
1240.627455	-15.38630386
1243.520004	-15.51127181
1246.571055	-15.59661544
1252.508479	-15.60271158
1255.443816	-15.66062433
1258.452079	-15.75206409
1264.392702	-15.95018456
1267.364502	-16.07210386
1270.333177	-16.15744749
1276.2738	-16.33423205
1279.288314	-16.41957567
1282.2174	-16.50187181
1288.158023	-16.58112047
1291.209	-16.61769614
1294.098498	-16.74571158
1300.298082	-17.00479228
1303.132812	-17.12671158
1306.49469	-17.28520772
1312.694423	-17.58696023
1315.0596	-17.69668842
1318.890882	-17.88261544
1325.08749	-18.21484749
1326.980286	-18.32762433
1331.284098	-18.65985637
1337.483682	-19.14143977
1338.904098	-19.25726409
1343.68029	-19.61997684
1349.880023	-20.1168
1350.824784	-20.193
1356.079608	-20.58314363
1362.276216	-21.07692047
1362.748596	-21.1074
1368.4758	-21.33904865
1374.669282	-21.51583088
1383.039079	-21.35124093
1385.718282	-21.25370502
1391.405898	-21.02205637
1396.767282	-20.66239228
1399.772718	-20.46732047
1407.816282	-20.23262316
1408.142514	-20.21738456
1416.509184	-19.47062433
1418.865282	-19.11705637
1424.87898	-18.09292819
1429.914282	-17.11147181
1433.2458	-16.42567181
1440.963282	-14.88033591
1441.615596	-14.74317567
1449.985392	-13.58188842
1452.009306	-13.21612819
1458.352212	-12.10056023
1463.05518	-11.21663977
1466.718882	-10.53083977
1474.10418	-8.872728186
1475.088679	-8.656319884
1483.455498	-6.309360233
1485.15318	-5.888735907
1491.822318	-4.066032047
1496.20218	-2.639567953
1500.192114	-1.365504006
1507.25118	0.01524
1508.558784	0.292607993
1516.92858	2.084832047
1518.297204	2.371344064
1525.2954	3.874008012
1528.2672	4.65124807
1533.66222	6.031992279
1538.237196	7.434071814
1542.032016	8.46124807
1548.210318	9.092183977
1550.401812	9.30249614
1558.768482	9.439655791
1566.803118	10.02792047
1568.278302	10.14983977
1570.561177	10.26871158
1574.834479	10.48816795
1577.784996	10.54912819
1582.865988	10.56741544
1587.294816	10.68019228
1590.900623	10.668
1596.80151	10.68628842
1598.931984	10.61923205
1606.308204	10.15898456
1606.963494	10.13764749
1615.34862	8.729471814
1615.818023	8.735567953
1623.736721	8.958071814
1625.324718	9.000744209
1632.121698	9.134855791
1634.831412	9.15009614
1640.506823	9.174480116
1644.341082	9.110471814
1648.894777	9.083039767
1653.847777	8.99464807
1657.218882	8.939783977
1657.276777	8.939783977
1663.360721	8.747760233
1665.664879	8.662416023
1672.867416	8.555735907
1674.05298	8.546592279
1682.37411	8.342376256
1682.43498	8.339328186
1690.823082	7.955280116
1691.88378	7.915655791
1699.211184	7.650480116
1701.390623	7.62304807
1707.593184	7.449312163
1710.900294	7.403592279
1715.981286	7.303007721
1720.406988	7.147560233
1724.369388	7.068312163
1729.913682	6.992112163
1732.751388	6.967728186
1739.423502	7.001255791
1741.13949	7.0104
1748.930196	7.046976256
1749.524616	7.053071814
1758.440016	7.104887837
1766.297694	7.211567953
1767.94671	7.23595193
1774.679694	7.406639767
1777.453404	7.580376256
1783.067796	8.052816023
1786.9662	8.446007721
1791.455898	8.979407721
1796.472894	9.470135907
1799.837898	9.741407721
1805.982714	10.18946409
1808.226	10.60094363
1815.489408	12.15847181
1816.614102	12.35049614
1824.996102	14.03603977
	
