	RS=68.067* 
0	4.8006
7.732776256	3.983735907
14.12138456	2.849880116
15.46555251	2.615183977
23.19832819	2.179320029
28.24276912	2.093975965
30.93110502	2.121408012
38.66387953	2.1336
42.36415367	2.161032047
46.39665637	2.182367953
47.50003088	2.191512017
54.12943088	2.234183977
56.48248726	2.20675193
61.86221005	2.176271959
69.59498456	2.270759942
70.60387181	2.270759942
77.32775907	2.252471959
77.9465027	2.252471959
84.72525637	2.261616023
85.06053823	2.261616023
92.79331274	1.737359942
98.84663628	1.880616023
100.5260873	1.917191988
108.2588618	2.316479971
112.9680255	2.310383977
115.9916363	2.307336052
123.7244201	2.307336052
127.0894054	2.337816023
131.4571946	2.374391988
139.1899691	2.267712017
141.2077436	2.258567953
146.9227436	2.231136052
155.3291235	2.203704006
169.4505127	2.28295193
183.571902	2.371344064
225.929949	2.371344064
240.0513382	2.215895994
254.1696765	1.810512017
268.2910471	1.837944064
270.6471637	1.844040058
278.3799382	1.938528041
282.4124363	2.002536052
286.1096618	2.063495994
293.8454873	1.990344064
296.5338255	1.9812
301.5782618	1.959863948
309.3079853	1.98424807
310.6552147	1.990344064
317.0407784	1.956816023
324.7766039	1.313687983
333.3110039	-0.472439985
334.2009961	-0.710183977
341.8484549	-3.773424035
343.6254255	-4.50189614
350.3859059	-7.202423744
353.0529059	-8.205216023
358.9203059	-10.25042433
362.480349	-11.39342433
367.4577196	-12.74978456
371.9017274	-13.89583205
375.9951706	-14.49933591
381.3291706	-15.14856023
384.5326216	-15.37716023
390.756651	-15.62709614
393.0670216	-15.72767953
400.1810804	-16.14220772
401.6044726	-16.25803205
409.6054726	-16.91030386
410.1419235	-16.96212047
418.6763235	-17.76069614
419.0329529	-17.80032047
427.2137745	-19.16277567
428.4603961	-19.39442433
435.7512255	-20.39112047
437.8817745	-20.6502
444.2886765	-21.30552047
447.3092549	-21.57984093
452.8230765	-21.92426409
456.736698	-22.17724865
461.3605274	-22.59177684
466.1611274	-23.03678456
469.8979784	-23.41778456
475.5855196	-24.02738456
478.4323784	-24.32608726
485.013	-24.96616912
486.9698294	-25.08808726
494.4404804	-25.56052819
495.5072804	-25.65196912
503.8618216	-26.24327953
504.0416804	-26.25547181
512.5790941	-26.95346409
513.289302	-27.00832819
521.1165451	-27.54782316
522.7167451	-27.67279228
529.6539961	-28.22752819
532.1411745	-28.40735907
538.1883961	-28.86151274
541.5656039	-29.09620772
546.7258471	-29.43453591
550.9930471	-29.72409498
555.263298	-29.96488726
560.4205274	-30.23920772
563.7946471	-30.38246409
569.8419059	-30.61106409
572.332098	-30.65678456
579.269349	-30.74822316
580.869549	-30.76346409
588.6968294	-30.82137684
589.407	-30.82442316
597.9414	-30.92500772
598.1212216	-30.92500772
606.478851	-31.02254363
607.545651	-31.03473591
615.016302	-31.15970502
616.9730941	-31.19323088
623.550702	-31.3182
626.4006117	-31.36392047
632.0881529	-31.39744865
635.8219529	-31.40659228
640.6256039	-31.41268726
645.2493961	-31.44316912
649.1600039	-31.48888726
654.6768393	-31.59252047
657.6974549	-31.69615135
664.1013059	-31.96742316
666.2349059	-32.1564
673.525698	-32.90620772
674.7723568	-33.02203088
682.9531412	-33.73221544
683.3067568	-33.75964865
691.8442078	-34.42106409
692.3806588	-34.45764093
700.3816588	-35.06114363
701.802	-35.14953591
708.9160588	-35.45738456
711.2294432	-35.54577684
717.4535098	-35.65550502
720.6569607	-35.72865637
725.9909607	-35.85972047
730.0813529	-35.98164093
734.5253607	-36.02735907
739.5057451	-36.0426
743.0628117	-36.12489498
748.9331883	-36.24681544
751.6001883	-36.2712
758.3607059	-36.31996912
760.1376393	-36.34435135
767.7820471	-36.48151274
768.6720393	-36.49370502
777.2094902	-36.59428726
785.8841607	-36.10965637
786.5547059	-36.05784093
794.5618078	-35.21049498
795.8967961	-35.05809498
803.2364039	-34.23513591
805.2389607	-34.00958456
811.911	-32.66236912
814.581051	-32.10763088
820.5855961	-30.6324
823.9261922	-29.718
829.2601922	-27.45028726
833.2653059	-25.51480772
837.9347883	-23.52751274
842.6104471	-21.45182316
846.6125098	-19.82114363
851.9526117	-17.72412047
855.2871059	-15.91665637
861.2977529	-12.78331158
863.961702	-11.63726409
870.6367922	-8.735567953
872.639349	-7.808976256
879.9820078	-4.358640058
881.3139451	-4.066032047
889.324098	-1.502663948
889.9885412	-1.264920029
897.8036549	0.551687983
898.6661883	0.749808012
904.5396902	1.313687983
910.4101412	1.648967953
911.2513922	1.697736052
916.2836432	1.706879971
922.1571451	1.6764
923.8396471	1.664208012
928.0306471	1.688591988
933.904149	1.780032047
936.4218	1.691640058
938.552349	1.581912017
939.777651	1.517904006
945.6511529	1.691640058
949.0070039	1.734312017
951.5246549	1.822704006
957.3981568	1.947671959
961.5922078	1.97815193
963.2686078	2.106167953
969.1421098	2.572511872
974.1803883	2.947416023
975.0156117	2.983991988
980.8890393	3.319272105
986.7625412	4.163567953
	
