	RS=41.740* 
0	2.225040058
5.120639767	2.008632047
10.24127953	1.776983977
13.6398	1.697736052
15.36192047	1.67335193
20.48255907	1.560575965
25.60015135	1.456944064
27.2796	1.414271959
30.72079228	1.392936052
35.84143088	1.402079971
40.9194	1.414271959
41.33392819	1.426463948
46.82642549	1.59715193
52.31587181	1.709928041
54.56224633	1.743455936
57.80836912	1.767840058
63.29781544	1.694687983
68.20204633	1.694687983
68.72935367	1.691640058
68.8146973	1.694687983
76.60233823	1.853183977
78.3214054	1.853183977
84.38997451	1.731263948
88.29751274	1.685544064
92.18066177	1.517904006
98.27666177	1.338071959
99.96830735	1.039368026
107.7559436	-0.326136016
108.2527691	-0.414528004
115.5466309	-1.475232047
118.2349691	-1.905
123.3342765	-2.752343919
128.2141181	-3.697224035
131.1219127	-4.364735907
138.1902255	-6.47090386
138.9126	-6.641592279
146.7002363	-8.564880116
148.1693745	-8.903207721
154.4878819	-11.40256795
158.1454726	-13.03324749
162.2785598	-14.53896023
168.1246402	-16.41043205
170.0662147	-17.02307953
177.853851	-19.86686409
178.1037892	-19.94611274
185.6445382	-21.86025637
188.0829382	-22.55824865
193.4321745	-23.85974363
198.0590363	-24.81681544
201.2198108	-25.37764865
208.0381853	-26.31947953
209.0074471	-26.44444865
216.795102	-27.73375135
218.014302	-27.90139228
224.5857892	-28.97428726
227.993451	-29.4132
232.3734255	-29.68447181
237.9726	-29.97707953
240.1610618	-30.00451274
247.951749	-30.05023088
256.794	-29.76372047
257.6870618	-29.71495135
265.636251	-29.27604093
267.4254255	-29.18155135
274.478502	-28.8036
277.1637892	-28.67863088
283.3207529	-28.31896912
286.899102	-28.03550502
292.1660363	-27.60878456
296.6374471	-27.2796
301.0082873	-26.97175135
306.3758108	-26.62427953
309.8474873	-26.42920772
316.1141745	-26.08173591
318.6897196	-25.94762316
325.8495059	-25.63672819
327.5319706	-25.56357684
335.587851	-25.31059228
336.3742216	-25.28315907
345.2195235	-25.20695907
345.3261961	-25.20391274
354.0617745	-24.98445637
355.0615274	-24.95092819
362.9040255	-24.71623088
364.8029235	-24.6126
371.7462765	-24.30170502
374.5382549	-24.18283088
380.5885274	-23.91155907
384.273549	-23.75915907
389.4307784	-23.53055907
394.0149451	-23.42692819
398.2760804	-23.30195907
403.7502765	-23.07640772
407.1182941	-22.94839228
413.4855706	-22.56739228
415.9605451	-22.40584865
423.2270039	-21.95169498
424.8027961	-21.85720772
432.962298	-21.40915135
433.6419961	-21.37562316
442.4842471	-20.86660772
442.7006804	-20.85441544
451.329549	-20.26310502
452.4390255	-20.21433591
460.1718	-19.87295907
462.1743196	-19.79371274
469.014051	-19.53158456
471.9157529	-19.44928842
477.856302	-19.27250386
481.6510471	-19.11705637
486.6985529	-18.99513591
491.3863784	-18.84578456
495.5408039	-18.69643205
501.1277745	-18.53183977
504.3861059	-18.42516023
510.8631059	-18.27885637
513.2283196	-18.21484749
520.601451	-18.01672819
522.0705706	-17.98015251
530.3397961	-17.69363977
530.9128216	-17.67230386
539.7550726	-17.38883977
540.0751274	-17.37969614
548.5973235	-17.19376795
549.8134726	-17.16023977
557.4395745	-16.97736023
559.5518549	-16.95602433
566.2818255	-16.88592047
569.2902	-16.83105637
575.1240765	-16.71523205
579.0254941	-16.63903205
583.9663274	-16.54454363
588.7638765	-16.46529614
592.8085784	-16.41347953
598.5022216	-16.29156023
601.6508294	-16.22755251
608.2375529	-16.16354363
610.4960941	-16.13611158
617.975898	-16.05686409
619.3383451	-16.04162433
627.7142432	-15.91360772
628.1805961	-15.90751158
637.0228471	-15.73377567
637.4496117	-15.73072819
645.865098	-15.64843205
647.1910078	-15.64233591
654.707349	-15.61490386
656.926302	-15.58442433
663.552651	-15.51736795
666.6615961	-15.47469614
672.391851	-15.41373591
676.4029922	-15.40154363
681.234102	-15.40459228
686.1383607	-15.42287953
690.0763529	-15.46250386
695.8736549	-15.53870386
698.9186039	-15.56613591
705.615051	-15.68805637
707.7608549	-15.72158456
715.3503451	-15.92275251
716.6031059	-15.95323205
725.0917412	-16.08124749
725.4484078	-16.08429614
734.2906588	-16.04467181
734.8271098	-16.03857567
743.1329098	-15.98980772
744.5624039	-15.96542433
751.9751607	-15.83740772
754.3038	-15.78559228
760.8174117	-15.59661544
764.0390941	-15.55394363
769.6595883	-15.52041544
773.7774393	-15.50517567
778.5048902	-15.48079228
783.5158588	-15.43812047
787.3471412	-15.44726409
793.2511529	-15.50517567
796.1863412	-15.50212819
802.989498	-15.48993591
805.0285922	-15.47774363
812.7278432	-15.39544749
813.8708432	-15.38935251
822.4632117	-15.33143977
822.7130941	-15.33143977
831.5583961	-15.32534363
832.2015568	-15.32839228
840.4006471	-15.21866409
841.939902	-15.20647181
849.242898	-15.08455251
851.6782471	-15.04797567
858.085149	-15.00835251
861.4135412	-14.99006409
866.9274	-14.94129614
871.1519607	-14.89557567
875.769651	-14.88338456
880.8903059	-14.79803977
884.611902	-14.7066
890.6256	-14.45971158
893.4572039	-14.25854363
900.3669961	-13.79829614
902.2994549	-13.62456023
910.1022902	-12.39926409
911.1386549	-12.25296023
919.8376588	-11.26540772
919.9809059	-11.25016795
928.8231568	-10.49121544
929.5790549	-10.41196795
937.6654078	-9.582912163
939.314349	-9.3726
946.5107098	-8.266176256
949.0496432	-7.815071814
955.3529607	-6.55624807
958.7910393	-5.626607721
964.1952117	-4.245864093
968.5264078	-3.285743919
970.3552078	-2.929127895
973.0373883	-2.407920029
978.2678039	-1.021079971
981.8796393	-0.158495994
988.003098	0.719327968
990.7218902	1.039368026
997.7383922	1.533144064
999.5641412	1.633728041
1007.479788	1.856232047
1008.409443	1.886712017
1016.00511	2.185416023
1017.940545	2.264663948
1024.40229	2.50850386
1027.474698	2.630424035
1032.805647	2.74015193
1037.0058	2.89255193
1041.202902	2.340863948
1046.539953	1.758695994
1049.603208	1.652016023
1056.071055	1.456944064
1058.003439	1.539240058
1065.608259	1.786128041
1066.400694	1.807463948
1074.801	1.694687983
1075.142412	1.664208012
1083.201306	1.030224035
1084.673439	0.996695994
1091.598561	0.862583977
1094.207592	0.853439985
1099.998792	0.826008012
1103.738694	0.844295994
1108.399098	0.85953598
1113.272847	0.844295994
1116.796353	0.829056009
1122.803949	0.829056009
1125.178353	0.819912017
1132.341153	0.786383977
1133.557302	0.78333598
1141.872255	0.725424035
1141.936251	0.725424035
1150.318251	0.667512017
1151.406408	0.655320029
1158.6972	0.612647997
1160.940561	0.591312017
1167.0792	0.579119993
1170.471588	0.603504006
1175.458149	0.63093598
1180.005741	0.652272032
1183.840149	0.6858
1189.539894	0.725424035
1192.219098	0.688847997
1199.074047	0.643127968
1200.601098	0.627887983
1208.605149	0.512063984
1208.980047	0.512063984
1217.362047	0.490728004
1218.139302	0.490728004
1225.737945	0.557784013
1227.670404	0.573023999
1234.119945	0.603504006
1237.204557	0.606552003
1242.498894	0.585215987
1246.741761	0.576071996
1250.880894	0.5334
1256.272788	0.481584013
1259.259918	0.509015987
1265.807016	0.579119993
1267.641918	0.594360015
1275.338118	0.603504006
1276.020792	0.6096
1284.402792	0.667512017
1284.872196	0.673608012
1292.781816	0.597408012
1294.403298	0.566928004
1301.163816	0.420623999
1303.937377	0.356615987
1309.54269	0.307847997
1313.471604	0.301752003
1317.92469	0.316991988
1323.005682	0.326136016
1326.300588	0.326136016
1332.53991	0.329184013
1334.682588	0.277368008
1342.071012	0.082296003
1343.061612	0.064007998
1351.443612	-0.073151998
1351.60509	-0.0762
1359.822486	0.070104001
1361.136192	0.091440004
1368.204486	0.222504006
1370.673396	0.252983995
1376.58351	0.249935998
1380.204498	0.262128004
1384.96551	0.234695994
1389.738577	0.2286
1393.344384	0.188976001
1399.269679	0.094488001
1401.726384	0.088391997
1408.803906	0.115823999
1410.105408	0.124967999
1418.337984	0.140208003
1418.487408	0.146303997
1426.866282	0.438912017
1427.872212	0.475487983
1435.245306	0.445008012
1437.40629	0.445008012
1443.62418	0.1524
1446.937392	-0.003048
1452.00618	-0.054864002
1456.47162	-0.0762
1460.385204	-0.070104001
1466.002721	-0.079247997
1468.767204	-0.079247997
1475.5368	-0.140208003
1477.146079	-0.146303997
1485.074004	-0.070104001
1485.528079	-0.067056
1493.907102	-0.103632001
1494.605106	-0.134111999
1502.289102	-0.487680007
1504.139184	-0.509015987
1510.667977	-0.615695994
1513.670286	-0.615695994
1519.049977	-0.551687983
1523.204514	-0.536447997
1527.429	-0.4572
1532.735616	-0.371856009
1535.808023	-0.411480007
1542.27282	-0.499871996
1544.186898	-0.563880007
1551.803921	-0.826008012
1552.568898	-0.847343991
1560.947921	-1.130808012
1561.338	-1.143
1569.329921	-1.191768026
1570.869102	-1.19786402
1577.708796	-1.225295994
1586.090796	-1.231391988
1594.46982	-1.2192
1602.85182	-1.194816023
1611.230694	-1.109472032
1619.612694	-1.094231974
1627.991718	-1.112520029
1628.070894	-1.112520029
1636.370592	-1.127760015
1637.601996	-1.127760015
1644.749616	-1.170431974
1647.136223	-1.179575965
1653.131616	-1.188720029
1661.51049	-1.191768026
1669.89249	-1.179575965
1678.271514	-1.167383977
1686.653514	-1.139952003
1695.032388	-1.152143991
1703.414388	-1.188720029
1711.793412	-1.234440058
1720.175412	-1.136904006
1723.403196	-1.191768026
1728.554286	-1.280159942
1732.937423	-1.2954
1736.936286	-1.353312017
1742.471502	-1.423416023
1745.312184	-1.402079971
1752.002604	-1.353312017
1753.694184	-1.319783977
1761.536682	-1.152143991
1762.073208	-1.130808012
1770.455208	-0.96926402
1771.067784	-0.944879971
1778.834082	-1.459991988
1780.604988	-1.591055936
1787.216082	-1.627632047
1790.13609	-1.52095193
1795.595106	-1.386840058
1799.670318	-1.170431974
1803.977106	-0.725424035
1809.20142	-0.033528
1812.35598	0.487680007
1818.735498	1.005839985
1820.73798	1.325879971
1828.2666	2.093975965
1829.117004	2.100071959
1837.499004	2.179320029
1837.803804	2.194559942
1845.877879	1.487424035
1847.337882	1.377695994
1854.256902	0.758952003
1856.868984	0.530352003
1862.635777	0.371856009
1866.403212	0.274319993
1871.0148	0.259080007
1875.934314	0.234695994
1879.3968	0.240792007
1885.468392	0.256031992
1887.775823	0.277368008
1895.00262	0.335280007
1896.157823	0.338328004
1904.536698	0.368808012
	
