	RS=140.37* 
0	9.60424807
8.54049614	9.311639767
10.43635251	8.83310386
17.07489614	6.915912163
20.87270502	6.449567953
25.61539228	6.041135907
31.30600772	5.897880116
34.14979228	5.907023744
41.74235907	5.8674
42.36415367	5.86435193
42.69028726	5.858255791
51.23078456	5.7912
51.35575367	5.7912
52.17871274	5.79424807
59.76518456	5.7912
62.61506177	5.769864093
68.30568186	5.599176256
73.05141544	5.678423744
76.84312819	5.727192279
83.48471814	5.894832047
85.38057451	5.94664807
93.92107646	5.684519884
102.7176	5.129783977
103.6472363	5.087112163
111.5202255	4.736591988
113.3764564	4.623816023
120.322851	4.178808012
123.1026255	4.157472105
129.1224255	3.73075193
132.8257436	3.19735193
137.922	2.380487983
142.5549637	1.560575965
146.7215745	0.835152003
152.2811235	-0.56083201
155.5242	-1.386840058
162.0103529	-2.980943919
164.3237745	-3.523488128
171.7365127	-5.123687837
173.123349	-5.422392279
181.4626726	-6.900671814
181.9259745	-6.970776256
190.7286	-7.967471814
191.188851	-8.040623744
199.5251235	-9.241535907
200.9150108	-9.525
208.327749	-11.2014
210.6442402	-11.85672047
217.1273235	-13.86230386
220.3704	-14.90167181
225.926898	-16.70608842
230.0996108	-17.91614363
234.7295235	-19.15363205
239.8227382	-20.33625637
243.529098	-21.09520772
249.548898	-22.03094363
252.3317235	-22.43937684
259.2781274	-22.99411274
261.131298	-23.11603088
269.0042873	-23.43912047
269.9308726	-23.45740772
278.733498	-23.55799228
287.572698	-23.29586409
287.953698	-23.28367181
296.411898	-22.77770502
297.1708471	-22.73198456
305.251098	-22.23211274
306.3910471	-22.16505637
314.093349	-21.75357684
315.6081961	-21.68042316
322.932549	-21.38172047
324.8283961	-21.29942316
331.7748	-20.97328726
334.0485961	-20.86051274
340.610949	-20.47341544
343.2657451	-20.32711274
349.4532	-19.86686409
352.4859451	-19.64740772
358.2924	-19.33346409
361.7061451	-19.16887181
367.134651	-19.04695251
370.9232941	-18.98294363
375.973851	-18.92503205
380.1434941	-18.87931158
384.816102	-18.80920772
389.3606804	-18.73300772
393.652251	-18.64461544
398.5808804	-18.52879228
402.494502	-18.44649614
407.8010804	-18.33372047
411.333702	-18.25752047
417.0182294	-18.12036023
420.1759529	-18.04111158
426.2384294	-17.88261544
429.0151529	-17.81556023
435.4586294	-17.68144749
437.8543529	-17.64792047
444.6757784	-17.56257567
446.6966039	-17.55343205
453.8959784	-17.53514363
455.5358039	-17.526
463.1161784	-17.46808842
464.3780549	-17.4498
472.3333274	-17.32178456
473.2172549	-17.30959228
481.5535274	-17.21205637
482.0595059	-17.21205637
490.7706765	-17.19072047
490.8956549	-17.19072047
499.7379059	-17.25777567
499.9908765	-17.26082433
508.5771059	-17.34007181
509.2110765	-17.34616795
517.4193196	-17.28825637
518.4282255	-17.27911158
526.2585196	-17.23034363
527.6484255	-17.2212
535.1007706	-17.21510386
536.8686255	-17.21510386
543.9369196	-17.30654363
546.0857745	-17.34312047
552.7791706	-17.49856795
555.3059745	-17.56867181
561.6183706	-17.79422433
564.5261745	-17.907
570.4606216	-18.16303205
573.7433235	-18.29104749
579.2998216	-18.3642
582.9635235	-18.39467953
588.1390216	-18.38248842
592.1806726	-18.36115251
596.9782216	-18.32762433
601.4008726	-18.30323977
605.8204726	-18.27276023
610.6210726	-18.24837567
614.6596726	-18.23923205
619.8382216	-18.22399228
623.5019235	-18.21789614
629.0584588	-18.19656023
632.3411607	-18.19960772
638.2786588	-18.19960772
641.1803607	-18.19960772
647.4958078	-18.20265637
650.0195607	-18.18741544
656.7160078	-18.14474363
658.8618117	-18.1356
665.9362078	-18.09597567
667.7010117	-18.07159228
675.1533568	-17.97710386
676.5431883	-17.95272047
684.3735568	-17.81251158
685.3823883	-17.80641544
693.5937568	-17.77288842
694.2246393	-17.76983977
702.8109059	-17.73631158
703.0607883	-17.73631158
711.9030393	-17.78507953
712.0311059	-17.78507953
720.7452902	-17.87956795
721.2513059	-17.88261544
729.5844902	-17.97710386
730.4684549	-17.98624749
738.4267412	-18.04111158
739.6886549	-18.05330386
747.2659412	-18.09597567
748.9088549	-18.10207181
756.1051412	-18.12340772
758.1260039	-18.13255251
764.9443412	-18.19656023
767.3462039	-18.2118
773.7865922	-18.288
776.5664039	-18.30933591
782.6257922	-18.30628842
785.7835529	-18.288
791.4680432	-18.18132047
795.0037529	-18.09597567
800.3072432	-17.91919228
804.2239529	-17.77288842
809.1494941	-17.55952819
813.441102	-17.32483205
817.9856432	-17.06575251
822.661302	-16.73047181
826.8278941	-16.39214363
831.881502	-15.92884749
835.6670941	-15.43507181
841.098651	-14.64563977
844.5093451	-14.0208
850.318851	-12.88084749
853.3485451	-12.18285637
859.539051	-10.75639228
862.1907961	-10.05535251
868.7562	-8.333232047
871.0299961	-7.726680116
877.9764	-5.94055193
879.8691961	-5.443728186
887.1966	-3.544824035
888.7083961	-3.172967953
893.6919059	-1.987295994
896.413749	-1.335024035
897.5506471	-1.091183977
905.633949	0.374904006
906.3898471	0.615695994
912.4583883	2.542032047
914.854149	3.300983977
915.232098	3.374135907
924.071298	5.114544209
930.8897098	5.843016023
934.980102	5.7912
937.7080471	5.71195193
944.5234078	5.547360233
945.8889059	5.535167953
951.3417451	5.571744209
956.7946588	5.669280116
958.1601568	5.79424807
964.9754432	6.40689614
967.7033883	6.793992279
971.7938549	7.534655791
978.6121922	8.851392279
	
