	RS=14.460* 
0	1.798320029
6.425183977	1.722120029
11.50315251	1.688591988
12.85036795	1.621536052
19.27555251	1.216152003
23.00935135	1.130808012
25.70073591	1.12166402
32.12592047	1.188720029
34.51250502	1.152143991
38.55110502	1.085087983
44.97933823	0.999743991
46.0187027	0.984504006
51.40451814	1.014983977
57.52185637	1.030224035
57.8297027	1.027175965
64.25488726	1.048512017
69.02805637	1.072895994
70.68007181	1.085087983
77.10525637	1.054608012
80.5312054	0.993647997
83.53043628	1.008887983
89.95562549	1.030224035
92.0374054	1.069847997
103.5405637	1.289304006
112.6327436	1.478279971
114.3518201	1.52704807
122.5356927	1.758695994
129.9149073	1.810512017
130.7195745	1.734312017
138.9034564	0.56083201
141.6618927	0.140208003
147.0903799	-0.481584013
153.4149799	-1.264920029
155.2742618	-1.37464807
163.4581529	-2.182367953
165.1650255	-2.35915193
171.6420255	-3.038856081
176.9150618	-3.392424035
179.828949	-3.642359942
188.0128402	-6.358128186
188.6620471	-6.55624807
196.1997637	-9.165335907
200.4181853	-11.06423977
204.3805853	-13.02410386
212.1651892	-16.71523205
212.5675274	-16.90420772
220.7514	-19.03171158
223.9152255	-19.72055907
228.9383235	-20.98547953
235.6652618	-22.06142316
237.1191637	-22.24735135
245.3060873	-23.13736912
247.4122471	-23.35377684
253.4899598	-23.64028726
259.1653529	-23.90241544
261.676902	-23.97556912
269.8577235	-24.23769498
270.9153892	-24.26817684
278.0446471	-24.31389498
282.6654255	-24.33827953
286.2285382	-24.34742316
294.4154618	-24.35656912
303.4375529	-24.28036912
303.6874726	-24.28036912
312.4626765	-24.26817684
312.959502	-24.26817684
321.4878	-24.26207953
322.2314941	-24.26512819
330.5129235	-24.28951274
331.5035235	-24.28951274
339.5349961	-24.28951274
340.772502	-24.27427181
348.5631706	-24.14320772
350.0475451	-24.12492047
357.5852804	-24.03043088
359.3195745	-24.003
366.6134549	-23.90546409
368.5916039	-23.89632047
375.6355274	-23.87498456
377.8605451	-23.85364865
384.660651	-23.79878456
387.1356255	-23.7744
393.6857745	-23.70734363
396.4076549	-23.67381544
402.710898	-23.56408726
405.6765961	-23.47569498
411.7329706	-23.27147953
414.9486255	-23.19527953
420.7611451	-23.06726409
424.2206549	-23.02459228
429.7832549	-23.00325637
433.495698	-23.00630502
438.8083784	-22.99715907
442.7646765	-22.98801544
447.833502	-22.92400772
452.0367059	-22.81427953
456.8586255	-22.67102316
461.308698	-22.50338456
465.883749	-22.33879228
470.5837784	-22.18029498
474.9088726	-22.07666409
479.8527196	-21.98217684
483.9309451	-21.89987953
489.124749	-21.82367953
492.9591196	-21.78100772
498.3967784	-21.70480772
501.9812294	-21.63775135
507.6657196	-21.39391274
511.0063529	-21.24455907
516.9408	-21.00681544
520.0314765	-20.8788
526.2128294	-20.70201544
529.0566	-20.63191274
535.4848216	-20.58924093
538.0817235	-20.58009498
544.7538	-20.68982316
547.1068471	-20.72944865
554.0288804	-20.76602316
556.1289196	-20.75687953
563.3008726	-20.53742316
565.1570941	-20.47646409
572.572902	-20.21433591
574.1792039	-20.15947181
581.8418804	-19.93392047
583.2043274	-19.90039228
591.1169235	-19.69007953
592.229451	-19.66874363
600.3889529	-19.47367181
601.2545745	-19.44928842
609.6609451	-19.20849614
610.2766471	-19.18716023
618.9299235	-18.99513591
619.3048216	-18.98903977
628.2019529	-18.85492819
628.3268941	-18.85187953
637.3551059	-18.71472047
637.4769961	-18.71167181
646.3771412	-18.51355251
646.7460117	-18.50745637
655.402302	-18.28495251
656.0180039	-18.26361544
664.4273883	-17.96796023
665.2899961	-17.94662433
673.452549	-17.87042433
674.5650393	-17.84603977
682.4746588	-17.64792047
683.8340549	-17.6022
691.5027961	-17.33092819
693.1060471	-17.30654363
700.5249059	-17.13585637
702.3780393	-17.12061544
709.5469412	-17.08403977
711.6501059	-17.08099228
718.5751529	-17.07489614
720.922098	-17.05660772
727.5971883	-17.03222433
730.1940902	-16.97431158
736.6254	-16.77923977
739.4661568	-16.67865637
745.6475098	-16.49882433
748.735098	-16.37995251
754.6725961	-16.22755251
758.0101412	-16.2306
763.6977568	-16.26717567
767.2822078	-16.30070386
772.7228432	-16.31899228
776.5542	-16.36166409
781.7449529	-16.34337567
785.8231412	-16.19402433
790.7730902	-16.01114363
795.0982588	-15.85264749
799.7952	-15.67586409
804.370251	-15.53870386
808.8203607	-15.43812047
813.6422432	-15.27047953
817.8454471	-15.14856023
822.9112588	-15.03273591
826.8706078	-14.94739228
832.183251	-14.83461544
835.8956941	-14.74317567
841.4582941	-14.64868842
844.9208549	-14.57858456
850.7303607	-14.45971158
853.9428902	-14.35303205
859.999302	-14.08176023
862.971102	-13.96288842
869.2712941	-13.51787953
871.9932117	-13.335
878.5464117	-12.90218456
881.018298	-12.7254
887.8153529	-11.82623977
890.0434588	-11.54582433
897.0873451	-10.56132047
899.0685451	-10.28395251
906.3594117	-8.199119884
908.0906549	-7.70229614
915.6314039	-6.477
917.1187922	-6.24230386
924.9033961	-5.64184807
926.140902	-5.532119884
934.1753883	-5.056632047
935.1690393	-4.965192279
943.4474549	-4.556759942
944.191149	-4.520183977
952.7194471	-3.870959942
953.2163098	-3.782567953
953.3046393	-3.770375965
955.8802588	-3.383280116
961.9914393	-2.471927895
962.2413961	-2.420112017
971.2635059	1.551432047
979.9014902	2.612135907
980.623902	2.712719884
988.539549	3.669791988
989.9812471	3.825240058
997.1776078	4.4958
999.3416432	4.605527895
1005.818643	3.444240058
1008.698988	2.700527895
1014.456702	1.283208012
1018.056408	0.545591988
1023.094761	0.112776001
1027.413753	-0.060960001
1031.732745	-0.112776001
1036.774149	-0.179831992
1040.373855	-0.2286
1046.131494	-0.323087983
1049.011839	-0.362712017
1055.49189	-0.435863984
1057.649898	-0.4572
1064.84931	-0.548639985
1066.287957	-0.569976001
1074.209706	-0.704087983
1074.928992	-0.713231974
1083.567051	-0.801624035
1092.20511	-0.801624035
1092.924396	-0.801624035
1100.843094	-0.847343991
1102.281741	-0.85953598
1109.481153	-0.920495994
1111.642212	-0.941831974
1118.122188	-0.957072032
1120.999557	-0.947927968
1126.760247	-0.929639985
1130.359953	-0.93573598
1135.398306	-0.947927968
1139.717298	-0.944879971
1144.03629	-0.932687983
1149.077694	-0.829056009
1152.6774	-0.804672032
1158.435039	-0.911352003
1161.315459	-0.908304006
1167.792459	-0.856487983
1169.953443	-0.862583977
1177.149804	-0.899160015
1178.591502	-0.908304006
1186.5102	-0.932687983
1187.229561	-0.93573598
1195.867545	-0.929639985
1204.508655	-0.981456009
1205.227941	-0.987552003
1213.146639	-0.941831974
1214.585361	-0.929639985
1221.784698	-0.765047997
1223.945757	-0.728472032
1230.425808	-0.387095994
1233.303102	-0.213359996
1239.063792	-0.179831992
1242.663498	-0.164592007
1247.701851	-0.201168008
1252.017792	-0.240792007
1256.33991	-0.323087983
1261.375212	-0.414528004
1264.977894	-0.588263984
1270.735608	-0.78333598
1273.619004	-0.758952003
1280.096004	-0.649224035
1282.256988	-0.606552003
1289.453423	-0.606552003
1290.895121	-0.615695994
1298.81382	-0.697991988
1299.533106	-0.70713598
1308.17109	-0.93573598
1316.8122	-1.042416023
1317.531486	-1.048512017
1325.450184	-1.155191988
1326.88578	-1.16433598
1334.088318	-1.161287983
1336.246177	-1.161287983
1342.726302	-1.210056009
1345.603596	-1.234440058
1351.364286	-1.255775965
1354.963992	-1.271016023
1360.00242	-1.271016023
1364.321412	-1.237487983
1368.640404	-1.207008012
1373.681808	-1.225295994
1377.281514	-1.231391988
1383.039079	-1.252728041
1385.916521	-1.2192
1392.399623	-1.100327968
1394.557482	-1.16433598
1401.756894	-1.399032047
1403.195616	-1.548383977
1411.114314	-2.356104006
1411.8336	-2.35915193
1420.471584	-2.401824035
1429.109718	-2.188463948
1429.83198	-2.170175965
1437.750679	-1.44475193
1439.1894	-1.307591988
1446.388812	-0.920495994
1448.549796	-0.801624035
1455.026796	-0.475487983
1457.907216	-0.350519993
1463.66478	-0.118871996
1467.267612	0.018288
1472.302914	0.124967999
1476.624882	0.137159996
1480.944023	0.149352003
1485.982302	0.109728004
1489.582008	0.094488001
1495.339721	0.243840004
1498.219992	0.417576001
1504.700118	0.981456009
1506.857977	1.277112017
1514.057388	2.200655936
1515.49611	2.078736052
1523.417784	1.536191988
1524.13722	1.524
1532.775204	1.155191988
1541.413188	1.313687983
1542.1356	1.331975965
1550.051321	1.185672032
1551.49302	1.155191988
1558.689306	1.310640058
1560.853416	1.328928041
1567.330416	1.362455936
1570.20771	1.383791988
1575.9684	1.237487983
1579.568106	1.210056009
1584.606384	1.231391988
1588.925377	1.356359942
1593.244518	1.514855936
1598.285921	1.432559942
1601.882502	1.405128041
1607.643192	1.075943991
1610.523612	0.947927968
1617.003588	0.801624035
1619.161596	0.752856009
1627.79958	0.569976001
1636.437714	0.499871996
1645.078823	0.454152003
1653.716808	0.4572
1662.354792	0.423671996
1670.992777	0.298704006
1679.63091	0.210311999
1688.27202	0.137159996
1696.910004	0.085344
1757.379318	0.085344
	
