	RS=73.875* 
0	4.684775965
7.872983977	3.712464093
8.827007721	3.5814
15.74292047	2.429255936
17.65706409	2.252471959
23.61285637	2.145791988
25.33497684	2.124455936
26.48712047	2.109216023
31.48279228	2.066544064
35.31412819	2.05435193
39.35577451	2.072640058
46.16195907	2.1336
47.22875907	2.151887983
55.09564633	2.255520029
57.01284093	2.264663948
60.05474363	2.270759942
62.96863088	2.273808012
67.86371814	2.28904807
70.83856912	2.228087983
78.71154902	1.865375965
84.69172354	0.835152003
90.67190735	-1.417320029
96.65512354	-2.66090386
98.01757991	-2.96570386
102.6353073	-3.553967953
108.6154819	-4.19404807
114.5956564	-4.754880116
117.3175181	-5.013960233
120.5788819	-5.33095193
126.5590564	-5.919216023
132.5392309	-6.839712163
136.6174564	-7.214616023
138.5194054	-7.449312163
144.4995799	-8.0772
150.4828054	-8.644128186
155.9234873	-9.122664093
156.4629892	-9.177528186
162.4431637	-9.838943628
168.4233382	-10.3632
174.4065637	-10.84173591
175.2234255	-10.91183977
180.3867382	-11.40561544
186.3699637	-11.99997567
192.3470873	-12.71016023
194.5233637	-12.94180772
198.3303127	-13.30452047
204.3104873	-13.7922
210.2937127	-14.24025637
213.8293853	-14.49323977
216.2708363	-14.66392819
222.2540618	-15.13636795
228.2342363	-15.63623977
233.1293235	-16.09648842
234.2174618	-16.19097567
240.1945853	-16.73047181
246.1778108	-17.19376795
252.1579853	-17.58086409
252.4353637	-17.59610386
258.1412108	-17.86737567
264.1213853	-18.19656023
270.1015598	-18.62327953
271.735302	-18.72996023
276.0817529	-18.98294363
282.0619274	-19.26031158
288.0451529	-19.54987181
291.0352402	-19.71141544
294.0253274	-19.87295907
300.005502	-20.20214363
305.9856765	-20.51304093
310.3412618	-20.70201544
311.968902	-20.77212047
317.9490765	-21.11349498
323.929251	-21.53716912
329.6412	-21.96693591
329.9094255	-21.98522316
335.892651	-22.34793591
341.8728255	-22.67407181
347.853	-22.98192047
348.9411196	-23.03983088
353.8331745	-23.30805637
359.8164	-23.65552819
365.7965745	-24.03652819
368.2471784	-24.24379228
371.776749	-24.49372819
377.7569235	-24.73147181
383.740149	-24.96921544
387.547098	-25.13685637
389.7203235	-25.23134363
395.703549	-25.46299228
401.6806726	-25.89885637
406.8470549	-26.21584865
407.663898	-26.26766409
413.6440726	-26.54503088
419.6242471	-26.74924865
425.6044216	-26.97175135
426.1530765	-27.02661544
431.5876471	-27.53258456
437.5678216	-27.74289498
443.5479961	-27.96235135
445.4529961	-28.04464865
449.5281706	-28.23057684
455.5113961	-28.47746409
461.4915706	-28.73349498
464.7529529	-28.89199228
467.4717451	-29.0322
473.4549706	-29.41929498
479.4351451	-29.68752047
484.0589745	-29.83992047
485.4153196	-29.87954363
491.3954941	-30.20567953
497.3787196	-30.63544865
503.3588941	-30.72993591
508.6898804	-30.65373591
514.0208294	-30.44342316
519.3517784	-30.06242316
524.6827274	-29.73019228
530.0167274	-29.5656
534.460698	-29.51073591
535.3476765	-29.48635135
540.6786255	-29.29127953
546.0126255	-28.97733591
551.3435745	-28.59328726
556.6745235	-28.23362316
562.0085235	-27.86176912
565.5655529	-27.58135135
567.3394726	-27.39542316
572.6704216	-26.8986
578.0044216	-26.50235907
583.3353706	-26.17622316
588.6663196	-25.84399228
594.0003196	-25.56357684
596.6703706	-25.42641544
599.3313059	-25.2984
604.6622549	-25.02712819
609.9962549	-24.72842316
615.3272039	-24.42667181
620.6581529	-24.11577684
625.989102	-23.78354363
627.7751883	-23.67076912
631.323102	-23.48179228
636.654051	-23.24404865
641.985	-23.04592819
647.315949	-22.86304865
652.649949	-22.70455135
657.980898	-22.54605637
658.8678393	-22.51862316
663.3118471	-22.26259228
668.6458471	-21.9456
673.9767961	-21.61032047
679.3077451	-21.25675135
684.6417451	-20.87575135
689.9726941	-20.49170502
695.3036432	-19.88210502
700.6376432	-19.32736795
705.9685922	-18.80006409
711.2995412	-18.24532819
716.6335412	-17.68449614
721.077549	-17.27301544
721.9644902	-17.20596023
727.2954393	-16.88896795
732.6294393	-16.41957567
737.9603883	-15.92884749
743.2914117	-15.48383977
748.6223607	-15.09674363
752.1824039	-14.83766409
753.9563607	-14.76756023
759.2873098	-14.52676795
764.6182588	-14.3256
769.9492078	-14.19453591
775.2832078	-14.03603977
780.6141568	-13.84706409
783.2842078	-13.75562433
785.9451059	-13.71904749
791.2791059	-13.61236795
796.6100549	-13.43558456
801.9410039	-13.18564749
807.2750039	-12.85646409
812.6059529	-12.38097567
814.3799098	-12.15237567
817.936902	-11.70432047
823.270902	-10.95451158
828.601851	-10.22603977
833.935851	-9.357360233
839.2668	-8.339328186
844.597749	-6.78789614
845.4846902	-6.54710386
849.928698	-5.169407721
855.262698	-3.377183977
860.5936471	-1.456944064
865.9245961	0.234695994
871.2555451	1.207008012
871.8437883	1.277112017
876.5895451	1.844040058
884.4686549	2.50850386
885.3922078	2.569464093
887.4252	2.700527895
892.3446393	2.791967953
898.2578039	2.82549614
900.2268	2.834640058
908.1059098	2.868167953
909.0904078	2.865119884
915.9849451	2.877311872
919.9259883	2.880359942
923.8640549	2.862072105
930.7585922	2.843783977
931.7430902	2.846832047
939.6222	2.852927895
941.5911961	2.8194
947.5043607	3.008375965
952.426851	3.28269614
955.3833961	3.50215193
963.2625059	4.715256081
	
