	RS=89323.5*
0	0.585215987
9.634728186	0.579119993
10.42416023	0.579119993
19.26945637	0.576071996
28.90723088	0.569976001
38.54500772	0.566928004
48.17973823	0.563880007
52.12994363	0.56083201
57.81446177	0.554736016
62.55715367	0.499871996
67.44918995	0.301752003
72.98131274	0.036575999
77.08696912	-0.313943991
78.65973823	-0.445008012
83.71331814	-0.868679971
85.24951274	-1.014983977
93.12554363	-1.74955193
94.81108726	-1.90804807
100.9985235	-2.478024035
105.9088564	-2.935224035
108.8745637	-3.319272105
116.7505946	-4.34644807
117.0035745	-4.379975965
124.6266255	-5.291328186
128.1013436	-5.70890386
132.5026564	-6.16610386
139.1991127	-7.040880116
151.8757436	-9.317735907
167.4510255	-11.74394363
174.494949	-12.41450386
194.611749	-14.10614363
197.973702	-14.32255251
198.9124726	-14.39570386
220.288098	-15.61795251
228.0544147	-16.08124749
231.0658402	-16.21840772
252.758451	-17.14804749
261.0612	-17.51380772
274.2956108	-17.84908842
294.3423127	-18.40077567
295.049451	-18.44649614
295.0982108	-18.44649614
315.5076255	-18.16912819
324.2432039	-18.05025637
328.8548294	-18.03196795
353.113851	-17.87042433
361.1422726	-17.79117567
381.6400726	-17.61134363
393.045702	-17.53819228
409.959051	-17.48332819
414.7078216	-17.39188842
424.4187451	-17.56257567
442.3562549	-17.82165637
443.7704941	-17.83994363
472.894149	-17.04136795
476.6157451	-16.88592047
501.7130039	-15.70329614
510.6710804	-15.02054363
513.8043961	-14.76451158
515.5173706	-14.60296795
529.8856471	-13.51787953
549.405051	-12.28039228
557.9577196	-11.44828842
583.5396	-5.620512163
586.2462255	-5.056632047
586.4016765	-5.02615193
614.3670765	-3.563111872
620.1399706	-3.459480116
625.5593607	-3.374135907
643.7650588	-3.04190386
644.2862549	-3.005327895
646.8740039	-2.810256081
656.6001451	-2.538983977
668.9110588	-2.203704006
678.634149	-1.941575965
681.224949	-1.822704006
688.4792039	-1.487424035
693.5388393	-1.274063948
693.7064941	-1.267967953
698.2511098	-1.085087983
706.9622432	-0.771143991
707.9346117	-0.743712017
717.6180393	-0.414528004
720.397851	-0.286511999
727.3045922	0.024383999
733.8365098	0.350519993
736.9880941	0.509015987
746.6746471	0.594360015
747.2750941	0.594360015
756.358149	0.612647997
760.7168039	0.621791988
766.044702	0.633983977
774.1553883	0.652272032
775.7282039	0.658368026
785.4147568	0.679704006
787.5909961	0.682752003
795.0982588	0.704087983
801.0296549	0.719327968
804.7848117	0.728472032
814.4682393	0.755904006
	
