141.75	RS=141.75  
0	9.174480116
8.07415193	8.945880116
16.14525637	6.763512163
24.21940772	5.849112163
32.29355907	5.79424807
41.41927181	5.891783977
50.54803088	6.196583977
59.67374363	6.391655791
66.89445637	6.144767953
68.8025027	6.080760233
77.92821544	5.815583977
87.05697451	5.48030386
96.18573823	5.172455791
105.311451	5.0292
114.4402054	4.87984807
123.5659181	4.657343919
132.6946819	4.154424035
141.8203946	2.776727895
150.949149	2.20675193
160.0748618	0.9906
169.2036255	-0.213359996
178.3293382	-1.929383977
187.458102	-3.50215193
196.5838147	-5.309616023
205.7125598	-6.54710386
214.8382726	-7.31215193
223.9670363	-8.436864093
233.0958	-10.97889614
242.2215127	-14.38351158
251.3502765	-17.44065637
260.4759892	-19.76323088
269.6047529	-20.83612819
278.7304471	-21.04644093
287.8592108	-21.49754363
296.9849235	-21.84501544
306.1136873	-22.18334363
315.2394	-22.38755907
324.3681451	-22.17115135
333.4938765	-21.87244865
342.6226216	-21.72004865
351.7514039	-21.59812819
360.877098	-21.52192819
370.0058804	-21.44267953
379.1315745	-21.49144865
388.2603196	-21.60117684
397.386051	-21.71395135
406.5147961	-21.92731274
415.6405274	-21.95169498
424.7692726	-21.91816912
433.8950039	-21.92731274
443.023749	-21.86635135
452.1524941	-21.75052819
461.2782255	-21.74443088
470.4069706	-21.93950502
479.532702	-22.21077684
488.6614471	-22.39365637
497.7871784	-22.50338456
506.9159235	-22.53081544
516.0416549	-22.76551274
525.1704	-23.07945637
534.2960941	-23.58847181
543.4248765	-23.95423088
552.5536216	-24.12187181
561.6793529	-24.40228726
570.808098	-24.82291274
579.9338294	-25.27401544
589.0625745	-25.74340772
598.1883059	-26.32557684
607.317051	-26.52369498
616.4427451	-26.26766409
625.5714902	-26.09087953
634.6972588	-25.91104865
643.8260039	-25.78607953
652.954749	-25.68854363
662.0804432	-25.46604093
671.2091883	-25.08504093
680.3349568	-24.82900772
689.463702	-24.30170502
698.5893961	-23.75306409
707.7181412	-23.23490502
716.8439098	-22.89962316
725.9726549	-22.38451274
735.098349	-21.36343088
744.2270941	-20.59533591
753.3558393	-20.13508726
762.4816078	-19.94915907
771.6103529	-19.68398456
780.7360471	-18.97075251
789.8647922	-18.11731158
798.9905607	-17.23034363
808.1193059	-16.39519228
817.245	-15.85569614
826.3737451	-14.92910386
835.4994393	-13.60322433
844.6282588	-11.76223205
853.7570039	-9.8298
862.882698	-6.760464093
872.0114432	-3.81609614
881.1372117	-0.222504006
890.2659568	1.484375965
899.391651	3.27050386
903.4789922	3.672840058
908.5203961	4.169664093
917.6460902	4.79450386
926.7749098	5.4864
935.3885607	5.25475193
943.9991607	6.108192279
952.6128117	6.117335907
961.2234117	6.230112163
969.8369883	7.373112163
978.4475883	9.262871814
987.0612393	8.659367953
995.6718393	6.870192279
1004.28549	5.6388
	
