	RS=153.62* 
0	9.552432047
8.45210386	9.174480116
10.70457567	8.6868
16.90116023	7.056119884
21.40915135	6.068567953
25.35631274	5.391912163
32.11372819	4.95909614
33.80536912	4.892039767
42.25747181	4.64515193
42.8183027	4.626864093
50.70652819	4.300727895
53.52592819	4.239767953
59.15863088	4.181856081
64.2305027	4.2672
67.61073823	4.33730386
74.93508186	4.617719884
76.06284093	4.64210386
84.51189265	4.169664093
85.63965637	4.157472105
92.964	4.166616023
96.34423088	4.587240058
101.4130564	5.306567953
107.0488054	5.897880116
109.8682054	6.1722
115.9215382	6.355080116
117.7533799	6.409944209
118.3172618	6.425183977
126.7693691	6.507480116
128.4579637	6.477
135.2184255	6.39775193
136.6723181	6.382512163
139.1625382	6.352032047
143.6705235	6.263639767
149.8701637	6.16915193
152.1226309	6.062471814
160.5747382	5.63270386
169.4840363	3.983735907
170.0418255	3.858767953
178.3963853	2.036063948
179.5119637	1.859279971
187.3087529	0.545591988
188.979051	0.292607993
196.221102	-0.792479971
198.4461382	-1.078991988
205.133451	-1.999487983
207.9162765	-2.3622
214.0458	-3.462527895
217.3833637	-4.203191988
222.955098	-5.56564807
226.853502	-6.665976256
231.8674471	-7.940039767
236.3236402	-9.186671814
240.7798147	-10.34796023
245.7907274	-11.67383977
249.6921637	-12.67663205
255.2608471	-13.90192819
258.6045127	-14.61211158
264.7309853	-15.83436023
267.5138108	-16.35861544
274.1980726	-17.70278456
276.4261598	-18.17522433
283.6682108	-19.65655135
285.3415598	-20.01012047
293.135298	-21.49449498
294.2508765	-21.66213591
302.6054363	-22.64054363
303.1632255	-22.68931274
312.0755745	-23.00325637
320.652651	-22.70455135
322.3930471	-22.58567953
329.2327784	-22.07971274
332.7135706	-21.75357684
337.8098549	-21.29637684
343.0310804	-20.83917684
346.3868941	-20.54656912
353.3516039	-20.05888726
354.9670216	-19.94306409
363.544098	-19.44319228
363.6690765	-19.43709614
372.1242255	-19.00123205
373.986549	-18.89455251
380.701302	-18.52574363
384.3070726	-18.32152819
389.2814294	-18.0594
394.6245451	-17.81860772
397.8585059	-17.67535251
404.9451059	-17.43760772
406.4385961	-17.39188842
415.0156726	-17.18767181
415.2625784	-17.18157567
423.592749	-16.98955251
425.583102	-16.94992819
432.1728765	-16.81886409
435.9005745	-16.79752819
440.7499529	-16.75790386
446.221098	-16.74266409
449.3300804	-16.73047181
456.5385706	-16.78838456
457.9071196	-16.79752819
466.4841961	-16.78533591
466.8590941	-16.78228842
475.0643235	-16.68170386
477.1766039	-16.66951158
483.6414	-16.60245637
487.4971274	-16.56587953
492.2215274	-16.51101544
497.8146	-16.41652819
500.7986039	-16.37995251
508.1320726	-16.28241544
509.3756804	-16.26717567
517.9557706	-16.23974363
518.4525961	-16.23669614
526.535898	-16.22755251
528.7701059	-16.20316795
535.1129745	-16.12087181
539.0906294	-16.04467181
543.690051	-15.95018456
549.408102	-15.88007953
552.2671274	-15.83436023
559.7286255	-15.75816023
560.8472549	-15.74901544
569.4273451	-15.70939228
570.046098	-15.70939228
578.0044216	-15.70939228
580.3666216	-15.67891158
586.581498	-15.60576023
590.6840941	-15.52651158
595.1585745	-15.46250386
601.0046549	-15.24304749
603.7417529	-15.14856023
611.3221274	-15.05407181
612.3188294	-15.04492819
620.8959059	-14.93215251
621.642651	-14.93215251
629.4729451	-14.92910386
631.9601607	-14.93824749
638.0500588	-14.95043977
642.2775961	-14.99920772
646.6332	-15.05407181
652.5981568	-15.10893591
655.2102393	-15.12417567
662.9155922	-15.11807953
663.7873529	-15.11198456
672.3643922	-15.00225637
673.2361529	-14.98396795
680.9445568	-14.80718456
683.5535883	-14.73707953
689.5246471	-14.56029614
693.874149	-14.42313591
698.1017607	-14.31645637
704.1916588	-14.17015251
706.6788	-14.12443205
714.5121451	-13.98117567
715.2558393	-13.96898456
723.8360039	-13.83792047
724.8296549	-13.81658456
732.4160941	-13.62456023
735.1501412	-13.55750386
740.9932078	-13.38376795
745.467651	-13.26184749
749.5702471	-13.15212047
755.7882117	-12.97228842
758.1504117	-12.92047181
766.1056471	-12.77112047
766.730502	-12.76197567
775.3075412	-12.71320772
776.4231568	-12.71320772
783.8846549	-12.69187181
786.7436432	-12.68882433
792.4647451	-12.67663205
797.0611529	-12.61262433
801.0418588	-12.56995251
807.3816393	-12.37792819
809.621949	-12.31087181
817.699149	-12.00607181
818.1989883	-11.98778456
826.7791529	-11.70736795
828.0197098	-11.66774363
835.3561922	-11.45743205
838.3371451	-11.38732819
843.9333059	-11.28064749
848.6577059	-11.24407181
852.5133961	-11.21054363
858.9751412	-11.2014
861.0935607	-11.19835251
869.295702	-11.13129614
869.6706	-11.12824749
878.2476393	-10.92098456
879.6132117	-10.87221544
886.8247529	-10.53998456
889.933698	-10.36624749
895.4048432	-9.991343628
900.2512078	-9.656064093
903.9850078	-9.3726
910.5686432	-8.814816023
912.5620471	-8.634983977
920.8892039	-7.876032047
921.1391607	-7.84555193
929.7162	-6.906767953
931.2066393	-6.760464093
938.2993412	-6.220967953
941.5272	-6.01370386
946.8764549	-5.754623744
951.8447098	-5.541264093
955.4534941	-5.422392279
962.1651961	-5.224271814
964.0306078	-5.163312163
972.4827059	-4.916423744
972.610698	-4.910328186
981.1907883	-4.288535907
982.8031922	-4.066032047
989.767902	-2.7432
993.120702	-1.816608012
998.3449412	-0.56083201
1003.441188	0.865631974
1006.925106	1.746504006
1013.758698	3.307080116
1015.502145	3.773424035
1024.08231	5.248655791
1031.019561	5.209032047
1034.847792	5.11149614
1036.920447	5.010912163
1037.956812	4.962144209
1044.897039	4.602480116
1045.6164	4.572
1051.83429	4.404359942
1056.381957	4.285488128
1058.771541	4.303775965
1065.708792	3.791711872
1067.147439	3.767327895
1072.649094	5.17550386
1077.909945	6.650735907
1079.586345	6.55624807
1086.523596	6.193535907
1088.681604	6.105144209
1093.463898	6.190487837
1099.44411	6.48309614
1100.401149	6.504432047
1107.3384	6.589776256
1110.209592	6.537960233
1114.275651	6.477
1120.975149	6.367271814
1121.215953	6.370319884
1128.153204	6.495287837
1131.743757	6.54710386
1135.090455	6.510528186
1142.030757	6.425183977
1142.509239	6.412992279
1148.968008	6.291071814
1153.274796	6.2484
1155.905259	6.16610386
1162.845561	5.94055193
1164.040353	5.903976256
1169.782812	5.839967953
1174.808961	5.751576256
1176.719988	5.70890386
1183.657239	5.64184807
1185.574443	5.599176256
1190.597541	5.583935907
1196.34	5.605271814
1197.534792	5.620512163
1204.472043	5.690616023
1205.139612	5.690616023
1207.105557	5.687567953
1211.412345	5.660135907
1217.87409	5.666232047
1218.349596	5.672328186
1225.286847	5.806439767
1228.639647	5.86435193
1232.224098	5.900928186
1239.1644	5.967983977
1239.405204	5.971032047
1246.101651	6.001512163
1250.173812	6.01675193
1253.038902	5.986271814
1259.979204	5.724144209
1260.939294	5.687567953
1266.919506	5.465064093
1271.704777	5.458967953
1273.856682	5.315712163
1280.794008	4.840224035
1282.470408	4.657343919
1287.73431	4.428743919
1293.23589	4.255008012
1294.671486	4.303775965
1301.608812	4.815840058
1304.004498	5.077967953
1308.545988	5.48335193
1314.76998	6.309360233
1315.48629	6.440423744
1322.423616	7.54684807
1325.535612	7.684007721
1329.360792	8.113776256
1336.301094	8.625839767
	
