	RS=28.950* 
0	3.227832047
7.62609614	2.127504006
14.95043977	1.627632047
15.25523977	1.612391988
22.88133591	1.569720029
29.90697684	1.487424035
30.50743088	1.484375965
38.13352819	1.487424035
44.85741544	1.545336052
45.76267181	1.557528041
53.38571814	1.685544064
59.80785637	1.648967953
61.01181544	1.636775965
68.64095907	1.6002
74.76438995	1.52704807
76.26705637	1.511808012
83.89314902	1.45084807
89.71483088	1.493520029
91.52229265	1.505712017
99.1483946	1.466087983
104.6652765	1.475232047
106.7744873	1.469136052
114.4005799	1.469136052
119.6187637	1.438655936
122.0297235	1.481328041
129.6558255	1.618487983
134.5692	1.655063948
137.2819181	1.627632047
144.9080201	1.606295994
149.5257382	1.606295994
164.4761745	1.606295994
177.2655892	1.609344064
178.463451	1.609344064
184.5350618	1.609344064
186.7540147	1.609344064
194.1332108	1.609344064
195.0415274	1.609344064
203.3259892	1.6002
203.7283274	1.6002
211.6165529	1.563624035
213.3264765	1.557528041
219.9040471	1.502663948
222.9246255	1.478279971
228.1915598	1.37464807
232.5227745	1.289304006
236.4821235	1.19786402
242.1178726	1.057656009
244.7665853	1.018031974
251.7129892	0.880872032
253.054098	0.85953598
261.3111382	0.701039985
261.3446618	0.701039985
269.6321745	0.573023999
270.9092873	0.557784013
277.9196873	0.448056009
280.5043853	0.417576001
286.2072	0.188976001
290.1025529	0.03048
294.4947127	-0.204216005
299.700702	-0.50596799
302.7852765	-0.850391988
309.298851	-1.591055936
311.0727892	-1.819655936
318.897	-2.919983977
319.360302	-2.993135907
327.6477961	-4.34644807
328.492098	-4.486656081
335.9353274	-5.763767953
338.0902471	-6.141719884
344.2228216	-6.63244807
347.6883961	-6.964680116
352.5134039	-7.61695193
357.2865451	-8.281416023
360.800898	-8.705087837
366.8786294	-9.403080116
369.0853784	-9.59815193
376.4767784	-10.23518456
377.3759235	-10.30833591
385.6634549	-10.94841544
386.0749274	-10.98194363
393.950949	-11.60373591
395.6730765	-11.7348
402.2414941	-12.24381544
405.2681745	-12.43583977
410.5259745	-12.88084749
414.8663235	-13.21917567
418.8135059	-13.49959228
424.4644726	-13.95069614
427.104051	-14.1732
434.0626216	-14.80108842
435.3915451	-14.91691158
443.6577196	-15.59356795
443.6790765	-15.59356795
451.9665706	-16.20316795
453.2559059	-16.29765637
460.254102	-16.91335251
462.8540549	-17.13585637
468.5446471	-17.526
472.4522039	-17.79422433
476.8321784	-18.08073591
482.044251	-18.44954363
485.1196726	-18.66595251
491.6424	-19.08657567
493.4072039	-19.18716023
501.240549	-19.52244093
501.694698	-19.54377684
509.9822294	-20.02231274
510.838698	-20.07412819
518.2727745	-20.46427181
520.4337961	-20.55875907
526.5603059	-20.90318456
530.0319451	-21.10435135
534.8478	-21.46096912
539.6300941	-21.79929498
543.1352941	-22.11019228
549.2282804	-22.71979228
551.4228255	-22.88133591
558.8233784	-23.4696
559.7103196	-23.52446409
568.000902	-23.92984865
568.4215274	-23.95118456
576.2883961	-24.31694363
578.0196765	-24.39619228
584.5728765	-24.75585637
587.6178255	-24.91435135
592.8634216	-25.2984
597.2098726	-25.61539228
601.1509529	-25.90190502
606.8080216	-26.36215135
609.441498	-26.50845637
616.4061706	-27.01747181
617.7290294	-27.09367181
626.0043568	-27.40152047
626.0135098	-27.40152047
634.3040549	-27.73070502
635.5994549	-27.78252047
642.591549	-28.14827953
645.1976039	-28.29153591
650.8790432	-28.64815135
654.7957529	-28.89199228
659.1695883	-29.13583088
664.393902	-29.43758456
667.4541059	-29.54426409
673.989	-29.73324093
675.7416	-29.80639228
683.587149	-30.14167181
684.0321451	-30.16300772
692.3196393	-30.58058456
693.185298	-30.62630502
700.6072078	-31.03473591
702.7834471	-31.15970502
708.894702	-31.41878456
712.3785451	-31.56204093
717.1821961	-31.77844865
721.9736432	-31.97961544
725.4696902	-32.08934363
731.5717922	-32.30270502
733.7603098	-32.38804865
741.1699412	-32.6898
742.0478039	-32.73856912
750.3322471	-33.19881544
750.7650393	-33.2232
758.6227922	-33.58286409
760.3631883	-33.67430502
766.9103607	-34.18636912
769.9614117	-34.43935135
775.2009059	-35.03980772
779.5595607	-35.55796912
783.4884	-35.88410502
789.1546588	-36.35654363
791.7728432	-36.58209498
798.7528078	-37.338
800.0633883	-37.47515907
808.3509568	-38.11219228
816.867051	-38.03294363
817.8028078	-37.99941544
825.3831451	-37.11549498
827.2516078	-36.92956912
833.8992393	-36.4236
836.7034588	-36.26205637
842.4154078	-36.15537684
846.1492078	-36.04564865
850.931502	-35.72560772
855.6010588	-35.13124865
859.4475961	-33.97605637
865.0529098	-31.87903088
867.9606393	-30.62630502
874.5017098	-27.83433591
876.4798588	-27.04795135
883.9535607	-24.52115907
884.9959529	-24.3078
893.4054117	-22.82952047
893.5089961	-22.80818456
902.0281412	-21.18969498
902.8542117	-21.02815135
910.5443098	-19.69007953
912.3059883	-19.40966409
919.0604039	-18.71167181
921.7547883	-18.32152819
927.576498	-16.90725637
931.2066393	-15.74596795
936.0925922	-13.70685637
940.6584902	-12.15237567
944.6087607	-10.57656023
950.1072902	-8.421623744
953.1248549	-7.446264093
959.5591412	-5.096255791
961.637898	-4.556759942
969.0079412	-2.74015193
970.1570432	-2.44449614
978.4567412	-0.731520029
978.6732117	-0.697991988
987.1862549	0.33223201
987.9085922	0.393191988
991.5906	0.521208012
995.7054	0.667512017
997.3573922	0.731520029
1004.221494	0.819912017
1006.809243	0.880872032
1014.26769	1.173479971
1015.291851	1.210056009
1023.774459	1.29235193
1024.984506	1.280159942
1032.260043	1.136904006
1035.701247	1.103375965
1040.742651	1.094231974
1046.415012	1.463040058
1049.225259	1.630679971
1057.134804	1.703832047
1057.707792	1.716024035
1066.1904	2.532888128
1067.848494	2.606040058
1074.673008	3.084575965
1078.568361	2.66395193
1083.155541	2.194559942
1089.282051	1.719071959
1091.638149	1.502663948
1099.998792	1.487424035
1100.120757	1.484375965
1108.60329	1.283208012
1110.715608	1.237487983
1117.085898	0.66446402
1121.432349	0.335280007
1125.571557	0.222504006
1132.146039	0.039623999
1134.05409	0.045720002
1142.536698	0.009144
1142.865906	0.009144
1151.019306	0.054864002
1153.579596	0.070104001
1159.501839	0.036575999
1164.296412	0
1167.987498	-0.018288
1175.016204	-0.054864002
1176.470106	-0.064007998
1184.949588	0.048767999
1185.729894	0.060960001
1193.432196	0.173735998
1196.443659	0.231647997
1201.914804	0.350519993
1207.163451	0.164592007
1210.400388	0.054864002
1217.880192	-0.006096
1218.882996	-0.018288
1227.365604	-0.0762
1228.593957	-0.085344
1235.848212	-0.164592007
1239.313749	-0.188976001
1244.330745	-0.210311999
1250.027514	-0.219456009
1252.816404	-0.198119993
1260.747306	-0.121920002
1261.299012	-0.112776001
1269.78162	0.012192
1271.460996	0.03048
1278.264079	-0.082296003
1282.177812	-0.131064002
1286.746686	-0.155447997
1292.894479	-0.198119993
1295.226318	-0.201168008
1303.611294	-0.185928004
1303.711902	-0.185928004
1312.19451	-0.121920002
1314.324984	-0.106679998
1320.677118	-0.060960001
1325.044777	-0.048767999
1329.159577	-0.042672
1335.758616	-0.021336
1337.642184	-0.027432001
1346.127918	-0.064007998
1346.475282	-0.067056
1354.610377	-0.097535998
1357.192098	-0.085344
1363.092984	-0.045720002
1367.908914	0.006096
1371.575592	0.048767999
1378.622604	-0.021336
1380.0582	-0.036575999
1388.540808	-0.106679998
1389.342396	-0.106679998
1397.026392	-0.091440004
1400.056086	-0.064007998
1405.509	-0.033528
1410.772902	-0.018288
1413.988482	0
1421.492694	-0.03048
1422.47109	-0.036575999
1430.953698	-0.155447997
1432.206384	-0.170688001
1439.439282	-0.213359996
1442.926177	-0.237743991
1447.92189	-0.292607993
1453.640016	-0.280416005
1456.404498	-0.280416005
1464.356682	-0.268223999
1464.887106	-0.268223999
1473.369714	-0.35356799
1475.073498	-0.371856009
1481.855298	-0.432815987
1485.790314	-0.682752003
1490.337906	-0.972312017
1496.504004	-1.301495994
1498.820514	-1.423416023
1507.223796	-0.752856009
1507.303121	-0.746760015
1515.78558	-0.33223201
1517.937486	-0.185928004
1524.271314	0.222504006
1528.654302	0.66446402
1532.750796	1.078991988
1539.371118	0.829056009
1541.233404	0.768095994
1549.716012	0.63093598
1550.087784	0.603504006
1558.19862	-0.027432001
1560.801623	-0.094488001
1566.684204	-0.259080007
1571.521416	-0.274319993
1582.235106	-0.256031992
1592.951921	-0.265176001
1603.668588	-0.283464002
1614.385404	-0.295656009
1625.105196	-0.252983995
1626.065286	-0.256031992
1634.547894	-0.249935998
1635.818886	-0.210311999
1643.027377	0.039623999
1646.532577	0.219456009
1651.509984	0.478536016
1657.252518	0.621791988
1659.995718	0.694943991
1667.969184	0.58216799
1668.478177	0.573023999
1676.960784	0.432815987
1678.683023	0.417576001
1685.443392	0.341376001
1689.402816	0.277368008
1693.926	0.210311999
1700.116506	0.106679998
1702.411584	0.064007998
1710.833321	0.213359996
1710.894192	0.213359996
1719.3768	0.249935998
1721.549988	0.243840004
1727.859408	0.207264002
1732.266804	0.179831992
1736.342016	0.161543991
1742.980494	0.1524
1744.824623	0.131064002
1753.310208	0.054864002
1753.700286	0.051816001
1761.78969	-0.091440004
1764.413977	-0.146303997
1770.272298	-0.140208003
1775.130792	-0.100584004
1778.754906	-0.103632001
1785.847608	-0.137159996
1787.237514	-0.118871996
1795.723098	-0.036575999
1796.564423	-0.03048
1804.205706	0.134111999
1807.278114	0.198119993
1812.688314	0.283464002
1817.997906	0.390143991
1821.170921	0.438912017
1828.711596	0.588263984
1829.65338	0.579119993
1838.139114	0.48463201
1839.431388	0.490728004
1846.621721	0.496823999
1850.145079	0.445008012
1855.10418	0.441960015
1860.861894	0.435863984
1863.586788	0.435863984
1872.069396	0.569976001
1880.552004	0.569976001
1889.034612	0.633983977
1897.51722	0.600456009
1905.999679	0.551687983
1914.445823	0.545591988
1914.482286	0.545591988
1922.964894	0.637031974
1925.159514	0.652272032
1931.450479	0.932687983
1935.879306	1.152143991
1939.933086	1.106424035
1946.592996	0.978408012
1948.415694	0.966216023
1956.898302	0.89306402
1957.309812	0.890016023
1965.38091	0.871727968
1968.026479	0.880872032
1973.866494	0.938783977
1978.743294	1.030224035
1982.349102	1.008887983
1989.456984	0.847343991
1990.83171	0.81686402
1999.311192	0.637031974
2000.176777	0.615695994
2007.7938	0.585215987
2010.890616	0.585215987
2016.279384	0.576071996
2021.607282	0.591312017
2024.761992	0.606552003
2032.324098	0.780287983
2033.2446	0.819912017
2041.727208	1.021079971
2043.040914	1.054608012
2050.209816	1.054608012
2053.754604	1.069847997
2058.692423	1.08813598
2064.474396	1.100327968
2067.178008	1.094231974
2075.188086	0.771143991
2075.660616	0.743712017
2084.143223	0.731520029
2085.904902	0.719327968
2092.625682	0.74066402
2096.621718	0.676656009
2101.10829	0.658368026
2107.338384	0.734568026
2109.590898	0.771143991
2118.058177	1.243583977
2118.073506	1.243583977
2126.556114	1.639824035
2128.772016	1.60324807
2135.038721	1.478279971
2139.485706	1.228344064
2143.52118	1.01193598
2150.205498	1.191768026
2152.006914	1.261871959
2160.489521	1.395983977
2160.922314	1.377695994
2168.97198	1.243583977
2171.636004	1.243583977
2177.454588	1.37464807
2182.355796	1.706879971
2185.937196	1.682495994
2193.069486	1.502663948
2194.419804	1.429512017
2202.905388	1.014983977
2203.786302	0.96926402
2211.387996	0.691895994
2214.503118	0.603504006
2219.870604	0.557784013
2225.219784	0.515112017
2228.350086	0.527304006
2235.933623	0.563880007
2236.832694	0.569976001
2245.318279	0.542543991
2246.653416	0.539495994
2257.367106	0.512063984
2262.283494	0.496823999
2268.083921	0.536447997
2270.766102	0.554736016
2278.800588	0.868679971
2279.24871	0.886968026
2287.734294	1.795271959
2289.517404	1.935479971
2296.216902	2.462783977
2300.231094	2.203704006
2304.69951	1.914144064
2310.950886	1.310640058
2313.182118	1.097279971
2321.664577	0.774191988
	
