	RS=35.230* 
0	1.795271959
5.815583977	1.731263948
11.63421544	1.627632047
17.4498	1.557528041
20.7264	1.533144064
23.26843088	1.511808012
29.08706409	1.493520029
34.90264865	1.493520029
40.72128186	1.463040058
41.45584633	1.456944064
46.53686177	1.429512017
52.35244633	1.414271959
62.18224633	1.399032047
68.61048186	1.347216023
74.48092819	1.234440058
80.38490735	1.182624035
82.98789265	1.115568026
90.15069265	1.033272032
91.49791274	0.9906
99.91648726	0.597408012
100.0079235	0.597408012
108.5179436	0.265176001
109.6822819	0.185928004
117.0279637	-0.374904006
119.4480765	-0.697991988
125.5379745	-1.630679971
129.2169127	-2.374391988
134.0479946	-3.520440058
138.9827073	-4.934712163
142.5580054	-6.02589614
148.7484927	-7.946135907
151.0649745	-8.68070386
158.5173382	-10.95756023
159.5749853	-11.28674363
168.0850147	-13.61846409
168.2831235	-13.66418456
176.5950255	-15.13636795
178.0489274	-15.32839228
185.1050363	-16.21231158
187.8147127	-16.45310386
193.6150471	-17.04136795
197.583549	-17.38883977
202.1250765	-17.84299228
207.3493529	-18.33067181
210.6350873	-18.63547181
217.1151382	-19.15972819
219.145098	-19.32127181
226.8809235	-19.78456912
227.6520765	-19.79371274
236.1620873	-19.81809498
236.6497598	-19.82419228
244.672098	-19.77237684
246.4155637	-19.75713591
253.1821274	-19.63521544
256.181349	-19.57730502
261.6921382	-19.43709614
265.9501853	-19.33651158
270.202149	-19.23592819
275.7159892	-19.14753591
278.7121598	-19.11705637
285.4817745	-19.08962433
287.2221892	-19.09267181
295.2475598	-19.14448842
295.729149	-19.14448842
304.2391598	-19.17192047
305.0133637	-19.17801544
312.7491706	-19.21459228
314.7822	-19.23287953
321.256149	-19.28774363
324.5480039	-19.30603205
329.7661784	-19.41576023
334.3137706	-19.51939228
338.2761706	-19.68093591
344.0826255	-19.95220772
346.7862	-20.04974363
353.8484294	-20.3454
355.2962294	-20.40026409
363.6141961	-20.65934363
363.8062216	-20.66848726
372.316251	-20.71115907
373.38	-20.72030502
380.8232294	-20.62581544
383.1458039	-20.64715135
389.3332216	-20.73249498
392.9146216	-20.85136912
397.843251	-21.00072047
402.6834765	-21.34819228
406.3532804	-21.69871274
412.4492804	-22.07361544
414.8632726	-22.19248726
422.2150471	-22.34184093
423.373302	-22.36012819
431.8832941	-22.59177684
431.980851	-22.59787181
440.3933235	-22.94229498
441.7466549	-22.98801544
448.900302	-23.29586409
451.5124216	-23.37815907
457.4102941	-23.58542316
461.2782255	-23.71953591
465.9203235	-23.89022316
471.0500941	-24.10358456
474.4303529	-24.2316
480.815898	-24.48153591
482.9403451	-24.57297684
490.581702	-24.82595907
491.4503745	-24.86558456
499.9604039	-25.13990502
500.3475059	-25.15209498
508.4703961	-25.20695907
510.1132726	-25.25267953
516.9804255	-25.36240772
519.8790765	-25.43251274
525.4874039	-25.53614363
529.6448804	-25.56967181
533.9973961	-25.63977684
539.416749	-25.63063088
542.5074255	-25.66415907
549.1825529	-25.73731274
551.0174549	-25.76474363
558.9483196	-25.95981544
559.5274471	-25.96591274
568.0374765	-26.08478456
568.7141235	-26.09697684
576.5475059	-26.14879228
578.4799274	-26.19451274
585.057498	-26.39567953
588.2456941	-26.51150502
593.5675274	-26.72791274
598.011498	-26.99004093
602.0745059	-27.23387953
607.7803529	-27.43504865
610.584498	-27.55696912
617.5491706	-27.78861544
619.0945274	-27.84043088
627.3150117	-28.1178
627.6045568	-28.12999228
636.114549	-28.37992819
637.0807412	-28.41040772
644.6245412	-28.62681544
646.8465451	-28.67253591
653.1346078	-28.77921544
656.612349	-28.8798
661.6446	-28.98343088
666.3781529	-29.12059228
670.1515412	-29.23336912
676.1470078	-29.42234363
678.6616078	-29.48025637
685.9128117	-29.69361544
687.1716	-29.72714363
695.6815922	-29.88868726
703.3930471	-29.59607953
706.7458471	-29.28823088
711.1075529	-28.72435135
717.810102	-27.65450502
718.8220588	-27.48991274
726.5364902	-26.65780772
728.8743568	-26.46578456
734.2509961	-26.12135907
739.9415883	-25.6794
741.9685529	-25.50566409
749.6830588	-24.16759228
751.0027922	-23.84145637
757.3974902	-21.88464093
762.0670471	-20.62276912
765.1119961	-19.65350502
772.826502	-17.41932047
773.131302	-17.32178456
776.4932549	-15.98980772
780.5410078	-14.38351158
784.1955568	-13.11554363
788.2523883	-11.67079228
795.2627883	-9.29335193
795.9699451	-9.107423744
803.684451	-6.906767953
806.3270432	-5.705855791
811.3989568	-4.096511872
817.391298	-2.474975965
819.1133883	-1.996440058
826.8278941	-0.359663984
828.4555529	-0.204216005
834.5424	0.326136016
839.5167568	0.725424035
843.768702	0.890016023
846.8532393	0.954024035
854.1897961	1.356359942
855.7473568	1.533144064
861.5263529	2.261616023
867.7199098	2.785872105
868.8598588	2.859024035
876.1963412	2.953511872
879.6954393	2.712719884
883.5298471	2.398775965
890.8633529	1.402079971
891.6679922	1.344167953
898.1999098	0.917447997
903.6405451	0.874775965
905.5333412	0.85953598
912.8637961	0.89306402
915.616149	0.941831974
920.197302	1.021079971
927.5338588	1.078991988
927.588702	1.078991988
934.8672902	1.313687983
939.5673568	1.472183977
942.2007961	1.578863948
949.534302	1.990344064
951.5429607	2.103120029
956.8708588	2.28295193
963.5154393	2.532888128
964.2012393	2.532888128
971.5347451	2.557272105
975.4879922	2.569464093
978.871302	2.386583977
986.2048078	1.950720029
987.4635961	1.874520029
993.5382393	1.45084807
999.436149	1.085087983
1000.871745	1.054608012
1008.208302	1.014983977
1011.411753	1.014983977
1015.538757	1.161287983
1022.872188	0.911352003
1023.384306	0.917447997
1030.205694	0.932687983
1035.362961	0.899160015
1037.542251	0.85953598
1044.875757	0.716279971
1047.33849	0.676656009
1052.209188	0.637031974
1059.311043	0.618743991
1059.542694	0.621791988
1066.8762	0.643127968
1071.283596	0.633983977
1074.209706	0.627887983
1081.543212	0.640079971
1083.2592	0.640079971
1088.876643	0.637031974
1095.231753	0.646175965
1096.2132	0.646175965
1103.546706	0.661416023
1107.207357	0.655320029
1110.880212	0.649224035
1118.213643	0.579119993
1119.204243	0.585215987
1125.547149	0.606552003
1131.204255	0.606552003
1132.880655	0.612647997
1140.214161	0.597408012
1143.201141	0.606552003
1147.550643	0.621791988
1154.884149	0.603504006
1155.195051	0.603504006
1162.217655	0.579119993
1167.192012	0.58216799
1169.551161	0.591312017
1176.884592	0.615695994
1179.191949	0.603504006
1184.218098	0.563880007
1191.185859	0.545591988
1191.551604	0.545591988
1198.88511	0.569976001
1203.182745	0.548639985
1206.221592	0.551687983
1213.555098	0.725424035
1215.179706	0.719327968
1220.888604	0.649224035
1227.176592	0.658368026
1228.22211	0.658368026
1235.555541	0.627887983
1239.173553	0.615695994
1242.889047	0.655320029
1250.222479	0.624839985
1251.170514	0.640079971
1257.55911	0.603504006
1263.164423	0.451104006
1264.892616	0.387095994
1272.226121	0.289559996
1275.164286	0.246888001
1279.556502	0.310895994
1286.892984	0.435863984
1287.161321	0.438912017
1294.22649	0.402336016
1299.158208	0.368808012
1301.559996	0.365760015
1308.896479	0.402336016
1311.152118	0.420623999
1316.229984	0.469391988
1323.15198	0.481584013
1323.56349	0.487680007
1330.896996	0.615695994
1335.149016	0.679704006
1338.230502	0.743712017
1345.564008	0.929639985
1347.142777	0.96926402
1352.897514	1.024127968
1359.142788	1.04546402
1360.23102	1.042416023
1367.567502	1.082039985
1371.139823	1.069847997
1374.901008	0.957072032
1382.231388	0.725424035
1383.133584	0.704087983
1389.56802	0.615695994
1395.13062	0.539495994
1396.901377	0.5334
1404.234882	0.48463201
1407.130482	0.48463201
1411.568388	0.487680007
1418.90502	0.481584013
1419.127518	0.481584013
1426.238377	0.451104006
1431.121279	0.423671996
1433.568906	0.387095994
1440.902412	0.225552003
1443.12129	0.201168008
1448.238894	0.271271996
1455.118177	0.365760015
1455.5724	0.377952003
1462.905906	0.612647997
1467.112086	0.716279971
1470.242388	0.691895994
1477.575894	0.658368026
1479.109121	0.652272032
1484.906423	0.640079971
1491.108984	0.606552003
1492.23978	0.612647997
1499.576412	0.640079971
1503.102894	0.670560015
1506.909918	0.646175965
1514.243423	0.524256009
1515.09978	0.515112017
1521.579906	0.402336016
1527.099792	0.329184013
1528.913412	0.320039985
1536.243792	0.274319993
1539.093702	0.246888001
1543.577298	0.219456009
1550.91378	0.329184013
1551.090588	0.335280007
1558.247286	0.58216799
1563.087623	0.774191988
1565.580792	0.862583977
1572.914298	0.807720029
1575.081384	0.798575965
1580.25078	0.768095994
1587.081396	0.734568026
1587.58131	0.737616023
1594.914816	0.670560015
1599.078282	0.579119993
1602.251298	0.487680007
1609.584804	0.496823999
1611.075318	0.502919993
1616.91831	0.502919993
1623.072204	0.566928004
1624.251816	0.573023999
1631.588298	0.576071996
1635.06909	0.58216799
1638.918679	0.576071996
1646.252184	0.527304006
1647.065977	0.521208012
1653.58569	0.481584013
1659.059886	0.329184013
1660.922321	0.246888001
1668.255679	-0.060960001
1671.059898	-0.140208003
1675.589184	-0.115823999
1682.925816	-0.106679998
1683.056784	-0.106679998
1690.256196	-0.137159996
1695.050694	-0.134111999
1697.589702	-0.146303997
1704.923208	-0.131064002
1707.04758	-0.143256
1712.25969	-0.195071996
1719.047592	-0.298704006
1719.593196	-0.307847997
1726.926702	-0.390143991
1731.041502	-0.414528004
1734.260208	-0.435863984
1741.593714	-0.524256009
1743.038388	-0.542543991
1748.92722	-0.569976001
1755.0384	-0.573023999
1756.260577	-0.569976001
1763.597208	-0.527304006
1767.035286	-0.530352003
1770.930714	-0.551687983
1778.26422	-0.58216799
1779.029196	-0.579119993
1785.597577	-0.594360015
1791.026082	-0.615695994
1792.931082	-0.621791988
1800.264588	-0.655320029
1803.026094	-0.716279971
1807.598094	-0.807720029
1814.934577	-0.819912017
1815.020004	-0.822960015
1822.268082	-1.021079971
1827.01689	-1.057656009
1829.601588	-1.063752003
1836.935094	-0.81686402
1839.016902	-0.795527968
1844.2686	-0.688847997
1851.010812	-0.588263984
1851.602106	-0.585215987
1858.935612	-0.521208012
1863.007698	-0.472439985
1866.269118	-0.472439985
1873.6056	-0.50596799
1875.004584	-0.512063984
1880.939106	-0.509015987
1886.998494	-0.554736016
1888.272612	-0.58216799
1895.606118	-0.786383977
1898.998506	-0.829056009
1902.939623	-0.932687983
1910.27298	-1.176527968
1910.995392	-1.200912017
1917.606486	-1.246632047
1922.992279	-1.283208012
1924.943118	-1.2954
1932.276623	-1.29235193
1934.989314	-1.313687983
1939.60998	-1.118616023
1946.943486	-1.200912017
1946.9862	-1.19786402
1954.276992	-1.08813598
1958.983086	-0.950975965
1961.610498	-0.691895994
1968.944004	0.33223201
1970.976996	0.652272032
1976.280486	1.249679971
1982.977008	2.59384807
1983.613992	2.66090386
1990.947498	3.27050386
1994.973894	2.919983977
1998.281004	2.636519884
2005.61451	1.722120029
2006.967804	1.6002
2012.948016	1.08813598
2018.96469	0.737616023
2020.281521	0.682752003
2027.614879	0.624839985
2030.964702	0.588263984
2034.95151	0.6096
2042.285016	0.469391988
2042.958612	0.454152003
2049.618521	0.390143991
2054.955498	0.438912017
2056.951879	0.432815987
2064.285384	0.438912017
2066.95551	0.426719993
2071.61889	0.411480007
2078.952396	0.432815987
	
