	RS=45.553* 
0	2.447543919
6.123432047	3.005327895
9.506712163	3.398519884
12.24686409	3.145535907
18.37029614	2.667
19.00732819	2.615183977
19.98878456	2.551175965
24.49067953	2.243328041
28.51404093	1.956816023
30.61411274	1.911095994
36.73754363	1.780032047
38.01770502	1.74955193
42.86097451	1.706879971
48.87772819	1.6002
48.98135907	1.59715193
55.10784093	1.533144064
59.73775367	1.380744064
61.23127181	1.249679971
67.47052819	0.573023999
74.70343088	0.40843201
81.93633823	0.545591988
89.17228726	0.643127968
96.4051946	0.216407993
100.0993691	-0.320039985
103.6380927	-0.832104006
110.874051	-2.648711872
118.106949	-5.291328186
125.3398564	-8.665464093
132.5727637	-12.08532047
138.9796564	-13.31671158
139.8087127	-13.47825637
147.0416201	-13.87449614
154.2775691	-14.52067181
161.5104765	-14.59077567
168.7403235	-14.56029614
175.9762726	-14.57553591
177.844698	-14.59382433
183.2091892	-14.64259228
190.4451382	-14.69745637
197.6780363	-14.7828
204.9139853	-14.95348842
212.143851	-15.12417567
216.7280363	-15.17599228
219.3798	-15.22476023
226.612698	-15.30705637
233.8456147	-15.40459228
241.0815637	-15.53565637
248.3144618	-15.67891158
255.5473598	-15.99895251
255.5930873	-15.99895251
262.7802765	-16.37690386
270.0162255	-16.71523205
277.2491235	-16.94992819
284.4850726	-17.19376795
291.7179892	-17.54428842
294.4733745	-17.67535251
298.9508873	-17.92833591
306.1837853	-18.43125637
313.416702	-19.01037567
320.652651	-19.54987181
327.885549	-19.96135135
333.3414765	-20.24481544
335.121498	-20.32711274
342.3513451	-20.62581544
349.5872941	-20.79650502
356.8202294	-20.88794363
364.0561784	-21.01900772
371.2890765	-21.08301544
372.2217451	-21.08911274
378.5219745	-21.12873591
385.7548726	-21.21103088
392.9877706	-21.48230502
400.2237196	-21.80844093
407.4566549	-22.24735135
411.102051	-22.44547181
414.6926039	-22.66492819
421.925502	-23.20137684
429.1584	-23.82316912
436.391298	-24.09444093
443.6241961	-24.43276912
449.9701529	-24.77414363
450.8601451	-24.81072047
458.0930804	-25.146
465.3290294	-25.47213591
472.5588765	-25.70378456
479.7948255	-25.90190502
487.0277235	-26.12135907
488.8504216	-26.17622316
494.2636726	-26.25242316
501.4965706	-26.36824865
508.7295059	-26.79496912
515.9624039	-27.49600772
523.195302	-28.21838456
527.7185235	-28.51708726
530.431251	-28.68777684
537.664149	-29.25165637
544.900098	-29.63875135
552.1329961	-30.03804093
559.3658941	-30.73603088
566.5988294	-31.03168726
570.0826726	-30.70555135
573.5665529	-30.39465637
577.0503961	-30.14776912
580.5342765	-29.8704
584.0181196	-29.58693591
586.3773059	-29.37357684
587.502	-29.19984093
590.9858804	-28.67863088
594.4697235	-28.15132819
597.9536039	-27.57220772
601.4343961	-26.99613591
604.9213274	-26.40177684
606.1466294	-26.19146409
608.4021196	-25.85923088
611.886	-25.38374363
615.3698804	-24.94787953
618.8537235	-24.50287181
622.3376039	-24.03652819
625.8214471	-23.55189498
625.9251059	-23.53360772
629.3052902	-23.21661544
632.7892078	-22.90876912
636.273051	-22.68626409
639.7568941	-22.50338456
643.2408117	-22.35403088
645.6943922	-22.25344865
646.7246549	-22.20163088
650.208498	-22.01570502
653.6923412	-21.84806409
657.1762588	-21.65604093
660.660102	-21.45182316
664.1408941	-21.24151274
665.4668039	-21.15921544
667.6277883	-20.8788
671.1086549	-20.41245637
674.592498	-19.95525637
678.0763412	-19.49196023
681.5602588	-19.03476023
685.044102	-18.58670386
685.2452432	-18.55927181
688.5279451	-18.12036023
692.0117883	-17.65706409
695.4957059	-17.23034363
698.979549	-16.82191158
702.4633922	-16.41043205
705.0146039	-16.11477567
705.9473098	-15.99590386
709.4311529	-15.55089614
712.9149961	-15.07845637
716.3957883	-14.57553591
719.8797059	-14.08785637
723.3666	-13.62760772
724.7930432	-13.43558456
726.8473922	-13.19174363
730.3313098	-12.75283205
733.8151529	-12.30477567
737.2989961	-11.86281544
740.7828393	-11.42695251
744.2667568	-11.01547181
744.5624039	-10.98194363
747.7506	-10.5156
751.2344432	-10.00658456
754.7183607	-9.479280116
758.2022039	-8.945880116
761.6860471	-8.436864093
764.3408432	-8.068055791
765.1698902	-8.028432047
765.7460039	-8.001
768.6538078	-7.863839767
772.1346	-7.653528186
775.6214941	-7.488935907
779.1023607	-7.336535907
782.5862039	-7.147560233
784.1102039	-7.065264093
786.073098	-6.979919884
789.5538902	-6.858
793.0378078	-6.687312163
796.521651	-6.315455791
800.0054941	-5.64489614
803.4894117	-5.084064093
803.8886432	-5.038344209
806.9732549	-4.782311872
810.457098	-4.538472105
813.9409412	-4.169664093
817.4248588	-3.65455193
820.908702	-3.133343919
823.6580039	-2.566416023
824.3925451	-2.398775965
827.8763883	-1.591055936
831.3603059	-0.911352003
834.841098	-0.3048
838.3279922	0.176783995
841.8088588	0.432815987
848.0724393	0.70713598
851.6507883	0.874775965
854.3360941	0.868679971
855.9637529	0.85953598
860.596698	0.829056009
861.4897412	0.850391988
866.8603529	1.018031974
871.3286941	1.161287983
873.1209568	1.225295994
879.3815607	1.2954
881.170698	1.310640058
885.6451412	1.551432047
891.009651	1.83184807
891.9057451	1.938528041
898.166349	2.685288128
900.8486039	3.005327895
904.4300039	2.993135907
910.6906078	3.35889614
	
