	RS=180.66* 
0	11.62812047
7.955280116	10.08278456
12.66748842	9.031223744
15.91056023	8.30275193
23.86584093	7.193280116
25.33192819	7.074407721
31.82112047	6.870192279
37.99941544	6.620255791
39.7764	6.568439767
47.73168186	6.053328186
50.66995367	5.894832047
55.68695907	5.498592279
63.33744093	5.148071814
63.64224093	5.132832047
71.59751814	4.80669614
76.00188186	4.669535907
79.5528	4.681727895
87.50808186	4.660391988
88.66936912	4.65429614
95.46336372	4.64210386
101.3399073	4.94995193
103.4155946	5.053583977
111.3739181	6.0198
114.0012927	6.211823744
119.326149	6.592823744
126.6718309	6.537960233
127.2844819	6.544055791
135.2397637	6.672071814
139.3393181	6.77570386
143.1950363	6.918960233
151.1503181	7.299960233
152.0068054	7.327392279
159.102549	7.47064807
164.671251	7.513319884
167.0608726	7.479792279
175.0131127	7.504176256
177.3417892	7.516367953
182.9714363	7.565135907
190.0092765	7.568183977
190.9236765	7.568183977
198.878949	7.498080116
202.6737127	7.47369614
206.8372726	7.452360233
214.7895127	7.437119884
215.3412	7.440167953
222.7478363	7.4676
228.0086873	7.452360233
230.7000765	7.437119884
238.6584	7.351776256
240.6792255	7.324344209
246.6106402	7.24204807
253.3406108	7.23290386
254.5659127	7.23290386
262.5242363	7.184135907
266.011149	7.184135907
270.4764765	7.190232047
278.4348	7.190232047
278.6786363	7.190232047
286.3870402	7.239
291.3430726	7.260335907
294.3453637	7.275576256
302.2975853	7.217664093
304.0105598	7.214616023
310.2528765	7.16584807
316.681098	7.056119884
318.208149	7.028687837
326.1634216	7.062216023
329.3486039	7.050023744
334.1217451	7.046976256
342.0130216	7.01344807
342.0740039	7.01344807
350.0292765	7.025639767
354.6805274	7.071360233
357.984549	7.095744209
365.9398216	7.09269614
367.3479961	7.0866
373.8950941	7.053071814
380.0185529	7.034783977
381.8504039	7.028687837
389.8056765	6.888480116
392.6829706	6.900671814
397.760949	6.93115193
405.3504765	6.982967953
405.7162216	6.986016023
413.6714941	7.025639767
418.0179451	7.120128186
421.6268039	7.202423744
429.5820765	7.147560233
430.6824	7.132319884
437.537349	7.043928186
445.4926216	7.114032047
453.4478941	7.190232047
456.0204255	7.141464093
461.4032039	7.043928186
468.6878941	7.050023744
469.3584765	7.050023744
477.313749	6.970776256
481.352349	6.949439767
485.2690216	6.94029614
493.2242941	6.9342
494.0198549	6.9342
501.1765529	6.964680116
506.6873235	6.961632047
509.1348765	6.964680116
517.090149	7.09269614
519.3517784	7.0866
525.0454216	7.059167953
532.022298	6.973823744
533.0006941	6.961632047
540.9560039	6.992112163
544.6898039	6.998207721
548.9112765	7.01344807
556.863498	7.15975193
557.3572726	7.150607721
564.8218216	6.982967953
570.0217274	6.92810386
572.7740804	6.906767953
580.7324039	6.915912163
582.6891961	6.922007721
588.6876765	6.952487837
595.3597529	6.967728186
596.642949	6.973823744
604.5982216	7.034783977
608.0241706	7.104887837
612.5504804	7.190232047
620.5088039	7.208519884
620.6916765	7.208519884
628.4609883	7.254239767
633.3591451	7.287767953
636.419349	7.31824807
644.3746588	7.208519884
646.026651	7.229855791
652.3298941	7.31215193
658.6911059	7.272528186
660.2852039	7.269480116
668.2373883	7.345680116
671.5353451	7.38530386
676.195749	7.476744209
684.1480078	7.632192279
684.3766078	7.635239767
692.1062941	7.632192279
697.2177961	7.62
700.0585529	7.61695193
708.0168393	7.641335907
710.0560078	7.632192279
715.9507922	7.635239767
722.8971961	7.671816023
723.8847451	7.665719884
730.8890432	7.671816023
731.821749	7.674864093
735.7384588	7.69010386
739.755702	7.717535907
747.6927059	7.659623744
748.5765961	7.635239767
755.6266588	7.516367953
761.4209098	7.598664093
763.5635883	7.61695193
771.4975412	7.641335907
774.262098	7.653528186
779.4345451	7.531607721
787.1003098	7.31824807
787.3654471	7.3152
795.302451	7.251192279
799.941498	7.205471814
803.2364039	7.217664093
812.7827607	7.260335907
819.1073607	7.290816023
825.620898	7.296912163
827.0442902	7.303007721
834.9782432	7.376160233
838.4621607	7.39444807
842.9152471	7.440167953
850.8492	7.54684807
851.3064	7.552944209
858.7831529	7.598664093
864.1475883	7.751064093
866.7171059	7.748016023
874.6541098	7.379207721
876.9858	7.220712163
882.5879883	6.760464093
889.8269883	6.614160233
891.009651	6.434328186
895.353051	5.553455791
900.8790393	3.563111872
904.4665412	2.499359942
906.405102	1.67335193
911.9341412	-0.371856009
917.4602039	-2.258567953
917.9265568	-2.410967953
922.9861922	-4.526280116
928.5122549	-6.486144209
931.3834471	-7.382255791
934.0382432	-8.339328186
939.5643059	-10.41501544
944.8404117	-12.53337567
945.0902941	-12.58823977
950.6194078	-13.63370386
956.1453961	-14.69745637
958.294251	-15.10893591
961.6714588	-15.76730386
967.1974471	-16.57197567
971.7511412	-17.24558456
972.7235098	-17.34312047
978.249498	-17.80336795
983.7755607	-18.36724749
985.2111568	-18.49221544
989.3046	-18.80920772
994.8305883	-19.25116795
998.6680471	-19.55596912
1000.356651	-19.68703088
1005.882639	-20.193
1011.408702	-20.71115907
1012.125012	-20.77821544
1016.93469	-21.06777684
1022.460753	-21.39086409
1025.584953	-21.54326409
1027.986741	-21.57984093
1033.515855	-21.6408
1039.041843	-21.69261544
1047.244059	-21.61641544
1050.660855	-21.54935907
1055.449251	-21.43048726
1062.276741	-21.26284865
1063.648341	-21.22932047
1071.850557	-21.08911274
1073.895753	-21.06167953
1080.052698	-20.95195135
1085.51469	-20.84832047
1088.25789	-20.79345637
1096.460106	-20.68677684
1097.133702	-20.68982316
1104.662247	-20.71420772
1108.75569	-20.7264
1112.864388	-20.73554363
1120.371651	-20.70811274
1121.069655	-20.70811274
1129.271796	-20.67153591
1131.990588	-20.64410502
1137.474012	-20.61362316
1143.6096	-20.55571274
1145.676153	-20.52827953
1153.878294	-20.55266409
1155.228612	-20.54961544
1162.08051	-20.42464865
1166.844498	-20.23567181
1170.282651	-20.13813591
1178.46351	-19.70836912
1178.487843	-19.70532047
1186.690059	-19.60778456
1190.085498	-19.47672047
1194.8922	-19.28774363
1201.70451	-18.98294363
1203.094341	-18.90674363
1211.299608	-18.40382433
1213.323447	-18.25447181
1219.498698	-17.77288842
1224.939408	-17.30044749
1227.700839	-17.07184749
1235.906106	-16.50187181
1236.558345	-16.46224749
1244.108247	-16.01114363
1248.177357	-15.82216795
1252.310388	-15.60271158
1259.796294	-15.43507181
1260.512604	-15.41983205
1268.717796	-15.27962433
1271.418282	-15.13941544
1276.920012	-14.84376023
1283.034318	-14.49323977
1285.122079	-14.39875251
1293.348702	-14.07871158
1294.65318	-14.04518456
1301.575177	-13.89887953
1306.272192	-13.84706409
1309.798823	-13.80439228
1317.891204	-13.86230386
1318.028423	-13.86535251
1326.251921	-13.75257567
1329.50709	-13.69161544
1334.481521	-13.60322433
1341.126102	-13.58493591
1342.70502	-13.58188842
1350.93462	-13.42034363
1352.74809	-13.34414363
1359.161094	-13.07896795
1364.367102	-12.81683977
1367.384592	-12.67053591
1375.614192	-12.34135251
1375.986114	-12.32611158
1383.83769	-12.05179228
1387.602	-12.00607181
1392.06729	-11.95425637
1399.221012	-11.74089614
1400.290788	-11.71041544
1408.520388	-11.51534363
1410.840023	-11.53058456
1416.743886	-11.60678456
1422.45591	-11.78356795
1424.97051	-11.87500772
1433.196984	-12.41145637
1434.077898	-12.46327181
1441.423608	-12.83817567
1445.69691	-13.08811158
1449.653208	-13.30756795
1457.315921	-13.76476795
1457.876706	-13.79829614
1466.106306	-14.18539228
1468.934784	-14.36522433
1474.329804	-14.69745637
1480.553796	-15.34972819
1482.556279	-15.5448
1490.782902	-16.28851158
1492.169682	-16.38604749
1499.009377	-16.84934363
1503.788694	-17.19681544
1507.236	-17.42846409
1515.407706	-17.77288842
1515.462623	-17.77593591
1523.689098	-17.93138456
1527.029694	-17.98624749
1531.915721	-17.91614363
1538.64558	-17.74240772
1540.142196	-17.70887953
1548.36882	-17.44675251
1550.264592	-17.35226409
1556.595294	-16.80972047
1561.883604	-16.06905637
1564.821918	-15.67281544
1573.048392	-14.52676795
1573.502616	-14.48104749
1581.275016	-13.76172047
1585.118502	-12.82598456
1589.50149	-11.56716023
1596.737514	-9.000744209
1597.728114	-8.668512163
1605.954588	-6.31850386
1608.359502	-5.49249614
1614.181212	-3.685032047
1619.963184	-1.996440058
1622.407686	-1.365504006
1630.63431	-0.469391988
1631.560914	-0.399287983
1638.860784	0.243840004
1643.164596	0.606552003
1647.087408	0.883920029
1654.765302	1.325879971
1655.310906	1.356359942
1663.540506	1.816608012
1666.368984	1.932432047
1671.764004	2.170175965
1677.972816	2.606040058
1679.993604	2.727959942
1688.217102	3.633216023
1689.573521	3.761232047
1696.446702	4.431791988
1701.177204	4.858511872
1704.673177	5.236464093
1712.780886	5.605271814
1718.136318	5.775960233
1723.4916	5.843016023
1726.594518	5.87349614
1728.850008	5.7912
1734.20529	5.586983977
1739.563698	5.41629614
1740.410977	5.288280116
1744.91898	4.27329614
1750.277388	3.553967953
1754.221482	3.368040058
1755.629694	3.489959942
1760.988102	3.645408012
1766.343384	3.544824035
1768.03809	3.535680116
1771.701792	3.566159942
1777.057223	3.755135907
1781.851721	3.95935193
1782.412506	3.983735907
1787.770914	4.322064093
1793.126196	4.700016023
1795.665204	4.867656081
1798.484604	5.068823744
1803.839886	5.303519884
1809.195318	5.4102
1809.478686	5.41629614
1814.553577	5.419344209
1819.909008	5.434583977
1823.289192	5.462016023
1825.267416	5.468112163
1830.622698	5.614416023
1835.97798	5.907023744
1837.1058	5.94969614
1841.333412	5.952744209
1846.69182	5.87044807
1850.922408	5.79729614
1852.047102	5.78815193
1857.40551	5.650992279
1862.760792	5.48944807
1864.732914	5.440680116
1868.116223	5.394960233
1873.474482	5.33095193
1878.549521	5.352287837
1878.829914	5.355335907
1884.188321	5.364480116
1889.543604	5.385816023
1892.363004	5.419344209
1894.898886	5.495544209
1900.257294	5.510783977
1905.612577	5.583935907
1906.17351	5.599176256
1910.970984	5.663183977
1916.32329	5.748528186
1919.990118	5.79729614
1921.681698	5.824728186
1927.03698	5.907023744
1932.395388	5.971032047
1933.806577	5.989319884
1937.75082	6.007607721
1943.106102	6.02589614
1947.617082	6.047232047
1948.46451	6.047232047
1953.819792	6.071616023
1957.401192	6.077712163
1959.1782	6.083807721
1961.430714	6.096
1964.533482	6.117335907
1969.89189	6.144767953
1975.247321	6.230112163
1980.602604	6.339839767
1985.957886	6.333744209
1989.057679	6.355080116
1991.316294	6.373367953
1996.671577	6.39775193
2002.027008	6.409944209
2002.874286	6.385560233
2006.455686	6.281928186
2007.385416	6.25449614
2012.740698	6.278880116
2016.690894	6.291071814
2018.099106	6.312407721
2023.454388	6.388607721
2028.80982	6.47090386
2030.5014	6.510528186
2034.168079	6.641592279
2039.52351	6.909816023
2044.314882	7.181087837
2044.878792	7.211567953
2050.234223	7.379207721
2055.592482	7.400544209
2058.13149	7.412735907
2060.947914	7.39444807
2066.306321	7.363967953
2071.661604	7.373112163
2071.941996	7.376160233
2077.020012	7.360919884
2082.375294	7.363967953
2085.758604	7.376160233
2087.730577	7.38835193
2093.088984	7.424928186
2098.444416	7.476744209
2099.572086	7.491983977
2103.799698	7.501128186
2109.15498	7.4676
2113.385718	7.485887837
2114.513388	7.4676
2119.86882	7.342632047
2125.227079	7.211567953
2127.1992	7.187183977
2130.58251	7.23595193
2135.937792	7.351776256
2141.015808	7.357871814
2141.2962	7.360919884
2146.651482	7.421880116
2152.00989	7.519416023
2154.826314	7.555992279
2157.365321	7.552944209
2162.720604	7.525512163
2168.075886	7.54075193
2168.642921	7.53770386
2173.434294	7.458455791
2178.789577	7.373112163
2182.456404	7.327392279
2184.145008	7.330439767
2189.503416	7.357871814
2194.858698	7.373112163
2196.269886	7.345680116
2200.217106	7.449312163
2205.572388	7.516367953
2210.083518	7.559039767
2210.930796	7.62304807
2216.283102	8.266176256
2221.64151	9.116567953
2223.899977	9.576816023
2226.996792	9.954767953
2232.3552	10.71372047
2237.710482	11.10691158
	
