	RS=58.710* 
0	3.605783977
6.86104807	3.526535907
13.72209614	2.075687983
20.58314363	2.1336
25.16428726	2.334767953
27.44114363	2.3622
34.29914363	2.414016023
41.16018995	2.398775965
48.02124093	2.322575965
50.32857451	2.301240058
54.88228726	2.231136052
61.74333823	2.121408012
68.60133823	1.97815193
75.46238456	1.810512017
75.49286177	1.810512017
82.32343088	1.74955193
89.18448186	1.67335193
96.04248186	1.591055936
100.657149	1.530095994
102.9035235	1.493520029
109.7615235	1.481328041
116.6225745	1.453895994
123.4836255	1.344167953
124.2212363	1.301495994
132.588	0.35356799
133.0238618	0.320039985
140.9578054	-0.1524
142.5610564	-0.219456009
149.3276201	-0.612647997
152.1012927	-0.804672032
157.6943745	-1.341120029
161.6415382	-1.712975965
166.0641892	-2.2098
171.1756726	-2.74015193
174.4339853	-3.112008012
180.7159274	-3.88010386
182.800749	-4.066032047
190.2531127	-4.934712163
191.1705637	-5.007864093
199.5373274	-5.535167953
199.793349	-5.55650386
207.9071235	-6.239255791
209.3335853	-6.297167953
216.2769382	-6.62635193
218.8707892	-6.736080116
224.643702	-7.040880116
228.4079745	-7.23595193
233.013498	-7.528560233
237.9482108	-7.821167953
241.3802618	-8.001
247.4854147	-8.37895193
249.7500765	-8.549639767
257.025651	-9.186671814
258.1198726	-9.29030386
266.4866363	-10.10716795
266.5658873	-10.11631158
274.8534	-10.93622433
276.1030726	-11.05814363
283.2262471	-11.71956023
285.6433274	-11.94206409
291.5930108	-12.37792819
295.1774618	-12.60957567
299.9597745	-12.92352047
304.717698	-13.23746409
308.3295892	-13.45387181
314.2579529	-13.76781544
316.6994039	-13.88059228
323.7951196	-14.18539228
325.0692	-14.23720772
333.3353745	-14.59992047
333.4359451	-14.60296795
341.8027274	-14.99920772
342.8756294	-15.05407181
350.1725235	-15.45945637
352.4127961	-15.59356795
358.5423196	-16.02638456
361.95	-16.22145637
366.909102	-16.37080772
371.4902549	-16.49272819
375.278898	-16.62988842
381.0274216	-16.83715251
383.6456804	-16.88896795
390.5676765	-17.02612819
392.0185274	-17.05356023
400.1048804	-17.2974
400.3852726	-17.30654363
408.7520549	-17.50161544
409.645098	-17.51990386
417.121851	-17.69059228
419.1853529	-17.73936023
425.4916471	-17.94662433
428.7195059	-18.04720772
433.8584294	-18.22399228
438.2597235	-18.38858456
442.2282255	-18.50745637
447.7999784	-18.69033591
450.5949706	-18.76653591
457.3371451	-18.91588842
458.9648039	-18.94636795
466.8774	-19.17496795
467.3346	-19.19020772
475.7013451	-19.51329498
476.4176549	-19.54682316
484.0711784	-19.91867953
485.9548216	-19.99487953
492.4379235	-20.23872047
495.4920255	-20.39721544
500.8077196	-20.69592047
505.0292294	-20.88489498
509.1775529	-21.04339228
514.5694471	-21.21407953
517.544298	-21.36952819
524.109702	-21.67737684
525.9140941	-21.80539228
533.6469059	-22.33574363
534.2839274	-22.38451274
542.6506726	-23.0124
543.1871235	-23.05202316
551.0205059	-23.50312819
552.7273784	-23.60980772
559.387251	-23.9268
562.2614941	-24.11272819
567.7570471	-24.41447953
571.801749	-24.55164093
576.1268804	-24.72537684
581.3420039	-24.97531274
584.4936255	-25.15514363
590.8791706	-25.49042316
592.8634216	-25.6032
600.4194255	-26.02992047
601.2302039	-26.08478456
609.6	-26.69743088
609.9566294	-26.72486409
617.9697961	-27.28264865
619.4968471	-27.38323088
626.3365412	-27.76423088
629.034051	-27.91967953
634.7033607	-28.24886409
638.5712549	-28.50184865
643.0762078	-28.80969498
648.1115098	-29.15716912
651.4429529	-29.40710502
657.6516902	-29.7942
659.812749	-29.92831274
667.1888941	-30.27883088
668.1794941	-30.3276
676.5492902	-30.84575907
676.729149	-30.85795135
684.9191607	-31.37611274
686.2694039	-31.45840772
693.2859059	-31.92170502
695.8035568	-32.08934363
701.655702	-32.50082316
705.3438117	-32.74161544
710.0224471	-32.96412047
714.8809412	-33.17747953
718.3922432	-33.27196912
724.4211961	-33.41217684
726.7620393	-33.47313591
733.961451	-33.67125637
735.1288588	-33.68649498
743.4986549	-34.17722316
752.3652393	-33.73526409
753.1485961	-33.68954363
761.2288471	-32.93668726
762.7986117	-32.75990502
770.0985568	-32.21735907
772.4516039	-31.96437684
778.9651412	-31.33039228
782.1015451	-31.1658
787.8318	-30.83052047
791.7515607	-30.52572047
796.6984588	-30.12338456
801.4045529	-29.2608
805.5650432	-28.48660772
811.0544941	-27.28264865
814.431702	-26.47492819
820.7075607	-25.61539228
823.2983607	-25.25572819
830.357502	-24.51201544
832.1618941	-24.29865637
840.0074432	-23.49703088
841.0285529	-23.37511274
849.6605098	-22.01875135
849.8952117	-21.98217684
858.7617961	-20.56180772
859.310451	-20.45817684
867.6284549	-19.03171158
868.9634432	-18.76348842
876.4950393	-16.93468842
878.6134588	-16.42262433
885.361698	-14.94434363
888.2634	-14.21892047
894.2283568	-12.93876023
897.9163922	-11.98778456
903.0949412	-10.69238456
907.5664078	-9.396983977
911.9616	-8.177783977
916.7835568	-6.675119884
917.216349	-6.541007721
918.5543883	-6.144767953
920.8282588	-5.471160233
926.8693412	-3.35584807
928.6738078	-2.7432
936.5193568	1.176527968
944.038749	1.914144064
945.5413922	1.926336052
951.5581412	1.798320029
954.563502	1.761744064
959.0745568	1.844040058
963.5885883	1.871471959
966.593949	2.118359942
972.610698	2.651759942
974.1133412	2.700527895
981.6328078	3.072383977
	
